data/gpsIIR_gridfiles/GPSIIRnonapShroudY-R100-Q50W50S0.grd
DSAA
361 181
-180 180
-90 90
-3.5245714920859E-008 3.544718437806E-008
[rows 34 to 50 of 181, columns 39 to 77 of 361]
1.191459459726598e-008 1.213970372694785e-008 1.234641581892627e-008 1.256179893442181e-008 1.279466067805596e-008 1.302005638382095e-008 1.325611409847357e-008 1.351201864136412e-008 1.379868016072332e-008 1.412001009143329e-008 1.443997616603533e-008 1.472560514589487e-008 1.499222955404639e-008 1.525054436752469e-008 1.54936380560727e-008 1.572823603119976e-008 1.594797137399655e-008 1.616063679014716e-008 1.637022930747771e-008 1.657726206435533e-008 1.678067866700292e-008 1.697371832797896e-008 1.715503268727711e-008 1.732822866263036e-008 1.74915207878165e-008 1.764280386677802e-008 1.778722380284442e-008 1.792457679334138e-008 1.805116828945197e-008 1.816823516534643e-008 1.82800755708461e-008 1.838406374184149e-008 1.847919299903208e-008 1.856734872405064e-008 1.86526236392478e-008 1.873167645712632e-008 1.880237958257768e-008 1.886438588826091e-008 1.891895787808715e-008
1.228152335946332e-008 1.251656919828368e-008 1.273556900998527e-008 1.296426665840458e-008 1.31953628709816e-008 1.342184008772362e-008 1.36648814226818e-008 1.393654472833368e-008 1.423757373240139e-008 1.456873975906373e-008 1.488192559556323e-008 1.517407097908297e-008 1.545561916638247e-008 1.572272890793133e-008 1.597333763063578e-008 1.620993084053156e-008 1.643295808734525e-008 1.665165647541146e-008 1.687160753711854e-008 1.708791137935057e-008 1.730024002462106e-008 1.749790028484585e-008 1.768316553796269e-008 1.7862032175168e-008 1.80307449015178e-008 1.818715680635444e-008 1.83349228744445e-008 1.847673128050136e-008 1.860755216060754e-008 1.872569620312149e-008 1.883900081436297e-008 1.894631759228236e-008 1.904297873318551e-008 1.913221184664755e-008 1.921922937663224e-008 1.92979816826544e-008 1.936708115807733e-008 1.943006229274039e-008 1.948630232865514e-008
1.265079635177816e-008 1.289406139360803e-008 1.312283951750778e-008 1.336349349154533e-008 1.359773139952976e-008 1.382106028044348e-008 1.407002251576081e-008 1.43502985187633e-008 1.467219510860803e-008 1.501283633546388e-008 1.532863674418257e-008 1.562420510005225e-008 1.591824487965756e-008 1.619069946263951e-008 1.644840897489252e-008 1.668757184760243e-008 1.691412482749145e-008 1.713829082140734e-008 1.736751402690398e-008 1.759418373413104e-008 1.781270024202739e-008 1.801566973212002e-008 1.820843703040968e-008 1.839116734882818e-008 1.856193657056839e-008 1.872571979031878e-008 1.887928665176672e-008 1.902168456121588e-008 1.915567929263431e-008 1.927924906750641e-008 1.939351315985837e-008 1.950070863148151e-008 1.960030213648832e-008 1.969202239908258e-008 1.97786164653292e-008 1.985724553318748e-008 1.992658402566579e-008 1.999050931656845e-008 2.00469356957528e-008
1.301551193793419e-008 1.327041387825539e-008 1.351619123125842e-008 1.375773907828777e-008 1.398760916666481e-008 1.421513570029522e-008 1.447892003171691e-008 1.477581031955723e-008 1.510819711837059e-008 1.544247065744816e-008 1.576237458687583e-008 1.60777967481767e-008 1.638269035267341e-008 1.665971663972892e-008 1.691714544303998e-008 1.71575578623788e-008 1.739378067079321e-008 1.762954029767986e-008 1.786438875571437e-008 1.809491546669916e-008 1.831453556743571e-008 1.852597521940654e-008 1.872909778396453e-008 1.891749384376125e-008 1.909161946035261e-008 1.925982619197419e-008 1.941848670728886e-008 1.95627729025662e-008 1.969823155315687e-008 1.982656897205504e-008 1.994382644192367e-008 2.005042747269175e-008 2.015108427079065e-008 2.024474633025018e-008 2.033053026723122e-008 2.040862385780977e-008 2.047892883956522e-008 2.054416119681748e-008 2.060285083074491e-008
1.337986931786059e-008 1.364539308595833e-008 1.390358658975056e-008 1.415594217042337e-008 1.437531011535918e-008 1.460585197599301e-008 1.487710284783942e-008 1.519291561998969e-008 1.553667893835697e-008 1.587437092513248e-008 1.619772369775415e-008 1.653078710303426e-008 1.684160387896589e-008 1.712460392735654e-008 1.738310281301996e-008 1.762473571522966e-008 1.786692277050873e-008 1.811282236085895e-008 1.835428007583096e-008 1.858928111044515e-008 1.881268307476209e-008 1.903172750307844e-008 1.924105739413853e-008 1.943442501341028e-008 1.961455188692269e-008 1.9785868576402e-008 1.994767674835388e-008 2.009729010743218e-008 2.023552756168819e-008 2.036526352937004e-008 2.048639042149285e-008 2.059578001528127e-008 2.069590488278988e-008 2.079065205240121e-008 2.087824171154021e-008 2.095588523746901e-008 2.102590982342943e-008 2.109234488314933e-008 2.115295432194281e-008
1.374220028019886e-008 1.402113455507926e-008 1.42805761992672e-008 1.452408312033701e-008 1.475462636574899e-008 1.501287719349411e-008 1.529372298810641e-008 1.561062658851896e-008 1.594232194518929e-008 1.629383105621566e-008 1.664683099970764e-008 1.698500839961513e-008 1.729003584230496e-008 1.757559707850212e-008 1.784310998376883e-008 1.809893860735982e-008 1.834474168419109e-008 1.859015866411552e-008 1.883360558313012e-008 1.907515100432908e-008 1.930909055083844e-008 1.953079566579734e-008 1.974170881085072e-008 1.994055977805174e-008 2.01273612248479e-008 2.030344044653699e-008 2.046877723161727e-008 2.062380273548916e-008 2.076634215579145e-008 2.089806805145586e-008 2.102225017982247e-008 2.113556858022163e-008 2.123758024483908e-008 2.133373322865821e-008 2.142186225851553e-008 2.149978632743881e-008 2.15709236658204e-008 2.163620880586295e-008 2.169607710677941e-008
1.410057754603876e-008 1.439068035929602e-008 1.465942269269569e-008 1.489368309002901e-008 1.513002474763668e-008 1.540753098181948e-008 1.56988189680536e-008 1.60202372700431e-008 1.63473092401474e-008 1.671150016150671e-008 1.709101144536978e-008 1.74329379273251e-008 1.773862831963965e-008 1.80245900480699e-008 1.82976274627911e-008 1.85650450973353e-008 1.881447089939319e-008 1.906048338277744e-008 1.930762910513202e-008 1.955551805654045e-008 1.979859339519194e-008 2.002314329508527e-008 2.023676908018986e-008 2.044079320814313e-008 2.063234045668511e-008 2.081343141326528e-008 2.098329523996407e-008 2.114226126275034e-008 2.12892388028373e-008 2.142431155436494e-008 2.155061618021923e-008 2.166753076133237e-008 2.177300937392393e-008 2.18692980095678e-008 2.195852567256683e-008 2.203793552938033e-008 2.21082694484425e-008 2.217244002851118e-008 2.223302564739518e-008
1.445217062411128e-008 1.474261278237208e-008 1.501800621324556e-008 1.5274697884389e-008 1.551437276715217e-008 1.578351577430547e-008 1.608627801742645e-008 1.642322766590624e-008 1.677329767128344e-008 1.71312408369688e-008 1.750880845369431e-008 1.786293937318339e-008 1.818316260486493e-008 1.847500173917547e-008 1.875234527781307e-008 1.902328776846731e-008 1.927842246808792e-008 1.952715003585157e-008 1.977684537125663e-008 2.002848606459401e-008 2.02749959034408e-008 2.050562578066374e-008 2.072539646437967e-008 2.093435856037884e-008 2.113047308562899e-008 2.131607374680479e-008 2.14903757368266e-008 2.165312271903048e-008 2.180432297572614e-008 2.194329036170762e-008 2.20722260116655e-008 2.219235344943e-008 2.2302110444455e-008 2.240232039024726e-008 2.249116335833619e-008 2.256991143642692e-008 2.264108425036795e-008 2.270549310817827e-008 2.276426582713623e-008
1.479822575920471e-008 1.509386859472136e-008 1.537965149108133e-008 1.565337231432852e-008 1.588840145707339e-008 1.615111750742438e-008 1.646669612494766e-008 1.682049979879312e-008 1.71885564552323e-008 1.754214910407901e-008 1.792759230791635e-008 1.829717859155002e-008 1.862307979165432e-008 1.891914365944336e-008 1.919862834835364e-008 1.947609971103425e-008 1.973591045263997e-008 1.998647752680569e-008 2.023960009692047e-008 2.049710402691945e-008 2.074906507600867e-008 2.098450595440323e-008 2.120861970290235e-008 2.142221413868734e-008 2.162188368496336e-008 2.18118728783692e-008 2.199049349825607e-008 2.215716010990444e-008 2.231285540224209e-008 2.245556338114694e-008 2.2585881431698e-008 2.271076427776357e-008 2.282401476048209e-008 2.292518944380582e-008 2.301613983362887e-008 2.309507799030866e-008 2.316440651363494e-008 2.32294948455497e-008 2.328765829659443e-008
1.513799101500812e-008 1.544589120971946e-008 1.574019399080033e-008 1.600944839968916e-008 1.6255138834807e-008 1.653862687692987e-008 1.685763741478302e-008 1.720981646112045e-008 1.757287103682745e-008 1.795294164813173e-008 1.83513083387418e-008 1.871534016651906e-008 1.904774192693652e-008 1.935463631791859e-008 1.964679834630929e-008 1.992335851624544e-008 2.01844337058294e-008 2.044490681513495e-008 2.070501816692125e-008 2.096476525695065e-008 2.121496829537451e-008 2.145659451359682e-008 2.168879879306679e-008 2.190626598778836e-008 2.210921711859139e-008 2.230129348097397e-008 2.24828475313445e-008 2.26549242874041e-008 2.281614640628632e-008 2.296392398291692e-008 2.309806786571529e-008 2.322568805255228e-008 2.334045842422558e-008 2.344077259400697e-008 2.353345917922111e-008 2.361530727307277e-008 2.368379527994387e-008 2.374711987463274e-008 2.380302885028816e-008
1.547259067612283e-008 1.579268320245868e-008 1.61040954770494e-008 1.636956534801063e-008 1.661223851599742e-008 1.690884621310825e-008 1.72372340995293e-008 1.759563172003031e-008 1.795555490667167e-008 1.835421827123117e-008 1.877195346148859e-008 1.913687461662449e-008 1.947174208437633e-008 1.978382570735012e-008 2.008544584060068e-008 2.036664783923255e-008 2.062779664678814e-008 2.089498947822475e-008 2.116358527257514e-008 2.142686726796908e-008 2.167815454119244e-008 2.192447292737012e-008 2.216297138499025e-008 2.238374060198941e-008 2.258993446155367e-008 2.27840499865215e-008 2.296829640007916e-008 2.314591016840568e-008 2.331112981203272e-008 2.346214965145044e-008 2.360094827531149e-008 2.372994202114329e-008 2.384643352182762e-008 2.394869236744351e-008 2.404152234433745e-008 2.412474612390271e-008 2.419412622016767e-008 2.425527131332262e-008 2.43100166764975e-008
1.580302830380325e-008 1.612803598507485e-008 1.643743120620595e-008 1.672660622648574e-008 1.698285850961013e-008 1.72709995927965e-008 1.760296464997129e-008 1.797500388183346e-008 1.835833770609307e-008 1.875349468934308e-008 1.916884740244823e-008 1.954768100470371e-008 1.989334940190043e-008 2.02126983745432e-008 2.051727400884919e-008 2.080517994074991e-008 2.107527804211352e-008 2.134747343881314e-008 2.161724654317404e-008 2.188298755791151e-008 2.213912508085354e-008 2.238818733357655e-008 2.262743530100369e-008 2.285162353168143e-008 2.306407334552867e-008 2.326412241498313e-008 2.345218295431978e-008 2.36302464893305e-008 2.379740244883618e-008 2.395117432471094e-008 2.409347951646358e-008 2.422435420892112e-008 2.434222621295595e-008 2.444658991487205e-008 2.4539758481393e-008 2.462345215060464e-008 2.469477806375811e-008 2.475698513257267e-008 2.480986511789222e-008
1.612594958084947e-008 1.645980445882197e-008 1.677662916204713e-008 1.708585226174733e-008 1.734222980532293e-008 1.761681873647956e-008 1.796072203222847e-008 1.835015905258468e-008 1.875052717754441e-008 1.914523453855895e-008 1.9571092883089e-008 1.995986821251445e-008 2.031058492263794e-008 2.06341086526752e-008 2.094104095116957e-008 2.123748795893843e-008 2.151240201679587e-008 2.178855542123745e-008 2.206444580411008e-008 2.233411669989524e-008 2.259272647436263e-008 2.284717731830604e-008 2.308761171735801e-008 2.331379115489091e-008 2.353179810010006e-008 2.373458941135213e-008 2.392534849012511e-008 2.41057303276366e-008 2.427481731847173e-008 2.443102936399707e-008 2.457639265017965e-008 2.470948851784054e-008 2.483023306462049e-008 2.493624545510974e-008 2.502936422786924e-008 2.511572372803516e-008 2.518757560375015e-008 2.524927584842129e-008 2.530196784614825e-008
1.644566361718863e-008 1.679046807062743e-008 1.710748046480468e-008 1.740588035925554e-008 1.769870226538362e-008 1.799429827448616e-008 1.833008110466872e-008 1.870794230374011e-008 1.912955690163885e-008 1.955970821213031e-008 1.996842851143421e-008 2.035990896195344e-008 2.072622484951873e-008 2.105653694512241e-008 2.13620064042388e-008 2.16600037020792e-008 2.194595098808022e-008 2.222638962828466e-008 2.25059513134037e-008 2.277965972180362e-008 2.304836474904721e-008 2.330429885808844e-008 2.354542595198355e-008 2.377699214604111e-008 2.399425644124695e-008 2.419757712287862e-008 2.439086439448832e-008 2.457203005892576e-008 2.474161532377054e-008 2.490006673418991e-008 2.504971313927506e-008 2.518721094031234e-008 2.531086542152979e-008 2.541956685601069e-008 2.551673859511952e-008 2.560282839140794e-008 2.567433244547797e-008 2.573621255466337e-008 2.578707899947072e-008
1.675892653825487e-008 1.711586410914342e-008 1.743880336360808e-008 1.773033104046e-008 1.80475381765529e-008 1.835461799084643e-008 1.868179015095788e-008 1.905640417350146e-008 1.950373781168448e-008 1.996265201819783e-008 2.03602775814557e-008 2.075753099961017e-008 2.113225899955536e-008 2.146774794300162e-008 2.177156032043324e-008 2.207223309278489e-008 2.236778381035246e-008 2.265288781768449e-008 2.293577567762926e-008 2.321664716423195e-008 2.34928017984284e-008 2.375002023628694e-008 2.399491742957576e-008 2.422754873145717e-008 2.444642263474487e-008 2.465114474339923e-008 2.484542617417663e-008 2.502834460170517e-008 2.519952034672078e-008 2.535956362184909e-008 2.551385485784561e-008 2.565476840151232e-008 2.578075527352656e-008 2.589279518361419e-008 2.599171205034817e-008 2.607993898780931e-008 2.615254543530047e-008 2.621334139886823e-008 2.626448305707324e-008
1.706062790961486e-008 1.742108430982173e-008 1.775678028078542e-008 1.807420789739742e-008 1.837518288580137e-008 1.868512398541396e-008 1.903926812765655e-008 1.943576008759409e-008 1.986516695168403e-008 2.030944055440887e-008 2.074096444693863e-008 2.114238875812813e-008 2.151516696123815e-008 2.185742416083216e-008 2.217810452210887e-008 2.247901915218511e-008 2.277419171524212e-008 2.306861735626057e-008 2.335884583778268e-008 2.364284871729818e-008 2.391969250839164e-008 2.418592656378115e-008 2.443465945103651e-008 2.466681228403578e-008 2.488805879570561e-008 2.509487432018362e-008 2.528854530258359e-008 2.547291900726839e-008 2.564943771415446e-008 2.581695344216204e-008 2.597143068426135e-008 2.611126701978189e-008 2.623951812802082e-008 2.63555146367173e-008 2.64595084663808e-008 2.655150361048845e-008 2.662383041124335e-008 2.66828924416307e-008 2.673388819852788e-008
1.735398762629431e-008 1.772488788917614e-008 1.807230963381023e-008 1.841281583092727e-008 1.869990802863802e-008 1.900333953777803e-008 1.937741944149956e-008 1.979504085836643e-008 2.021727539784009e-008 2.066066159710778e-008 2.111739919046362e-008 2.151895817520596e-008 2.189346922969338e-008 2.223858175711781e-008 2.257099659637906e-008 2.287308933391996e-008 2.316889751714382e-008 2.347284309927822e-008 2.377044177899336e-008 2.405639062162172e-008 2.433809852466748e-008 2.461091377758446e-008 2.486169263370815e-008 2.509530484761428e-008 2.531817806587524e-008 2.552733638788213e-008 2.572123291570101e-008 2.590739572226133e-008 2.608765772089634e-008 2.62608193824365e-008 2.641667485273803e-008 2.655685636543301e-008 2.668764570226457e-008 2.680676950447461e-008 2.691541300630593e-008 2.701051453431476e-008 2.708434164107759e-008 2.71430331169792e-008 2.719556263224983e-008
