data/gpsIIR_gridfiles/GPSIIRnapShroudZ-R100-Q43W19S0.grd
DSAA
361 181
-180 180
-90 90
-2.8840487393059E-008 2.9294798529163E-008
[rows 119 to 135 of 181, columns 152 to 189 of 361]
-1.498985370142147e-008 -1.493821486646095e-008 -1.487542449856761e-008 -1.480544654559622e-008 -1.473145935382392e-008 -1.464867871470201e-008 -1.455912865298643e-008 -1.4454058917809e-008 -1.431518358509098e-008 -1.421070086083938e-008 -1.413496702943202e-008 -1.405247832463547e-008 -1.395851966911031e-008 -1.385789893631104e-008 -1.376129223717157e-008 -1.366211008663733e-008 -1.358147728696532e-008 -1.352042931780638e-008 -1.345665410782781e-008 -1.338777164454629e-008 -1.332462481885745e-008 -1.326512269844707e-008 -1.322132960842626e-008 -1.316459795467861e-008 -1.307837034532682e-008 -1.299670439700826e-008 -1.293398397175417e-008 -1.285933007539447e-008 -1.284383120614064e-008 -1.287200762460983e-008 -1.291308454258797e-008 -1.299294644369068e-008 -1.30928152449225e-008 -1.317793466899205e-008 -1.327612016256306e-008 -1.336988050070567e-008 -1.346426117709367e-008 -1.355529679250079e-008
-1.549360560318959e-008 -1.543928406088246e-008 -1.537583832498341e-008 -1.530428860801412e-008 -1.523026654984739e-008 -1.514663689554933e-008 -1.505510645363121e-008 -1.494581755109344e-008 -1.481842717134286e-008 -1.471537074204558e-008 -1.463641613272075e-008 -1.455155416678093e-008 -1.446227318624965e-008 -1.436236697228623e-008 -1.425751297649012e-008 -1.415124913625761e-008 -1.407370848362858e-008 -1.401648840964965e-008 -1.395221681277584e-008 -1.388137436778025e-008 -1.381421638893678e-008 -1.375702567447629e-008 -1.371076218838328e-008 -1.365080291860087e-008 -1.356931009439794e-008 -1.349139299936384e-008 -1.342586771854243e-008 -1.336496030234238e-008 -1.334742374879801e-008 -1.337124275549571e-008 -1.341189807429728e-008 -1.348680218040397e-008 -1.357746327432656e-008 -1.366684801087286e-008 -1.376618013282373e-008 -1.386126245021007e-008 -1.395692349394563e-008 -1.405027127221944e-008
-1.599024787850093e-008 -1.59307423737068e-008 -1.586535933952155e-008 -1.579198501371993e-008 -1.571899948740065e-008 -1.563970236067124e-008 -1.554819682532021e-008 -1.543149181027638e-008 -1.531908208797251e-008 -1.522477230107678e-008 -1.513941040727381e-008 -1.504980846898196e-008 -1.497284558026076e-008 -1.488199919546725e-008 -1.474900225105194e-008 -1.462456649919672e-008 -1.455682228497777e-008 -1.452193289710446e-008 -1.445593390383289e-008 -1.437045532669906e-008 -1.429354429039524e-008 -1.424211753507353e-008 -1.420125879623515e-008 -1.41368567844202e-008 -1.405537469787517e-008 -1.398898049260725e-008 -1.391986274184261e-008 -1.387080861789997e-008 -1.38557298656159e-008 -1.387336821048291e-008 -1.391377701764303e-008 -1.397907970406397e-008 -1.405990098624283e-008 -1.415008881366968e-008 -1.425595942437184e-008 -1.435121576619833e-008 -1.444776123467107e-008 -1.454264390156928e-008
-1.647895937273169e-008 -1.641944381897429e-008 -1.635251070387729e-008 -1.628203075358391e-008 -1.620954156521345e-008 -1.612975149985642e-008 -1.603816223580807e-008 -1.59305739882215e-008 -1.581925026947659e-008 -1.572696658997504e-008 -1.563748115328439e-008 -1.555138921095709e-008 -1.546861043172616e-008 -1.536678135914099e-008 -1.523223003104155e-008 -1.512312373412464e-008 -1.50623528305862e-008 -1.501749449211413e-008 -1.494555765895155e-008 -1.486089024863839e-008 -1.478675698166546e-008 -1.473382505568585e-008 -1.468263533955239e-008 -1.461579974150471e-008 -1.453740732115757e-008 -1.446870981781242e-008 -1.439802676740689e-008 -1.435238040913275e-008 -1.433720946655722e-008 -1.435070148334438e-008 -1.439383846669435e-008 -1.446217356733158e-008 -1.454195243294398e-008 -1.463385618907032e-008 -1.47351664971327e-008 -1.483363264127187e-008 -1.493320143273096e-008 -1.503075927194261e-008
-1.695994816241171e-008 -1.690039314985301e-008 -1.683423420147411e-008 -1.676731338565588e-008 -1.669915714194508e-008 -1.661730703711301e-008 -1.652501623282856e-008 -1.643160353157946e-008 -1.632532345365575e-008 -1.622322153855407e-008 -1.61319419799334e-008 -1.605686299547159e-008 -1.596796740454747e-008 -1.584223476875755e-008 -1.569877898768659e-008 -1.561317340612368e-008 -1.558122011402992e-008 -1.552674778252578e-008 -1.543504641143137e-008 -1.534351491623811e-008 -1.527764414842097e-008 -1.522788636028328e-008 -1.516410826677486e-008 -1.508926125779532e-008 -1.501353696549966e-008 -1.494410929652949e-008 -1.486315394378401e-008 -1.482339592713228e-008 -1.480587178639166e-008 -1.48164200917175e-008 -1.486325996705787e-008 -1.494230968778359e-008 -1.501898568718733e-008 -1.511463838519517e-008 -1.521105432524042e-008 -1.531131471168768e-008 -1.541484371034837e-008 -1.551318899534351e-008
-1.744041753684279e-008 -1.737909236345781e-008 -1.731379928018778e-008 -1.724625093539314e-008 -1.717714089269621e-008 -1.709591401364689e-008 -1.700457021971473e-008 -1.691075617516722e-008 -1.681017847315081e-008 -1.671140647571164e-008 -1.662206119216697e-008 -1.654270820462639e-008 -1.645155494244156e-008 -1.633169832929126e-008 -1.619017975848395e-008 -1.609733869324695e-008 -1.605348465182299e-008 -1.60033796392382e-008 -1.592321118513586e-008 -1.583682139338665e-008 -1.577019452903332e-008 -1.570852150124251e-008 -1.564009919128243e-008 -1.556381815768718e-008 -1.548563135031423e-008 -1.541118776822345e-008 -1.533634311303778e-008 -1.528712992736466e-008 -1.526716206143616e-008 -1.528837304010632e-008 -1.534001400985182e-008 -1.541329911964564e-008 -1.549644833392688e-008 -1.559124340947066e-008 -1.568793316768073e-008 -1.57905847879076e-008 -1.589331839893868e-008 -1.599558034135426e-008
-1.791683685523011e-008 -1.785311821934733e-008 -1.77890274346923e-008 -1.77184260417298e-008 -1.764817140983721e-008 -1.756865675605824e-008 -1.747621502025898e-008 -1.737541307287592e-008 -1.72836658398801e-008 -1.719423380003129e-008 -1.710427638103591e-008 -1.701986994815668e-008 -1.693798064136769e-008 -1.683285602855025e-008 -1.667547996078593e-008 -1.656141673776603e-008 -1.650865153216627e-008 -1.647766482763158e-008 -1.640971979570661e-008 -1.633317892978091e-008 -1.625983686734558e-008 -1.618640624564169e-008 -1.611195979750642e-008 -1.603689451493713e-008 -1.59514216882031e-008 -1.587661726832453e-008 -1.580948246924998e-008 -1.573494985037509e-008 -1.571797017962605e-008 -1.575579880297035e-008 -1.581510634885121e-008 -1.587880874523299e-008 -1.597317825946447e-008 -1.606401555381864e-008 -1.61616668250723e-008 -1.626613104835358e-008 -1.63673961924741e-008 -1.647333009332668e-008
-1.838769770159211e-008 -1.832200671324159e-008 -1.82565011883893e-008 -1.818585027132978e-008 -1.811255895947886e-008 -1.803331508254623e-008 -1.793938493496335e-008 -1.784388906508126e-008 -1.77544119997585e-008 -1.76674390697592e-008 -1.757986136730172e-008 -1.749666502689945e-008 -1.740874325855958e-008 -1.729799169478829e-008 -1.714825126187298e-008 -1.70443874438658e-008 -1.699511224131366e-008 -1.696048996600161e-008 -1.689275332793158e-008 -1.68173737714857e-008 -1.673847533701582e-008 -1.666096328729932e-008 -1.65815072978343e-008 -1.65017682308166e-008 -1.641293071090474e-008 -1.633639530356941e-008 -1.626507386186107e-008 -1.619749159558927e-008 -1.618182736922388e-008 -1.621564002127817e-008 -1.627235785090815e-008 -1.633986153832207e-008 -1.6430579116571e-008 -1.652327174860774e-008 -1.662535417156418e-008 -1.673175376785069e-008 -1.683609750087593e-008 -1.694404985968887e-008
-1.88532515975278e-008 -1.878561404592256e-008 -1.871539247889402e-008 -1.864753111514379e-008 -1.857176985098397e-008 -1.848817980405262e-008 -1.839392389285447e-008 -1.830527240404001e-008 -1.821902280962355e-008 -1.81334540844361e-008 -1.80478649974035e-008 -1.797095678029446e-008 -1.787905862150995e-008 -1.775371016615371e-008 -1.760145878396101e-008 -1.751438688883588e-008 -1.749213221465732e-008 -1.745761232450602e-008 -1.738115309938945e-008 -1.729372105074801e-008 -1.721327674120457e-008 -1.713018897879918e-008 -1.704686969138025e-008 -1.696386626522501e-008 -1.686792063679421e-008 -1.679261328733239e-008 -1.671925163090699e-008 -1.665049981096644e-008 -1.663708866672012e-008 -1.667272398115524e-008 -1.672618494873527e-008 -1.679336005813024e-008 -1.68825981779188e-008 -1.697236070942433e-008 -1.708308127891278e-008 -1.719265222206147e-008 -1.729803179352003e-008 -1.741001235056393e-008
-1.932043312845621e-008 -1.924983837408614e-008 -1.917749663363813e-008 -1.910593963466144e-008 -1.902784468172981e-008 -1.894189492308504e-008 -1.884763718615258e-008 -1.876059172350647e-008 -1.867773808533437e-008 -1.859628225148429e-008 -1.851367511196639e-008 -1.843625652932436e-008 -1.834304770754307e-008 -1.822091163650495e-008 -1.807857478485071e-008 -1.799246362389601e-008 -1.796325399411242e-008 -1.792678050292827e-008 -1.785681609386359e-008 -1.776563780160087e-008 -1.767975262064718e-008 -1.75928275985624e-008 -1.750428948667976e-008 -1.741836535293935e-008 -1.732899675226399e-008 -1.725258025159006e-008 -1.718143737500888e-008 -1.710746602880417e-008 -1.708453021198754e-008 -1.711610387740039e-008 -1.717829213699986e-008 -1.724832235463754e-008 -1.733560904872571e-008 -1.742968950334231e-008 -1.753607710632232e-008 -1.764862335968765e-008 -1.775794830054439e-008 -1.786606077753593e-008
-1.978727135237872e-008 -1.971459338483361e-008 -1.964063512903798e-008 -1.956137706035905e-008 -1.947913212311069e-008 -1.939342055384448e-008 -1.929237448116269e-008 -1.920366058536757e-008 -1.913199982185402e-008 -1.90556296399322e-008 -1.897326517843492e-008 -1.889978066680884e-008 -1.881211309358454e-008 -1.869569897648542e-008 -1.85496157926462e-008 -1.845737496422777e-008 -1.842489610233708e-008 -1.840398155504746e-008 -1.832996919111368e-008 -1.822936593594328e-008 -1.813847224775762e-008 -1.804903936860637e-008 -1.79515884479401e-008 -1.786762551503209e-008 -1.778788514361892e-008 -1.771722755726123e-008 -1.765228955391713e-008 -1.755686143310251e-008 -1.751480565738388e-008 -1.755169000053084e-008 -1.763460011966713e-008 -1.770167241734718e-008 -1.778616305851052e-008 -1.788343737744145e-008 -1.798298449133209e-008 -1.810245207073867e-008 -1.821137374387932e-008 -1.831454063459407e-008
-2.023931102633627e-008 -2.016426746710443e-008 -2.009099570043706e-008 -2.001212662050932e-008 -1.992794303176313e-008 -1.984488695968954e-008 -1.974549014073996e-008 -1.965857090093977e-008 -1.958759540273233e-008 -1.951074600284806e-008 -1.943356829939035e-008 -1.935424828387861e-008 -1.926228865312957e-008 -1.915463083941675e-008 -1.901990471719966e-008 -1.892563199816828e-008 -1.887816360633216e-008 -1.884669834345235e-008 -1.877432614561824e-008 -1.868126298043554e-008 -1.85858488878856e-008 -1.849288003812344e-008 -1.839953716981371e-008 -1.831535159666791e-008 -1.823814043401839e-008 -1.81632941447216e-008 -1.809667275602041e-008 -1.802565897310911e-008 -1.798164229598362e-008 -1.801494265644128e-008 -1.807695424045027e-008 -1.814757511035565e-008 -1.823134649663979e-008 -1.832844540531339e-008 -1.843416939525896e-008 -1.854601256765097e-008 -1.865254270099129e-008 -1.875547910950872e-008
-2.067792039096034e-008 -2.060871632385525e-008 -2.053588291962302e-008 -2.045582759961333e-008 -2.038023079061978e-008 -2.029560896433974e-008 -2.019953345770621e-008 -2.01193354824344e-008 -2.003746503309934e-008 -1.996943478120928e-008 -1.989400362680708e-008 -1.980021866973984e-008 -1.970484137033851e-008 -1.960972903973361e-008 -1.948814217047447e-008 -1.938818397204327e-008 -1.931619287117885e-008 -1.927470521479295e-008 -1.920883675195308e-008 -1.912419131968489e-008 -1.901934570103817e-008 -1.892672659350605e-008 -1.884064778844134e-008 -1.875760622244734e-008 -1.868188813071886e-008 -1.860345538534594e-008 -1.853788076575351e-008 -1.849317158796996e-008 -1.845773127983856e-008 -1.847371583473388e-008 -1.851756951562915e-008 -1.859205582603243e-008 -1.866910875423721e-008 -1.876720613340576e-008 -1.888212422828603e-008 -1.89836354788277e-008 -1.90868002106746e-008 -1.918651097101894e-008
-2.109755197414837e-008 -2.102828281057843e-008 -2.095488568288976e-008 -2.087631271325786e-008 -2.079821942581691e-008 -2.071398928280942e-008 -2.062446133967946e-008 -2.054206607026143e-008 -2.046191012149998e-008 -2.039347999061503e-008 -2.03162530140113e-008 -2.022356871774957e-008 -2.012704185150202e-008 -2.00299029048249e-008 -1.992432109274492e-008 -1.982920816234186e-008 -1.975857964993578e-008 -1.970270525971815e-008 -1.963730873404038e-008 -1.955413696782537e-008 -1.945349126365844e-008 -1.93575873990201e-008 -1.927061100998538e-008 -1.918754952832147e-008 -1.911096702168833e-008 -1.903675195799821e-008 -1.896776294803401e-008 -1.891974034236256e-008 -1.889745513316817e-008 -1.891266289172786e-008 -1.896293036068064e-008 -1.902820485323081e-008 -1.910437673674476e-008 -1.919870980412278e-008 -1.930650319143911e-008 -1.941149743956501e-008 -1.951436997115924e-008 -1.961175224519274e-008
-2.15005544758902e-008 -2.142970177105286e-008 -2.135548806449805e-008 -2.127802591974305e-008 -2.119311496399223e-008 -2.111102091903507e-008 -2.102901380284174e-008 -2.094365598358511e-008 -2.086448826920759e-008 -2.079711073142778e-008 -2.071838278250499e-008 -2.063099016313621e-008 -2.052730024865642e-008 -2.042471552224069e-008 -2.033985481880007e-008 -2.026435251485668e-008 -2.019314263775654e-008 -2.01226321619972e-008 -2.005736527206837e-008 -1.99781114464539e-008 -1.988280035818548e-008 -1.977740363389425e-008 -1.969016549860844e-008 -1.960841693296645e-008 -1.953095376240614e-008 -1.946316989964223e-008 -1.938546436134852e-008 -1.932776459810286e-008 -1.931556648661627e-008 -1.93464278569253e-008 -1.9401306489267e-008 -1.945921995427628e-008 -1.953498058339384e-008 -1.961859330118956e-008 -1.971993927309845e-008 -1.98336681893407e-008 -1.99336471392245e-008 -2.002897557849787e-008
-2.188947855637956e-008 -2.181931373483499e-008 -2.174616961619174e-008 -2.166695312604551e-008 -2.158300993508351e-008 -2.150286714316618e-008 -2.142129205637407e-008 -2.133996780404706e-008 -2.126268373476469e-008 -2.119414731463083e-008 -2.111800872184443e-008 -2.103008887847376e-008 -2.092423564451928e-008 -2.082610247218892e-008 -2.074322396988949e-008 -2.067527374748664e-008 -2.060543741922165e-008 -2.053610767967032e-008 -2.046798070723331e-008 -2.038840168530539e-008 -2.029623102933103e-008 -2.019045427860251e-008 -2.010128508639428e-008 -2.001975560767978e-008 -1.994261603934315e-008 -1.987457733830968e-008 -1.979854392096245e-008 -1.973398708758863e-008 -1.971533554422556e-008 -1.97503897028647e-008 -1.98143142842613e-008 -1.987981053738836e-008 -1.995408011697357e-008 -2.003773381263452e-008 -2.013715417172696e-008 -2.024103401152105e-008 -2.03406410592126e-008 -2.04366969952685e-008
-2.2263784280813e-008 -2.219569008722455e-008 -2.212356861652428e-008 -2.204286183439782e-008 -2.195892742350522e-008 -2.188047587859473e-008 -2.180145582501291e-008 -2.17237904687359e-008 -2.164820786274236e-008 -2.158227069096812e-008 -2.151109374585277e-008 -2.142277170743983e-008 -2.131029787749838e-008 -2.120892903539874e-008 -2.113021335450657e-008 -2.107233112071688e-008 -2.101110774415819e-008 -2.093780870702415e-008 -2.086883471550001e-008 -2.0791382334006e-008 -2.0700846401857e-008 -2.05913632195719e-008 -2.050036410704261e-008 -2.042032158355833e-008 -2.034627794936923e-008 -2.028300140970621e-008 -2.020818261496379e-008 -2.011796658407952e-008 -2.009091650083452e-008 -2.013415914322128e-008 -2.022399718538535e-008 -2.029088240845631e-008 -2.036177146025648e-008 -2.045173437561432e-008 -2.054264888940852e-008 -2.063780621758268e-008 -2.073863991379404e-008 -2.08322681450998e-008
