data/gpsIIR_gridfiles/GPSIIRnapShroudX-R100-Q32W44S0.grd
DSAA
361 181
-180 180
-90 90
-2.8234695907305E-008 2.8247365949324E-008
[rows 153 to 169 of 181, columns 117 to 155 of 361]
-6.576971443897624e-009 -6.80766697628562e-009 -7.034805976402354e-009 -7.2570645237728e-009 -7.476216234401952e-009 -7.691434115528682e-009 -7.901395915794992e-009 -8.104112813775317e-009 -8.300240116555549e-009 -8.491980566775816e-009 -8.67388682715465e-009 -8.845473915821268e-009 -9.01170112318964e-009 -9.171521289036064e-009 -9.321673760612574e-009 -9.462465055916877e-009 -9.607772014416378e-009 -9.770573034194599e-009 -9.938273585001774e-009 -1.012353452645314e-008 -1.032744338457755e-008 -1.053174331172747e-008 -1.072783675988312e-008 -1.09272522806985e-008 -1.112622792511811e-008 -1.131798581928366e-008 -1.149630196469063e-008 -1.166420562040823e-008 -1.182154725374384e-008 -1.196997627076662e-008 -1.211157708334367e-008 -1.224755322896211e-008 -1.237569426553549e-008 -1.24956601497184e-008 -1.261033347410993e-008 -1.272068274425481e-008 -1.282646226928128e-008 -1.292782699569219e-008 -1.302413543859744e-008
-6.322436916274661e-009 -6.54449151921704e-009 -6.763078846733244e-009 -6.976697044372939e-009 -7.186171913388917e-009 -7.392669259245758e-009 -7.594911113203842e-009 -7.789842610321477e-009 -7.977908546570953e-009 -8.160758608718332e-009 -8.334670040673303e-009 -8.499391326180919e-009 -8.659875875930162e-009 -8.812189396230856e-009 -8.956425167448374e-009 -9.095189880869545e-009 -9.235737408484678e-009 -9.391945325292769e-009 -9.553891205204603e-009 -9.729462158633798e-009 -9.923834876826291e-009 -1.012288571255988e-008 -1.03126432451473e-008 -1.05045326443153e-008 -1.069279389206966e-008 -1.087906461100722e-008 -1.105387501022901e-008 -1.121547855820034e-008 -1.136698062541215e-008 -1.151226125445986e-008 -1.165088064413791e-008 -1.178284555533075e-008 -1.190665053742266e-008 -1.202382604496179e-008 -1.213631552886307e-008 -1.224372602666891e-008 -1.234688702380734e-008 -1.244590037176573e-008 -1.253979089893918e-008
-6.066084561449087e-009 -6.279214415171447e-009 -6.488893098269274e-009 -6.69401997323055e-009 -6.894400635019683e-009 -7.092184794930706e-009 -7.286402275565974e-009 -7.474274148232977e-009 -7.655876514758938e-009 -7.829928516382792e-009 -7.994778813062868e-009 -8.150884170904788e-009 -8.301474765534744e-009 -8.445942332109479e-009 -8.59160996506158e-009 -8.729317311777477e-009 -8.862503297269348e-009 -9.00789581894398e-009 -9.16319745626548e-009 -9.329854973346962e-009 -9.514151125368966e-009 -9.708099802348161e-009 -9.897559488121354e-009 -1.008228479337994e-008 -1.025789166658779e-008 -1.04347994617872e-008 -1.060563936982128e-008 -1.076301213662676e-008 -1.091028046879006e-008 -1.105224315064831e-008 -1.118769799139004e-008 -1.131529486173047e-008 -1.143528303386952e-008 -1.155027131686052e-008 -1.166044211496903e-008 -1.176492734576087e-008 -1.186528225085717e-008 -1.196159201056657e-008 -1.205275236292343e-008
-5.809263749989255e-009 -6.01265075640664e-009 -6.212783315827363e-009 -6.41007939363066e-009 -6.602239432891957e-009 -6.791021784533887e-009 -6.975915109282126e-009 -7.154871319735178e-009 -7.329822714247705e-009 -7.496709604176775e-009 -7.65270835645789e-009 -7.799695473985414e-009 -7.943227086427568e-009 -8.085379716529591e-009 -8.226723322740103e-009 -8.359843825351906e-009 -8.487463872205028e-009 -8.625839729418894e-009 -8.775732589685477e-009 -8.935291814938988e-009 -9.109728905182682e-009 -9.295841174044497e-009 -9.480640707615369e-009 -9.657016116392027e-009 -9.825422599113449e-009 -9.992153320654354e-009 -1.015585134501749e-008 -1.030963078225386e-008 -1.0454017871632e-008 -1.059144083170817e-008 -1.072188035087989e-008 -1.084523739134761e-008 -1.096212202739244e-008 -1.107425259361379e-008 -1.118109650596306e-008 -1.128272250042035e-008 -1.138020783864717e-008 -1.147350275632303e-008 -1.156179956792445e-008
-5.551785882472078e-009 -5.745579362814022e-009 -5.935581535634976e-009 -6.123527941789132e-009 -6.308238920533804e-009 -6.488706516887899e-009 -6.66414044264776e-009 -6.833169615076138e-009 -6.998504953815839e-009 -7.158007939826402e-009 -7.307029503174421e-009 -7.447389863305412e-009 -7.586480941416686e-009 -7.72600676017678e-009 -7.860026752566748e-009 -7.987555223699928e-009 -8.111374354957929e-009 -8.244494627245956e-009 -8.390112328231112e-009 -8.544069189463765e-009 -8.709315410864486e-009 -8.885966930173486e-009 -9.063182560748679e-009 -9.229485055393604e-009 -9.390040396754917e-009 -9.549518236635627e-009 -9.70574661180261e-009 -9.855176813609508e-009 -9.995139447500379e-009 -1.012778727589719e-008 -1.025361294704709e-008 -1.037274405304427e-008 -1.048662709891772e-008 -1.059507009859203e-008 -1.069846438353651e-008 -1.079759307344612e-008 -1.089187058137813e-008 -1.098187345436034e-008 -1.106676960511763e-008
-5.292766711947586e-009 -5.477483018303202e-009 -5.658535184332334e-009 -5.836246568580608e-009 -6.012161546279427e-009 -6.184571375434418e-009 -6.351778939833518e-009 -6.513144758286829e-009 -6.668496551999484e-009 -6.818502822303149e-009 -6.960908549679669e-009 -7.096846712563864e-009 -7.23183810631783e-009 -7.365319272353111e-009 -7.493753605642376e-009 -7.617078855882095e-009 -7.737591533785769e-009 -7.86498115146133e-009 -8.003869177518824e-009 -8.152728377121871e-009 -8.308871267450243e-009 -8.475277364248948e-009 -8.644001660785346e-009 -8.803425764900599e-009 -8.956127011933773e-009 -9.106461227611903e-009 -9.254644837288822e-009 -9.399448446092396e-009 -9.535918316771906e-009 -9.663565341420523e-009 -9.78295478456492e-009 -9.897707227537724e-009 -1.000897956218139e-008 -1.01148954471766e-008 -1.021535265474085e-008 -1.031042556398063e-008 -1.040093266205062e-008 -1.048773343031015e-008 -1.057047050045346e-008
-5.032540750755065e-009 -5.206567285135877e-009 -5.37837043996016e-009 -5.548123079930124e-009 -5.715072587212605e-009 -5.879050449369892e-009 -6.037867578133021e-009 -6.190214464230234e-009 -6.337988919139252e-009 -6.479767868475916e-009 -6.615471765572696e-009 -6.746619256384662e-009 -6.874934166136783e-009 -7.001887168353512e-009 -7.128139684961168e-009 -7.248095586104931e-009 -7.366594962769465e-009 -7.489452852122413e-009 -7.62173579115339e-009 -7.761860814666015e-009 -7.907687512332514e-009 -8.064543025125684e-009 -8.222911000984937e-009 -8.37527733748778e-009 -8.5226650187277e-009 -8.664599324288825e-009 -8.804258408197316e-009 -8.942196530583713e-009 -9.072960623201609e-009 -9.195541877164355e-009 -9.311171851704866e-009 -9.422621119791478e-009 -9.530143154092051e-009 -9.632266087291133e-009 -9.728859692004021e-009 -9.820455750071282e-009 -9.908709805699316e-009 -9.99265076306071e-009 -1.007208109799574e-008
-4.772558463723172e-009 -4.938048021658795e-009 -5.100508688646398e-009 -5.26033844198342e-009 -5.41769679359474e-009 -5.572895613037892e-009 -5.724067009234443e-009 -5.869811303468619e-009 -6.009120954735103e-009 -6.141309701939643e-009 -6.270793397823905e-009 -6.396865236775552e-009 -6.519539102850722e-009 -6.642083774912677e-009 -6.762541012080371e-009 -6.878512680797259e-009 -6.996728612619256e-009 -7.115487524570088e-009 -7.238074412200501e-009 -7.369125777657007e-009 -7.508346355649143e-009 -7.657151324841541e-009 -7.804931131573989e-009 -7.947476447166698e-009 -8.088828487286924e-009 -8.224901010643822e-009 -8.356661112422102e-009 -8.485886083116811e-009 -8.609205347415052e-009 -8.726886652012799e-009 -8.840758415506207e-009 -8.9490048164347e-009 -9.051185585635647e-009 -9.147926792194381e-009 -9.239869543626937e-009 -9.328132199797809e-009 -9.414461361285334e-009 -9.496078386066988e-009 -9.571857961708624e-009
-4.512231756542792e-009 -4.669290452481367e-009 -4.823217970869094e-009 -4.973852991381177e-009 -5.121454085243452e-009 -5.266929452776843e-009 -5.409198766539417e-009 -5.546940568940212e-009 -5.678284036336062e-009 -5.804346489037145e-009 -5.928970804650604e-009 -6.048759188971307e-009 -6.164989713074297e-009 -6.281024898747378e-009 -6.395484630976477e-009 -6.509107214441969e-009 -6.626177896288295e-009 -6.741143454615686e-009 -6.855712163520087e-009 -6.979147487142323e-009 -7.111579609864277e-009 -7.250715663965514e-009 -7.389693612153207e-009 -7.521122004306948e-009 -7.65267625127437e-009 -7.783151545069299e-009 -7.908792114722566e-009 -8.03044204285394e-009 -8.147740519205694e-009 -8.260093219511046e-009 -8.368124116806966e-009 -8.472226426605529e-009 -8.570119681467809e-009 -8.662475082463699e-009 -8.750783975598763e-009 -8.835780547441194e-009 -8.917177380098063e-009 -8.995481252911384e-009 -9.06897006299487e-009
-4.251665467390375e-009 -4.399996783976829e-009 -4.546132212816897e-009 -4.688585127539688e-009 -4.826601130316739e-009 -4.961933942074519e-009 -5.094578914540946e-009 -5.224067078441605e-009 -5.349776734583981e-009 -5.471396251461659e-009 -5.589367393037325e-009 -5.701236543946798e-009 -5.810256752135892e-009 -5.919795151768285e-009 -6.030089290107506e-009 -6.140342801342648e-009 -6.251737731676141e-009 -6.361937333794628e-009 -6.471953806550193e-009 -6.588812039131719e-009 -6.712218853508513e-009 -6.838815823422892e-009 -6.969709344032825e-009 -7.094241577056087e-009 -7.216825956539952e-009 -7.340122934350106e-009 -7.459954455935689e-009 -7.575117291273474e-009 -7.686380267359435e-009 -7.794220421513255e-009 -7.89564187869055e-009 -7.993534733729915e-009 -8.087203306957698e-009 -8.176302814956455e-009 -8.26169044623552e-009 -8.343841886333326e-009 -8.42106986163941e-009 -8.49447499293699e-009 -8.564668253362554e-009
-3.992575111924724e-009 -4.130915219009998e-009 -4.267682498125611e-009 -4.401199184987151e-009 -4.53076741648124e-009 -4.658253778610094e-009 -4.783648091698812e-009 -4.905564655904784e-009 -5.023609947990142e-009 -5.137754570680658e-009 -5.247708706413353e-009 -5.352816356592976e-009 -5.456740958335274e-009 -5.561515120227686e-009 -5.667519428756988e-009 -5.772686525895443e-009 -5.876500480728027e-009 -5.980740037717891e-009 -6.086343801567039e-009 -6.196692728979331e-009 -6.310839571687978e-009 -6.42520702971844e-009 -6.543026244107569e-009 -6.663059395978502e-009 -6.780701070242174e-009 -6.897695645266583e-009 -7.011904622855415e-009 -7.121252150111673e-009 -7.225263502843342e-009 -7.325008730486541e-009 -7.421556585927767e-009 -7.51430733979456e-009 -7.603752461400866e-009 -7.689815597648963e-009 -7.772036767976254e-009 -7.849545614302798e-009 -7.923428923840342e-009 -7.993740174378207e-009 -8.060308918772613e-009
-3.735071542347246e-009 -3.862807591150528e-009 -3.989158634291508e-009 -4.113388223157122e-009 -4.235283892133655e-009 -4.356190836948398e-009 -4.475720475122122e-009 -4.590350354639837e-009 -4.699407398214161e-009 -4.804148120039831e-009 -4.905813094823034e-009 -5.005584752578076e-009 -5.105930370855149e-009 -5.206804816042349e-009 -5.307472947093173e-009 -5.406663899031519e-009 -5.50374972357833e-009 -5.601203808892157e-009 -5.700951991649081e-009 -5.804270838284447e-009 -5.910002491398933e-009 -6.016817247723816e-009 -6.124474371616104e-009 -6.234642586679641e-009 -6.345670142854545e-009 -6.456573477702257e-009 -6.565131214674147e-009 -6.668825443471532e-009 -6.767280480260728e-009 -6.859422818784059e-009 -6.948556113396281e-009 -7.035753531749391e-009 -7.120661036871351e-009 -7.203445096796795e-009 -7.283191483222318e-009 -7.35850928599819e-009 -7.428634069788669e-009 -7.494243427436185e-009 -7.557034043992354e-009
-3.476453753258866e-009 -3.594850492869208e-009 -3.712293795740484e-009 -3.828854352536451e-009 -3.94337056827796e-009 -4.055860079548673e-009 -4.167090436889557e-009 -4.27405270038223e-009 -4.375065051509019e-009 -4.471624741959768e-009 -4.566511864537489e-009 -4.661796460343205e-009 -4.758272409528123e-009 -4.854374382346298e-009 -4.948587320342549e-009 -5.041454335999424e-009 -5.132617189739772e-009 -5.223687245773224e-009 -5.316921871010066e-009 -5.412871451179856e-009 -5.510119896091972e-009 -5.608513961477556e-009 -5.7089513274047e-009 -5.810492140347834e-009 -5.913477847223388e-009 -6.017361152286186e-009 -6.119659378369233e-009 -6.21699014459815e-009 -6.307849769481641e-009 -6.394223776035628e-009 -6.478499861329289e-009 -6.559577710627505e-009 -6.639057634348706e-009 -6.717411235802745e-009 -6.793726591977913e-009 -6.866104486525555e-009 -6.93373592352131e-009 -6.997305467993663e-009 -7.056104813974551e-009
-3.217765680058253e-009 -3.328103398501854e-009 -3.437736416705205e-009 -3.547268238185835e-009 -3.655004822707374e-009 -3.759085100705875e-009 -3.860488726739383e-009 -3.958283897098975e-009 -4.051350717963343e-009 -4.141170657869646e-009 -4.230557244933055e-009 -4.321076140538906e-009 -4.413056182784203e-009 -4.503560086838373e-009 -4.591542231098361e-009 -4.678069124179624e-009 -4.763228373690907e-009 -4.848208751489354e-009 -4.934929390115541e-009 -5.023860085175751e-009 -5.114014889664909e-009 -5.205181525093636e-009 -5.297335606391031e-009 -5.390312299650641e-009 -5.484794421872516e-009 -5.580734966166823e-009 -5.676232841392279e-009 -5.767929456019898e-009 -5.854159491303937e-009 -5.93551993471409e-009 -6.01221474740362e-009 -6.086833394897863e-009 -6.160598424120647e-009 -6.233166255754855e-009 -6.304559006895471e-009 -6.373920395536662e-009 -6.439983608176625e-009 -6.501015121607231e-009 -6.555615073762551e-009
-2.961886082590366e-009 -3.064919871579783e-009 -3.166581341910943e-009 -3.267279310636731e-009 -3.367049696701564e-009 -3.463366148741388e-009 -3.555980605353347e-009 -3.644842169217055e-009 -3.730344411911815e-009 -3.814265082811031e-009 -3.898344356594003e-009 -3.982819995586166e-009 -4.067747759821664e-009 -4.152840603617567e-009 -4.235714448193548e-009 -4.316560300977332e-009 -4.395893545347652e-009 -4.474918672354948e-009 -4.555283842513971e-009 -4.637581228787588e-009 -4.721303509361838e-009 -4.805671832432467e-009 -4.889523360609712e-009 -4.974143505725191e-009 -5.06000251614807e-009 -5.147397208028296e-009 -5.235295325222688e-009 -5.320886029696469e-009 -5.401758974645189e-009 -5.477457083536107e-009 -5.549175267618462e-009 -5.619108169111379e-009 -5.68683439239777e-009 -5.75266406171472e-009 -5.817595538308881e-009 -5.881987706263041e-009 -5.944267538232354e-009 -6.00185818870243e-009 -6.054201202875478e-009
-2.709248233569442e-009 -2.805040624555112e-009 -2.899124373056253e-009 -2.991023768033418e-009 -3.08133165946553e-009 -3.169030701645655e-009 -3.253262007146385e-009 -3.33422017229454e-009 -3.413115429127037e-009 -3.491541781948247e-009 -3.570273136980976e-009 -3.649055399114415e-009 -3.72764328375418e-009 -3.805513410792478e-009 -3.882084268414033e-009 -3.957061986870126e-009 -4.030649629694055e-009 -4.103824332908806e-009 -4.178016837019764e-009 -4.253822755900117e-009 -4.33086607616259e-009 -4.408123369746078e-009 -4.484943347629072e-009 -4.561829755345951e-009 -4.639275500541332e-009 -4.718022587521035e-009 -4.797707404735619e-009 -4.876452719737727e-009 -4.951860095873913e-009 -5.023121998302109e-009 -5.090925188098551e-009 -5.155542987494387e-009 -5.217063782020095e-009 -5.276840195478673e-009 -5.335438966470631e-009 -5.393249726871211e-009 -5.44974960752683e-009 -5.50330309844105e-009 -5.554189421106397e-009
-2.459854258891826e-009 -2.547027694504218e-009 -2.633108008856848e-009 -2.71682424023592e-009 -2.79828091943056e-009 -2.87720314952502e-009 -2.953310878179634e-009 -3.027163186642472e-009 -3.099982992000332e-009 -3.172758109175431e-009 -3.245772076790222e-009 -3.318513499544409e-009 -3.390073050852565e-009 -3.460978997454043e-009 -3.530945504269939e-009 -3.599759444600327e-009 -3.667492716735261e-009 -3.734875556133299e-009 -3.803020480548051e-009 -3.872389825463509e-009 -3.942671027591859e-009 -4.013430655640137e-009 -4.084370617463992e-009 -4.153497721591596e-009 -4.222525942309197e-009 -4.292910168559515e-009 -4.364474336757906e-009 -4.435957284845871e-009 -4.505363600264449e-009 -4.571529068725682e-009 -4.634290675179319e-009 -4.693692164920974e-009 -4.750584200443261e-009 -4.806184451877971e-009 -4.859523690887832e-009 -4.910588430888439e-009 -4.960076164513925e-009 -5.007816850827539e-009 -5.054589645432733e-009
