data/gpsIIR_gridfiles/GPSIIRnapShroudX-R100-Q32W44S0.grd
DSAA
361 181
-180 180
-90 90
-2.8234695907305E-008 2.8247365949324E-008
[rows 34 to 50 of 181, columns 273 to 311 of 361]
8.722848202588378e-010 1.215550160209005e-009 1.533840208683434e-009 1.846709518032459e-009 2.155864498620634e-009 2.463750166689167e-009 2.769560721851187e-009 3.07459699375377e-009 3.38020981990277e-009 3.685955669194716e-009 3.991584867009534e-009 4.296747898896539e-009 4.601071499182113e-009 4.905700876867213e-009 5.209971624503486e-009 5.512345075020411e-009 5.812810567059725e-009 6.112623074277766e-009 6.411134264366399e-009 6.707217206201678e-009 7.000185557439179e-009 7.291101026980928e-009 7.579773184426038e-009 7.865157140601902e-009 8.147627772694285e-009 8.426609668429123e-009 8.700097300304334e-009 8.968726945178214e-009 9.234553896406709e-009 9.494753604273069e-009 9.748312556696097e-009 9.994378279729855e-009 1.023544526635207e-008 1.046625991765909e-008 1.068535920552969e-008 1.089493417331008e-008 1.109045515839099e-008 1.127508603104761e-008 1.14532241665223e-008
9.16998962920966e-010 1.257760940881255e-009 1.581921870539523e-009 1.900131500073839e-009 2.217082908872702e-009 2.533861317938462e-009 2.84895223710092e-009 3.162543893032656e-009 3.476967224932373e-009 3.791753406867767e-009 4.106755377881466e-009 4.420818764200108e-009 4.733594121279906e-009 5.047264569283251e-009 5.360451191462506e-009 5.671304037451305e-009 5.980209372705448e-009 6.288111781626765e-009 6.595410247077079e-009 6.90098063447509e-009 7.203045775704553e-009 7.503415778822824e-009 7.80080495593533e-009 8.094275500706794e-009 8.386277855520297e-009 8.674013196279677e-009 8.955438836385787e-009 9.232614365704783e-009 9.508017461895581e-009 9.776395396556022e-009 1.003692325594389e-008 1.029118086603209e-008 1.05393232294737e-008 1.077778848395665e-008 1.100400739230425e-008 1.122062914164595e-008 1.142227106193804e-008 1.161191661312572e-008 1.179529918161028e-008
9.597918450401808e-010 1.29277316893569e-009 1.623157009408282e-009 1.949112302260596e-009 2.276801631532386e-009 2.603035277663726e-009 2.926055666715613e-009 3.249249039015348e-009 3.572831634853855e-009 3.897038149470507e-009 4.221961065922349e-009 4.544819627542268e-009 4.866821419029211e-009 5.189487198770385e-009 5.510468651817189e-009 5.829036164018993e-009 6.146226710925876e-009 6.461617416606141e-009 6.776824057464581e-009 7.092035657163944e-009 7.404544778431311e-009 7.713219535604585e-009 8.019143060187693e-009 8.323232188690855e-009 8.62450103260201e-009 8.918952866478885e-009 9.209762259413222e-009 9.497757254204686e-009 9.779249933095877e-009 1.005405221184882e-008 1.032384703744188e-008 1.058655433714056e-008 1.083944749240244e-008 1.108547855151669e-008 1.132071835745817e-008 1.154373476131632e-008 1.175235378883836e-008 1.194441062577219e-008 1.213117849699226e-008
9.873697985981063e-010 1.325527894419353e-009 1.663979495045773e-009 1.999215230049383e-009 2.335734742822231e-009 2.670589500542827e-009 3.002554318297766e-009 3.334815237315988e-009 3.667236569672597e-009 4.000588763838533e-009 4.334591457751552e-009 4.666614130735106e-009 4.998345683623514e-009 5.329019216747527e-009 5.657965046558378e-009 5.985517318599659e-009 6.310999267203076e-009 6.63414014957054e-009 6.957849033521298e-009 7.28149001430423e-009 7.602523847100265e-009 7.919317733091405e-009 8.234063452550031e-009 8.546847121249906e-009 8.855629451088534e-009 9.158422236456984e-009 9.458417090029129e-009 9.754745648018396e-009 1.004375999075271e-008 1.032653081948704e-008 1.060430180279863e-008 1.087459582072456e-008 1.113471224420483e-008 1.138862030090706e-008 1.163284259421133e-008 1.186384449922492e-008 1.208055592183189e-008 1.228007969391955e-008 1.247383857127416e-008
9.796736025144455e-010 1.350442701991553e-009 1.705751261931628e-009 2.052049206506157e-009 2.395153525054126e-009 2.736766453303173e-009 3.07850609818633e-009 3.419133133228055e-009 3.759788583552412e-009 4.101560854961666e-009 4.444940105794833e-009 4.787520902692776e-009 5.128033715230639e-009 5.466577043699979e-009 5.804323339949328e-009 6.140682557175019e-009 6.47461258888386e-009 6.807055027307292e-009 7.139037112340932e-009 7.468671765023111e-009 7.797313235303234e-009 8.123252265838066e-009 8.445303769698648e-009 8.765024693274101e-009 9.081341996448214e-009 9.392041438804282e-009 9.700698879977394e-009 1.000579394716957e-008 1.030307856553176e-008 1.059372406082217e-008 1.087853113557074e-008 1.115512776683158e-008 1.142388139399189e-008 1.168796681823384e-008 1.194069014939013e-008 1.21781921096574e-008 1.240765853357718e-008 1.261891797699999e-008 1.282136617882213e-008
9.982577174489711e-010 1.383279415441923e-009 1.7476520136078e-009 2.101482587014048e-009 2.452647980281661e-009 2.802780960559171e-009 3.153061863893451e-009 3.502427263329422e-009 3.851768928868741e-009 4.202218744371093e-009 4.554450291752253e-009 4.905739227401517e-009 5.254411565004485e-009 5.601775438687581e-009 5.948205720859524e-009 6.292472853647448e-009 6.635334164417813e-009 6.97662273875388e-009 7.315763394339718e-009 7.653155954160661e-009 7.98943269969738e-009 8.322747832874849e-009 8.652211798570117e-009 8.979328934199967e-009 9.303652049876146e-009 9.622679356159525e-009 9.939180112184392e-009 1.025246847151724e-008 1.055856547564306e-008 1.085730946162297e-008 1.114889569215219e-008 1.143418850919577e-008 1.171295611921304e-008 1.198666153654838e-008 1.225012863321277e-008 1.24970735076947e-008 1.27368342729785e-008 1.295934389343876e-008 1.316589486088478e-008
1.052686502895613e-009 1.419905190038869e-009 1.786265188116102e-009 2.148502888023379e-009 2.5095799950295e-009 2.867828900159039e-009 3.225883930048797e-009 3.584652870500452e-009 3.944128396378394e-009 4.304372704124328e-009 4.662670264226287e-009 5.021286475739655e-009 5.378475210992517e-009 5.734126275540788e-009 6.089311935752963e-009 6.442847076046929e-009 6.793691106748408e-009 7.142778766909187e-009 7.490864274612803e-009 7.836107440073672e-009 8.178400073892793e-009 8.517917117183396e-009 8.854132696887207e-009 9.189319314591974e-009 9.522063929105178e-009 9.850287662259537e-009 1.017343542822484e-008 1.049447529108014e-008 1.081083462338516e-008 1.111730154119833e-008 1.141562951617767e-008 1.170697956651407e-008 1.199692359685308e-008 1.228525841922904e-008 1.256103053230309e-008 1.282005817223758e-008 1.306849661130334e-008 1.330210242446756e-008 1.352145613495617e-008
1.092197402217769e-009 1.459290957181549e-009 1.827705198986668e-009 2.196933875510917e-009 2.565767091478611e-009 2.931949094113692e-009 3.298293258527364e-009 3.665418677527474e-009 4.033606247148866e-009 4.401989763262447e-009 4.768069402047413e-009 5.134563364238487e-009 5.499867646674934e-009 5.863626109161625e-009 6.227140993179848e-009 6.58887098215506e-009 6.947686239344017e-009 7.304707168325306e-009 7.660662664149048e-009 8.013676023865723e-009 8.363771514135663e-009 8.710468744737819e-009 9.053733923457946e-009 9.395498949107259e-009 9.735093822071804e-009 1.007205652671796e-008 1.040162350311697e-008 1.07297291226634e-008 1.105725677764958e-008 1.137271655013499e-008 1.168107032660128e-008 1.198326653406804e-008 1.228403726464152e-008 1.25835429009736e-008 1.286810789171538e-008 1.31374819265417e-008 1.339726644361378e-008 1.363507192961351e-008 1.385753740327673e-008
1.116111282778001e-009 1.493483104752205e-009 1.868850111418586e-009 2.245768089726541e-009 2.621632065242448e-009 2.995578013456073e-009 3.370111941106257e-009 3.744837147351749e-009 4.120032728261905e-009 4.494944819783483e-009 4.870486242928312e-009 5.245324945942901e-009 5.618225071097695e-009 5.990430467118476e-009 6.361725901885373e-009 6.730500540356419e-009 7.097595819952162e-009 7.462247165898022e-009 7.824612334745683e-009 8.186415774491796e-009 8.54589959126205e-009 8.901147928796408e-009 9.250947937053347e-009 9.597534997522816e-009 9.942046243431004e-009 1.028547107084294e-008 1.06232687302191e-008 1.09576390234335e-008 1.129317232012839e-008 1.162316871893401e-008 1.194552944450358e-008 1.226148726355531e-008 1.257587062271513e-008 1.288045155738049e-008 1.317326313483661e-008 1.345731457380215e-008 1.372212091757642e-008 1.396495075797234e-008 1.418088443186762e-008
1.13904452501385e-009 1.525635812375936e-009 1.908737887943404e-009 2.293198040481439e-009 2.676796141699006e-009 3.058230697297311e-009 3.44039071813294e-009 3.822652889044233e-009 4.205467080816733e-009 4.587932672663044e-009 4.971186851420131e-009 5.353948824589719e-009 5.734556642674954e-009 6.114116404318649e-009 6.493599579006146e-009 6.870275815489648e-009 7.244758599694825e-009 7.617149956395557e-009 7.987080834572796e-009 8.355958675571809e-009 8.723728038422388e-009 9.086837820134898e-009 9.443756496016044e-009 9.797296998359926e-009 1.014951963336391e-008 1.049861175596856e-008 1.084456593130595e-008 1.1188617809632e-008 1.153081921421109e-008 1.187294040107382e-008 1.220687179692795e-008 1.253435588559989e-008 1.285972425389501e-008 1.31717913585812e-008 1.347513215737719e-008 1.376946928581844e-008 1.403957115496133e-008 1.429064951549624e-008 1.451142648912996e-008
1.156133826559432e-009 1.557510137537394e-009 1.950284988311169e-009 2.340705259965911e-009 2.731037226339883e-009 3.120073899654971e-009 3.509184376078794e-009 3.899078230548715e-009 4.28960745789572e-009 4.680696625602411e-009 5.070644711470135e-009 5.45988558289932e-009 5.847798800598054e-009 6.234823439679396e-009 6.622229606517184e-009 7.007453752118959e-009 7.389617951747558e-009 7.769416102109531e-009 8.14604285940672e-009 8.521726434572324e-009 8.896873134201292e-009 9.26730303139305e-009 9.633189358758226e-009 9.99450870824577e-009 1.035412806833296e-008 1.071135660658317e-008 1.106452296292437e-008 1.141482027949253e-008 1.176705531634947e-008 1.21211395584646e-008 1.246705153875013e-008 1.280341386881663e-008 1.31388805952016e-008 1.346165641585789e-008 1.377256455847248e-008 1.407678817253431e-008 1.435751829120856e-008 1.461404839008496e-008 1.484203491017194e-008
1.178440293068511e-009 1.588680749843129e-009 1.989365822682561e-009 2.386522776442972e-009 2.78402851735322e-009 3.180253217313066e-009 3.576638592310799e-009 3.97407726380147e-009 4.372202525681402e-009 4.771012346945979e-009 5.168357547352116e-009 5.564773813391995e-009 5.960228412991714e-009 6.354772205336116e-009 6.749344701965013e-009 7.142677073043966e-009 7.532591076778791e-009 7.920150099230566e-009 8.303795738336225e-009 8.686580209266301e-009 9.068296006186881e-009 9.446630572556104e-009 9.820033298431706e-009 1.018934308533084e-008 1.055789333404566e-008 1.09237574923067e-008 1.12858739289663e-008 1.164450897529308e-008 1.200608990886069e-008 1.236810529293292e-008 1.272242442466124e-008 1.306792121663831e-008 1.341108807987441e-008 1.374264008906725e-008 1.406303543343267e-008 1.43747062207909e-008 1.466312323260017e-008 1.492968118548563e-008 1.516495387857428e-008
1.20681325027918e-009 1.619273652197036e-009 2.026495737746094e-009 2.432203977034215e-009 2.836193683455955e-009 3.238362086033644e-009 3.642225498752453e-009 4.047464077568289e-009 4.453484409068128e-009 4.858844164058582e-009 5.264122667319193e-009 5.668502035765813e-009 6.071684717595574e-009 6.474074211791284e-009 6.874223020440961e-009 7.274576637219388e-009 7.674184034798225e-009 8.070028079732642e-009 8.461459616606024e-009 8.85070452178994e-009 9.237956544168984e-009 9.6221312405051e-009 1.000289073720997e-008 1.038212260326868e-008 1.07598335280064e-008 1.113598035699983e-008 1.15088369004373e-008 1.187848936734443e-008 1.224920061194279e-008 1.261310850819527e-008 1.297435926055984e-008 1.332906448577918e-008 1.367490425439021e-008 1.401841599748689e-008 1.434630559806007e-008 1.466169126876728e-008 1.496392330157543e-008 1.523976773750554e-008 1.548535512683456e-008
1.233019006035949e-009 1.649884430603723e-009 2.06234473043976e-009 2.475401914436752e-009 2.886363606315439e-009 3.295465089843539e-009 3.706766824598921e-009 4.119464812789149e-009 4.532930957863155e-009 4.945541773623047e-009 5.358807256536027e-009 5.770673635555104e-009 6.181599351999666e-009 6.592488188221206e-009 6.998793617305998e-009 7.40655120495161e-009 7.813968194056578e-009 8.216243248889055e-009 8.615237500849069e-009 9.011281344702237e-009 9.405187668015071e-009 9.795777731969003e-009 1.018454651190337e-008 1.05730677206374e-008 1.096048968966114e-008 1.13458091227177e-008 1.172748613706434e-008 1.210866913140404e-008 1.248474606167225e-008 1.285534188460759e-008 1.322389437494758e-008 1.358393508566789e-008 1.393606905105664e-008 1.42852402564758e-008 1.46215120518802e-008 1.494481505859588e-008 1.525449530437273e-008 1.553724774404059e-008 1.579366040180889e-008
1.250927925693653e-009 1.676302627167572e-009 2.095799144599273e-009 2.515658252256597e-009 2.934421894836627e-009 3.351211117080713e-009 3.770124262142127e-009 4.190287527407092e-009 4.610610649549292e-009 5.030693051773516e-009 5.452536193289859e-009 5.873163625963217e-009 6.291319721034507e-009 6.711020037885523e-009 7.126952390572823e-009 7.539444657446448e-009 7.951922328343872e-009 8.360448036761017e-009 8.765784556852767e-009 9.169600028748257e-009 9.569720790544336e-009 9.966018557336422e-009 1.036248514366138e-008 1.076147736826538e-008 1.11603516185819e-008 1.155436209020648e-008 1.194553168231739e-008 1.233739392415904e-008 1.271942521529851e-008 1.309653473393378e-008 1.347063326432733e-008 1.383488381975744e-008 1.419321696800452e-008 1.454108015152471e-008 1.488783012783106e-008 1.52230324876659e-008 1.553303672541885e-008 1.582711839000291e-008 1.609885279915612e-008
1.272078220720521e-009 1.702476971599091e-009 2.128496900255166e-009 2.555487630723587e-009 2.981869308086157e-009 3.406202269941379e-009 3.832401679938169e-009 4.259542108209061e-009 4.686365075267274e-009 5.113301686200732e-009 5.542358218243301e-009 5.970367817994608e-009 6.396267941256609e-009 6.82333372399784e-009 7.246559553808455e-009 7.666536608856497e-009 8.084774201208324e-009 8.499988152050484e-009 8.911761991928875e-009 9.323181498831824e-009 9.730694283318463e-009 1.013498708114191e-008 1.053997318641883e-008 1.094805220936757e-008 1.135537452421261e-008 1.175733258252652e-008 1.215755443890511e-008 1.255565919668065e-008 1.29453856798472e-008 1.333016389094372e-008 1.370910584601428e-008 1.40802881332678e-008 1.44444943362238e-008 1.479727589356977e-008 1.514879694271148e-008 1.548902560518122e-008 1.580596942550403e-008 1.610569142763119e-008 1.638203155808427e-008
1.289857633678616e-009 1.727242950603334e-009 2.160137858300317e-009 2.594197398471254e-009 3.028908039852313e-009 3.463756042037061e-009 3.895667653382789e-009 4.327101924719787e-009 4.759443059231113e-009 5.193403990761206e-009 5.627433278371354e-009 6.061238045590414e-009 6.496624582597097e-009 6.929346668114432e-009 7.359789443764599e-009 7.788356145939642e-009 8.213525200893225e-009 8.634469736018537e-009 9.052458992927276e-009 9.470839208463182e-009 9.887189851848649e-009 1.030225240821018e-008 1.071709530167385e-008 1.113355624051446e-008 1.154694416695936e-008 1.195652515480918e-008 1.2363472631981e-008 1.276513309984575e-008 1.316469639635666e-008 1.355687579477096e-008 1.394138265697408e-008 1.432121460718895e-008 1.469147897249042e-008 1.505196958663125e-008 1.540387807096297e-008 1.574072799467171e-008 1.607098111054035e-008 1.637337548386188e-008 1.664921688292936e-008
