data/gpsIIR_gridfiles/GPSIIRnonapShroudY-R100-Q50W50S0.grd
DSAA
361 181
-180 180
-90 90
-3.5245714920859E-008 3.544718437806E-008
[rows 85 to 101 of 181, columns 195 to 233 of 361]
-7.715251436422642e-009 -8.288318729211528e-009 -8.879802288705789e-009 -9.492262260299305e-009 -1.01183955264334e-008 -1.075549656053762e-008 -1.143226845863725e-008 -1.209919412356101e-008 -1.273115298154178e-008 -1.335849391808853e-008 -1.398145688173339e-008 -1.459990420466157e-008 -1.521193265688103e-008 -1.581504681742496e-008 -1.642182155121197e-008 -1.702185790415934e-008 -1.76171157886156e-008 -1.820752817136613e-008 -1.8788745598165e-008 -1.936386463524867e-008 -1.99304925238402e-008 -2.048483470283272e-008 -2.103798555010681e-008 -2.159100371045781e-008 -2.212754321491344e-008 -2.26564359070022e-008 -2.316894394858408e-008 -2.366777655795185e-008 -2.416270756918156e-008 -2.462910950077461e-008 -2.511842476049415e-008 -2.564523610114687e-008 -2.616974422661479e-008 -2.669450432311324e-008 -2.720752517076321e-008 -2.769149899074458e-008 -2.815853070446554e-008 -2.86139117300213e-008 -2.904590555955007e-008
-7.694009260185412e-009 -8.26290471157139e-009 -8.850301563850222e-009 -9.458439209729861e-009 -1.008671695021985e-008 -1.073341353029298e-008 -1.139437402764331e-008 -1.205334976466442e-008 -1.268880471343841e-008 -1.331417957969471e-008 -1.393472526539182e-008 -1.455278112043724e-008 -1.516344864049032e-008 -1.576966864153118e-008 -1.63732297623308e-008 -1.697376328069991e-008 -1.756765306512274e-008 -1.815554033615891e-008 -1.873653830921216e-008 -1.931152843274119e-008 -1.98785191878307e-008 -2.043660725136875e-008 -2.099067675513117e-008 -2.15406854800558e-008 -2.207971203012638e-008 -2.26061623482656e-008 -2.311970889170282e-008 -2.361597027432802e-008 -2.410549458307045e-008 -2.458580928762412e-008 -2.507709330464493e-008 -2.559538121777437e-008 -2.611810305308701e-008 -2.663809793793772e-008 -2.714743451555756e-008 -2.7629859299669e-008 -2.809531756739627e-008 -2.854622082373723e-008 -2.898395407319565e-008
-7.667559156969118e-009 -8.234198918599553e-009 -8.81250762820393e-009 -9.420120221986141e-009 -1.004286240252646e-008 -1.070088869515543e-008 -1.134848910409266e-008 -1.200912946627831e-008 -1.263467744079202e-008 -1.325540165545259e-008 -1.387097668676306e-008 -1.44956143758372e-008 -1.51005265801529e-008 -1.570904646425542e-008 -1.630880540708963e-008 -1.691115210969089e-008 -1.750338061496487e-008 -1.808732908661654e-008 -1.866941544626172e-008 -1.924287599871583e-008 -1.981437936760436e-008 -2.036848741697161e-008 -2.092648571552571e-008 -2.147324391797729e-008 -2.201808844591868e-008 -2.253802455864561e-008 -2.306070785755034e-008 -2.354739652554617e-008 -2.404529784007168e-008 -2.452177213446051e-008 -2.50109186462789e-008 -2.552953865775741e-008 -2.605565088535707e-008 -2.656481439119577e-008 -2.708231725811793e-008 -2.754790499207893e-008 -2.801611613982449e-008 -2.845614414481894e-008 -2.890312243901978e-008
-7.630059453967575e-009 -8.190319574087424e-009 -8.760120036699558e-009 -9.360417573433164e-009 -9.973521205312444e-009 -1.064042525703416e-008 -1.130211384128698e-008 -1.19439583606555e-008 -1.2559131981171e-008 -1.317711897989542e-008 -1.378010454095483e-008 -1.43964652383706e-008 -1.49968890856501e-008 -1.560571099218085e-008 -1.620338583545614e-008 -1.680424003024369e-008 -1.739459085142463e-008 -1.798132025239131e-008 -1.856157903849108e-008 -1.913576307936616e-008 -1.970580273371545e-008 -2.026523839910034e-008 -2.082449153945873e-008 -2.137050548644758e-008 -2.191359151271138e-008 -2.243674735770382e-008 -2.295644029877013e-008 -2.345423525250675e-008 -2.395160423461486e-008 -2.443944003465294e-008 -2.493719206258642e-008 -2.544283905994884e-008 -2.596261703903477e-008 -2.646556798116987e-008 -2.696300484863993e-008 -2.742622139602211e-008 -2.78910906740337e-008 -2.832434054078956e-008 -2.875889731202949e-008
-7.599291465720219e-009 -8.148118890356581e-009 -8.716474238256059e-009 -9.29958593593927e-009 -9.889399164108203e-009 -1.058203187164373e-008 -1.128572211495787e-008 -1.188797701466514e-008 -1.248894357117128e-008 -1.310046316626288e-008 -1.369437964485709e-008 -1.430429890390049e-008 -1.490474497689668e-008 -1.550922976900994e-008 -1.61101198868121e-008 -1.67059141055321e-008 -1.729920508433276e-008 -1.78834096466569e-008 -1.84653978420175e-008 -1.90381815444497e-008 -1.960919130071668e-008 -2.017030606044725e-008 -2.073124921698751e-008 -2.12785859174663e-008 -2.181798584863907e-008 -2.234714893272044e-008 -2.286197117504772e-008 -2.337382680088239e-008 -2.386448288843279e-008 -2.436778421185229e-008 -2.48573253804466e-008 -2.536705837674437e-008 -2.587744779014781e-008 -2.638715971774204e-008 -2.686014056124833e-008 -2.732871841125431e-008 -2.777911276262094e-008 -2.822222397176422e-008 -2.863414368810762e-008
-7.582233288652832e-009 -8.128747666574892e-009 -8.695170701252602e-009 -9.277189743197023e-009 -9.890788485032524e-009 -1.054515565242319e-008 -1.121636437687978e-008 -1.183984813617612e-008 -1.24546411848893e-008 -1.305412313359816e-008 -1.365593252234319e-008 -1.425063986998143e-008 -1.48543593828699e-008 -1.545057219046697e-008 -1.605160204399553e-008 -1.664168830379179e-008 -1.723293458576642e-008 -1.781240704176397e-008 -1.839177574168843e-008 -1.896240791545335e-008 -1.952994714555871e-008 -2.009226524973711e-008 -2.064640329183262e-008 -2.119545288896671e-008 -2.172957946238515e-008 -2.226072952135578e-008 -2.277240050481643e-008 -2.3287056095188e-008 -2.378037651800329e-008 -2.427821959966017e-008 -2.476657040011002e-008 -2.529014850306206e-008 -2.579719338831568e-008 -2.630281719318146e-008 -2.67755579447338e-008 -2.724835841071431e-008 -2.768783142659132e-008 -2.812778514121213e-008 -2.852864480670201e-008
-7.581351846068436e-009 -8.128459793004798e-009 -8.695533529760184e-009 -9.271364479261615e-009 -9.898815108569413e-009 -1.052642347513096e-008 -1.118966787911577e-008 -1.181977435457891e-008 -1.244454370743668e-008 -1.303290030908691e-008 -1.364615115094574e-008 -1.422564534544403e-008 -1.483763380744526e-008 -1.542531647545823e-008 -1.602971092471637e-008 -1.661240221457331e-008 -1.720443162682376e-008 -1.777666464648385e-008 -1.835558257767047e-008 -1.892316112436695e-008 -1.948750507010222e-008 -2.00516814039507e-008 -2.059928609893993e-008 -2.115112812022934e-008 -2.167798852239964e-008 -2.221357232436534e-008 -2.271809999959953e-008 -2.324181918576176e-008 -2.37346652727649e-008 -2.422696768542773e-008 -2.470292844330695e-008 -2.52516055151479e-008 -2.575863713109217e-008 -2.626674930129358e-008 -2.673291363086148e-008 -2.721647437718095e-008 -2.764602003292253e-008 -2.8095828524923e-008 -2.847916846562549e-008
-7.613537760049378e-009 -8.163426544561297e-009 -8.738193174147405e-009 -9.318039685188706e-009 -9.942630154297386e-009 -1.058740686564704e-008 -1.125525425588869e-008 -1.187430161335742e-008 -1.249632990449827e-008 -1.309408553722419e-008 -1.37086650538709e-008 -1.429639763708156e-008 -1.490791967169763e-008 -1.549579066204571e-008 -1.610199970079446e-008 -1.668190391922329e-008 -1.727403678059964e-008 -1.784523773034334e-008 -1.842586123105397e-008 -1.898959690532114e-008 -1.955624793037538e-008 -2.011197733999516e-008 -2.066295195399833e-008 -2.120677494388621e-008 -2.174010032352423e-008 -2.226659088778103e-008 -2.277334133554076e-008 -2.328254330787262e-008 -2.377198216902406e-008 -2.426998069216795e-008 -2.476230162754575e-008 -2.528557541812143e-008 -2.580180339514808e-008 -2.631775060264702e-008 -2.679662031940689e-008 -2.728094311563843e-008 -2.772600964886007e-008 -2.818197961448616e-008 -2.858580704490345e-008
-7.660647819823187e-009 -8.218522414612806e-009 -8.80415251146272e-009 -9.377550498812923e-009 -9.988470341647239e-009 -1.067104967343818e-008 -1.136430982080985e-008 -1.195301169059452e-008 -1.256540332088361e-008 -1.317312291810728e-008 -1.379643808949202e-008 -1.438635098538603e-008 -1.500268742398804e-008 -1.55874553978569e-008 -1.620018471468627e-008 -1.677282154046148e-008 -1.736676957815815e-008 -1.793348432264726e-008 -1.851801346470176e-008 -1.907673697947745e-008 -1.964391813365455e-008 -2.019410947655535e-008 -2.074395536298814e-008 -2.128276660754613e-008 -2.181919494788443e-008 -2.234133191158405e-008 -2.284198991707737e-008 -2.334687022694594e-008 -2.382827528623903e-008 -2.432839359027141e-008 -2.482183235214789e-008 -2.533532981336352e-008 -2.586591700667844e-008 -2.638666112134251e-008 -2.687205653336128e-008 -2.735681643835927e-008 -2.781632088375885e-008 -2.827897914957269e-008 -2.869338414431832e-008
-7.694702053136426e-009 -8.25828475977621e-009 -8.837473026426029e-009 -9.42644616967392e-009 -1.004242049135677e-008 -1.071184352919738e-008 -1.138374480089634e-008 -1.200561634762572e-008 -1.261513418707669e-008 -1.322774371611483e-008 -1.383807436068853e-008 -1.444284232602161e-008 -1.504663874064588e-008 -1.564438584885188e-008 -1.623992464123981e-008 -1.682589445426156e-008 -1.740745365007829e-008 -1.798461435485736e-008 -1.856003138997624e-008 -1.912833400092855e-008 -1.969202866825248e-008 -2.024816544284526e-008 -2.079472066860425e-008 -2.133545730984046e-008 -2.186768566995154e-008 -2.238952405552303e-008 -2.289484257545872e-008 -2.339493477112031e-008 -2.387457368408651e-008 -2.436447084885853e-008 -2.486456637909672e-008 -2.537889814888868e-008 -2.59123332978125e-008 -2.644108539772626e-008 -2.693528404769236e-008 -2.741668159467223e-008 -2.788444636645618e-008 -2.833982742130945e-008 -2.876991268765018e-008
-7.730629494515249e-009 -8.297100711371878e-009 -8.880166106120122e-009 -9.468447117032717e-009 -1.00647877543088e-008 -1.074554699995593e-008 -1.143636245468965e-008 -1.20510457557714e-008 -1.265154024127374e-008 -1.327099116488607e-008 -1.387894068733273e-008 -1.448780759173566e-008 -1.509147207463439e-008 -1.568960369086071e-008 -1.628198256026729e-008 -1.686904476730569e-008 -1.744668966288823e-008 -1.802512643451313e-008 -1.860268268012636e-008 -1.917145465381354e-008 -1.973957141217718e-008 -2.029657965667934e-008 -2.084239311718823e-008 -2.138103699274721e-008 -2.191511801543461e-008 -2.243649087421215e-008 -2.294411358255664e-008 -2.344913651098155e-008 -2.391541143730461e-008 -2.439897482269882e-008 -2.490163933253742e-008 -2.541092268479146e-008 -2.595707044940766e-008 -2.650297913668836e-008 -2.699003708029638e-008 -2.746687145583008e-008 -2.794112514286219e-008 -2.840006819698817e-008 -2.883115742833648e-008
-7.760524417908822e-009 -8.329442836425966e-009 -8.910415148728475e-009 -9.50857436888074e-009 -1.012428334936606e-008 -1.078340244774306e-008 -1.144464525121347e-008 -1.207849289434873e-008 -1.269429491210621e-008 -1.330754672342964e-008 -1.39166336197576e-008 -1.452461204457373e-008 -1.512673974996016e-008 -1.572341333916587e-008 -1.631495810173903e-008 -1.690073602566257e-008 -1.748138939600942e-008 -1.806023476374407e-008 -1.863480091528433e-008 -1.92032495940607e-008 -1.976748117353514e-008 -2.032834673326867e-008 -2.08785130303996e-008 -2.141805967547069e-008 -2.194858127887446e-008 -2.246820262152787e-008 -2.297444448899322e-008 -2.346791548560513e-008 -2.394772129879642e-008 -2.443113307017728e-008 -2.492574519035511e-008 -2.544839546156741e-008 -2.598881753576201e-008 -2.651805906641726e-008 -2.702529946326957e-008 -2.751251826607614e-008 -2.798523059618291e-008 -2.843866570221235e-008 -2.887081855842367e-008
-7.785638740566921e-009 -8.355821618212294e-009 -8.936634740800169e-009 -9.537553468962081e-009 -1.016055204149718e-008 -1.081168713422911e-008 -1.145400061293754e-008 -1.209990822400894e-008 -1.272104621154851e-008 -1.332732292469704e-008 -1.39393860496658e-008 -1.454886404977258e-008 -1.515045144619273e-008 -1.574390549822112e-008 -1.633562186794639e-008 -1.692022001972088e-008 -1.750125431621826e-008 -1.808290908227895e-008 -1.865556190408207e-008 -1.922188400926334e-008 -1.978129908723067e-008 -2.035031827953608e-008 -2.090138212510875e-008 -2.144234332342755e-008 -2.196771997265329e-008 -2.249088616335863e-008 -2.299433180441971e-008 -2.348675769592212e-008 -2.396770982460127e-008 -2.445237074427454e-008 -2.493174238008031e-008 -2.546695391296911e-008 -2.601317879898741e-008 -2.653564247502437e-008 -2.704868107830741e-008 -2.754075205413884e-008 -2.801283121796163e-008 -2.846622010037267e-008 -2.889511702663703e-008
-7.797635160684408e-009 -8.366181771493603e-009 -8.947909823514119e-009 -9.548117581513862e-009 -1.01694138491763e-008 -1.081000348922083e-008 -1.1463286457908e-008 -1.210990314506047e-008 -1.273054160703804e-008 -1.333976059312281e-008 -1.395019667516475e-008 -1.455683006412168e-008 -1.515943863610005e-008 -1.575621171543819e-008 -1.634921348824856e-008 -1.693777093592462e-008 -1.751851019451495e-008 -1.809548955994375e-008 -1.866802426056701e-008 -1.923604160134687e-008 -1.97995584175133e-008 -2.036217301421926e-008 -2.091463937237147e-008 -2.145891515798136e-008 -2.198951423732183e-008 -2.250976029743397e-008 -2.301466102116527e-008 -2.35028305090992e-008 -2.398647404127805e-008 -2.446542397517493e-008 -2.49594120547541e-008 -2.548691276528898e-008 -2.602448965228301e-008 -2.655522358764954e-008 -2.707450805156324e-008 -2.756490903944688e-008 -2.803572961172176e-008 -2.848560811939814e-008 -2.8916672758032e-008
-7.801426996487856e-009 -8.369941517575313e-009 -8.950351091809008e-009 -9.548039082217781e-009 -1.016370389654975e-008 -1.078928492346492e-008 -1.146681568496703e-008 -1.212385438531842e-008 -1.272939162571239e-008 -1.33334572350377e-008 -1.39475755003995e-008 -1.45534898052048e-008 -1.515715582857214e-008 -1.575614471404336e-008 -1.635040499300409e-008 -1.694491549925576e-008 -1.75230847558828e-008 -1.809606453695391e-008 -1.866871058422248e-008 -1.923769162080967e-008 -1.980143390657378e-008 -2.036333187750817e-008 -2.091414567662817e-008 -2.146281718424332e-008 -2.199414827470431e-008 -2.251596858876892e-008 -2.302349261327815e-008 -2.350589229688041e-008 -2.399534750897197e-008 -2.446254399949992e-008 -2.495493375024361e-008 -2.548952841177136e-008 -2.602548543308685e-008 -2.656040064169042e-008 -2.708567013848005e-008 -2.7572560830647e-008 -2.803951221206409e-008 -2.848981069797054e-008 -2.891832296916449e-008
-7.803097074096753e-009 -8.369508646427704e-009 -8.948348035750488e-009 -9.542946222228935e-009 -1.01513728454033e-008 -1.07869665099899e-008 -1.145477155175258e-008 -1.21022653467184e-008 -1.271874956678947e-008 -1.332848156611928e-008 -1.393655851149283e-008 -1.454190971087603e-008 -1.514572443473609e-008 -1.574505197702673e-008 -1.633815928630344e-008 -1.692647780047772e-008 -1.750835440347557e-008 -1.808438680281993e-008 -1.865766079629936e-008 -1.922750217290202e-008 -1.979200529358408e-008 -2.035277381664724e-008 -2.090484087434287e-008 -2.145038479621955e-008 -2.198351077162389e-008 -2.250537194780732e-008 -2.300910499112326e-008 -2.349272731601175e-008 -2.397302034005287e-008 -2.444170210047365e-008 -2.493680873360662e-008 -2.546951329278784e-008 -2.600651791402703e-008 -2.654719421709416e-008 -2.707061520068632e-008 -2.756237089364093e-008 -2.803144850202347e-008 -2.847783742318147e-008 -2.890593956007171e-008
-7.800818533869516e-009 -8.366371965811388e-009 -8.946483480899334e-009 -9.536846406411988e-009 -1.012606587680841e-008 -1.075806898965502e-008 -1.145329939910256e-008 -1.208967345591719e-008 -1.269973558676177e-008 -1.331017556354506e-008 -1.391660364085066e-008 -1.451961183902194e-008 -1.512604920811123e-008 -1.572612547709506e-008 -1.631544857381183e-008 -1.689964276184379e-008 -1.748303083198301e-008 -1.806118451586047e-008 -1.863428204272698e-008 -1.920636402713414e-008 -1.97686634352729e-008 -2.033052362256829e-008 -2.087986458943562e-008 -2.142419013192901e-008 -2.19559519215829e-008 -2.248136351955515e-008 -2.29846475122765e-008 -2.346306861362736e-008 -2.394671759451149e-008 -2.43972204686941e-008 -2.488892582655307e-008 -2.543476267164527e-008 -2.597001557642832e-008 -2.651822975540916e-008 -2.704511523375717e-008 -2.753353793427056e-008 -2.800300999228013e-008 -2.844774102632206e-008 -2.88725016404847e-008
