data/gpsIIR_gridfiles/GPSIIRnapShroudX-R100-Q32W44S0.grd
DSAA
361 181
-180 180
-90 90
-2.8234695907305E-008 2.8247365949324E-008
[rows 153 to 169 of 181, columns 195 to 233 of 361]
-1.376967346010205e-008 -1.373542147497085e-008 -1.369752430900313e-008 -1.365614312001293e-008 -1.361254855246624e-008 -1.356445504743793e-008 -1.351119429301425e-008 -1.345166192098518e-008 -1.338483513877425e-008 -1.331157616059546e-008 -1.323226280067034e-008 -1.314674787917966e-008 -1.305488016282133e-008 -1.295651463479054e-008 -1.285198234251641e-008 -1.27416035649552e-008 -1.262426278622154e-008 -1.24997787091323e-008 -1.237009798617632e-008 -1.223351033288662e-008 -1.209004172788706e-008 -1.193656691231947e-008 -1.177187281866668e-008 -1.159425023271605e-008 -1.14083304069506e-008 -1.121918478757513e-008 -1.102997807391229e-008 -1.082755293447074e-008 -1.06175168305631e-008 -1.042101639477747e-008 -1.023840945532987e-008 -1.006996879507555e-008 -9.919634180583602e-009 -9.776878855780786e-009 -9.628669211724776e-009 -9.470223039808454e-009 -9.309605539722214e-009 -9.14752339287307e-009 -8.972586653607924e-009
-1.326589229408984e-008 -1.323316063418695e-008 -1.319655292944363e-008 -1.315631037093824e-008 -1.311390979066833e-008 -1.306601321034249e-008 -1.301222144191778e-008 -1.295335000495093e-008 -1.28879542468179e-008 -1.281656629402958e-008 -1.273899914701253e-008 -1.265511979686159e-008 -1.256543255460422e-008 -1.246935614819492e-008 -1.236726157958962e-008 -1.225939130157003e-008 -1.214578220497201e-008 -1.202529886379704e-008 -1.189770610204804e-008 -1.176220706445725e-008 -1.16229017968603e-008 -1.147671589383302e-008 -1.131646041430962e-008 -1.114285061785271e-008 -1.096537335468783e-008 -1.078621497504496e-008 -1.060166175453042e-008 -1.040591963744188e-008 -1.020742660296019e-008 -1.002375630502061e-008 -9.84757274292668e-009 -9.684631521303468e-009 -9.539282930179319e-009 -9.400160197503079e-009 -9.252233728159113e-009 -9.10080861674767e-009 -8.946937674256434e-009 -8.790697917626329e-009 -8.624430692661685e-009
-1.27590723110633e-008 -1.272782537385601e-008 -1.269301981504274e-008 -1.265459674447156e-008 -1.261284564244543e-008 -1.256478063336391e-008 -1.251078447596151e-008 -1.24525624246701e-008 -1.238862442404088e-008 -1.231918841828325e-008 -1.224352800924117e-008 -1.216133379691182e-008 -1.207358140104464e-008 -1.198002363779021e-008 -1.188108524845376e-008 -1.177592216456949e-008 -1.166503068253339e-008 -1.154830705612254e-008 -1.14241444851723e-008 -1.129165085214679e-008 -1.115554571548855e-008 -1.101323180322911e-008 -1.085818438794825e-008 -1.069176432264808e-008 -1.052338333634281e-008 -1.035221563081049e-008 -1.017219209025481e-008 -9.983636828673607e-009 -9.79619459498058e-009 -9.623122036013132e-009 -9.455320958327149e-009 -9.297890959931398e-009 -9.15715071026285e-009 -9.02261855654828e-009 -8.87730491257906e-009 -8.729749062739966e-009 -8.582348048818342e-009 -8.432986339823162e-009 -8.275900463576381e-009
-1.225054918864305e-008 -1.221969161545617e-008 -1.218591336090352e-008 -1.214816278920644e-008 -1.21057021569153e-008 -1.205846216095943e-008 -1.200584089262812e-008 -1.194869495961937e-008 -1.188606438723736e-008 -1.181793606678296e-008 -1.174433529675135e-008 -1.166454629196373e-008 -1.157916910898949e-008 -1.148830411537469e-008 -1.139198041321983e-008 -1.128996103420164e-008 -1.118234227437956e-008 -1.106960246330564e-008 -1.095100501862619e-008 -1.08252841332971e-008 -1.069269997704943e-008 -1.055156281568894e-008 -1.040096791076758e-008 -1.024271349520072e-008 -1.008108664239533e-008 -9.91572143721586e-009 -9.744456535672034e-009 -9.564311605403171e-009 -9.385899217465955e-009 -9.217494485072953e-009 -9.055988948704467e-009 -8.905767639457249e-009 -8.77006694224033e-009 -8.639503408254669e-009 -8.501903224843484e-009 -8.361090038005422e-009 -8.216477127076656e-009 -8.072183704112919e-009 -7.922787263221514e-009
-1.173860944825258e-008 -1.170823341916111e-008 -1.167516481016156e-008 -1.163818264967778e-008 -1.159576408482052e-008 -1.154866274443655e-008 -1.149727835052463e-008 -1.144155796375475e-008 -1.138064304758933e-008 -1.131417264722426e-008 -1.124234851537168e-008 -1.116470787696976e-008 -1.108210823347431e-008 -1.099429443873652e-008 -1.090090592852296e-008 -1.080200755972047e-008 -1.069735694054735e-008 -1.058842425951896e-008 -1.047576656175783e-008 -1.035716476881921e-008 -1.02288907907276e-008 -1.008945531583534e-008 -9.943161303635772e-009 -9.792522174467678e-009 -9.637011636074525e-009 -9.480230466979094e-009 -9.316867198363009e-009 -9.144704914658076e-009 -8.976320273867842e-009 -8.812522921155853e-009 -8.655528643578932e-009 -8.512426559021748e-009 -8.383030586159276e-009 -8.256088681731867e-009 -8.125225577982177e-009 -7.992294994307668e-009 -7.851538931087898e-009 -7.710880070474463e-009 -7.566783148303989e-009
-1.122306266671575e-008 -1.119301856524675e-008 -1.116042555944439e-008 -1.112432945000769e-008 -1.108277765201914e-008 -1.103578499323072e-008 -1.098544069805044e-008 -1.093120849221526e-008 -1.087230985855719e-008 -1.080808447315954e-008 -1.073751634619008e-008 -1.066209284872318e-008 -1.058266576033179e-008 -1.049806299125216e-008 -1.040803688176711e-008 -1.031180584210969e-008 -1.020961849193706e-008 -1.010411487972901e-008 -9.996358980724449e-009 -9.882794033309095e-009 -9.758665858185195e-009 -9.623272816752817e-009 -9.483842287426029e-009 -9.342410648363821e-009 -9.194573612791457e-009 -9.043248820969302e-009 -8.885060307310946e-009 -8.722888671328012e-009 -8.568285704997721e-009 -8.414349051172917e-009 -8.262796648692221e-009 -8.125275886378129e-009 -8.00016773087466e-009 -7.875200247852108e-009 -7.744757004605311e-009 -7.61687865617062e-009 -7.48493073231363e-009 -7.350321926456819e-009 -7.211737532654302e-009
-1.07050901261861e-008 -1.067471145950098e-008 -1.064180213291353e-008 -1.060634507116591e-008 -1.056651047697621e-008 -1.052138584676262e-008 -1.047189841379967e-008 -1.04179852262188e-008 -1.035988962898654e-008 -1.029781489259145e-008 -1.023097373200319e-008 -1.015903937643353e-008 -1.008190461584965e-008 -9.999233313633985e-009 -9.911409846067095e-009 -9.818735809163252e-009 -9.721570215884311e-009 -9.620022077105692e-009 -9.515091601173507e-009 -9.404006698214734e-009 -9.283571924391675e-009 -9.156140989779904e-009 -9.026165937351669e-009 -8.892578228528533e-009 -8.751337632630378e-009 -8.603983041734035e-009 -8.452279470860454e-009 -8.301898554977232e-009 -8.158089242381052e-009 -8.015476638432706e-009 -7.872806809448787e-009 -7.740203831103299e-009 -7.617556114464504e-009 -7.494890336928284e-009 -7.367197899501801e-009 -7.240936311025903e-009 -7.116074028874967e-009 -6.989299429048127e-009 -6.858081711315566e-009
-1.018473043203694e-008 -1.015378433880119e-008 -1.012056948761568e-008 -1.008559894047481e-008 -1.00482249209735e-008 -1.000523498929711e-008 -9.956179193364097e-009 -9.902201971495214e-009 -9.844748621841169e-009 -9.78500538287211e-009 -9.72282022062326e-009 -9.654431754171676e-009 -9.579284622744531e-009 -9.498377380056283e-009 -9.413086373860303e-009 -9.32450419283763e-009 -9.232980173270414e-009 -9.136120914689386e-009 -9.033674111577247e-009 -8.924774014995259e-009 -8.809023057722053e-009 -8.689620998805929e-009 -8.567920332449508e-009 -8.44074996771696e-009 -8.306070396687886e-009 -8.164813006291743e-009 -8.021732178968625e-009 -7.882979362568119e-009 -7.747278703610365e-009 -7.61233120820899e-009 -7.479108049251187e-009 -7.352465121866747e-009 -7.232779349784576e-009 -7.113089917694952e-009 -6.990717050664571e-009 -6.868852684707273e-009 -6.748496174518295e-009 -6.627980189130238e-009 -6.50413894458329e-009
-9.660463365991802e-009 -9.631352619022941e-009 -9.599661616805972e-009 -9.564489391887745e-009 -9.527018390347265e-009 -9.484835497675405e-009 -9.436918285641816e-009 -9.385038377033527e-009 -9.33048327833388e-009 -9.272601960969435e-009 -9.211921575443209e-009 -9.146260942544311e-009 -9.074046963857717e-009 -8.996519409094462e-009 -8.915676304994415e-009 -8.831291796098237e-009 -8.742363265183346e-009 -8.649248456238766e-009 -8.550602682739082e-009 -8.446071001119052e-009 -8.336950942062331e-009 -8.225259340713923e-009 -8.108835180436658e-009 -7.98716119427692e-009 -7.859573610238595e-009 -7.726387423264892e-009 -7.592586546848048e-009 -7.463846057387176e-009 -7.336838837521408e-009 -7.208224809226792e-009 -7.082781306881872e-009 -6.962354703223055e-009 -6.847187570269328e-009 -6.732593128685165e-009 -6.615348779873641e-009 -6.498805992599023e-009 -6.382923452657953e-009 -6.267051440289516e-009 -6.149927620387685e-009
-9.134013520843119e-009 -9.106548170560035e-009 -9.077208608133213e-009 -9.042768646662111e-009 -9.004793558499944e-009 -8.962771489531817e-009 -8.916456249748627e-009 -8.867105270007377e-009 -8.815543369804277e-009 -8.76028574565206e-009 -8.700673850896623e-009 -8.636807651259077e-009 -8.567787093586886e-009 -8.494186716360704e-009 -8.41706306516543e-009 -8.3366212323772e-009 -8.251138721709741e-009 -8.161137821979452e-009 -8.066716626897412e-009 -7.967825785941183e-009 -7.865156501260711e-009 -7.75885002850431e-009 -7.648271658499774e-009 -7.53343102390571e-009 -7.413255889990042e-009 -7.288972306235099e-009 -7.164055321328807e-009 -7.042164982971472e-009 -6.921133808868797e-009 -6.80172814478594e-009 -6.684715967686651e-009 -6.570709107630978e-009 -6.460638661112491e-009 -6.351897206135792e-009 -6.241745492437336e-009 -6.132075379369895e-009 -6.020121826030013e-009 -5.907763372490157e-009 -5.795779623237018e-009
-8.608676383620946e-009 -8.580901940051985e-009 -8.551542636765173e-009 -8.518464679995262e-009 -8.481325232705131e-009 -8.440433485968807e-009 -8.396405190340347e-009 -8.349988884929588e-009 -8.29954040935361e-009 -8.245544147709343e-009 -8.188120167174653e-009 -8.126848659953735e-009 -8.061533560819169e-009 -7.992259102499261e-009 -7.919254877105174e-009 -7.841824520257622e-009 -7.759231338715794e-009 -7.672884981745282e-009 -7.583021072540025e-009 -7.48998288094438e-009 -7.393531688601842e-009 -7.293292256507018e-009 -7.189930549674699e-009 -7.080570530010947e-009 -6.967806139057934e-009 -6.852645967279396e-009 -6.736057340306607e-009 -6.620688024263342e-009 -6.507084413991151e-009 -6.396165883188435e-009 -6.286341592689038e-009 -6.178322323318624e-009 -6.073374238552834e-009 -5.970990099271839e-009 -5.869184981811156e-009 -5.766747606976877e-009 -5.659733117111682e-009 -5.551170162786317e-009 -5.442851838435794e-009
-8.083406852010001e-009 -8.056156071891383e-009 -8.026123113900408e-009 -7.993324952506046e-009 -7.957324193898731e-009 -7.918124174424117e-009 -7.875879875118103e-009 -7.830778740670338e-009 -7.782292403795279e-009 -7.730238521913218e-009 -7.675002018621768e-009 -7.616710773272693e-009 -7.555344617970115e-009 -7.490468120964833e-009 -7.421392138337962e-009 -7.346494382289734e-009 -7.267929155000983e-009 -7.185766595205498e-009 -7.100282543790846e-009 -7.012978519222784e-009 -6.92339361556504e-009 -6.830385857540669e-009 -6.731898808508861e-009 -6.627895637257062e-009 -6.524568673677875e-009 -6.418275529164005e-009 -6.309851466539034e-009 -6.202255895474598e-009 -6.096308746098279e-009 -5.992042909941099e-009 -5.888465115139181e-009 -5.786103404816562e-009 -5.686615542255988e-009 -5.59066101076438e-009 -5.495682681372407e-009 -5.398926413189023e-009 -5.298389611411342e-009 -5.195905325676965e-009 -5.092879582839022e-009
-7.557265861733596e-009 -7.530397981607475e-009 -7.500613556479416e-009 -7.468276974767666e-009 -7.433568611190558e-009 -7.396312812131639e-009 -7.355952712069781e-009 -7.312167461202969e-009 -7.26561981203329e-009 -7.215533690846956e-009 -7.162485553961069e-009 -7.106975155644379e-009 -7.049171827021771e-009 -6.988295660280813e-009 -6.923023834862698e-009 -6.85360166672269e-009 -6.780197622518849e-009 -6.700595774102618e-009 -6.619197229195669e-009 -6.537376513171082e-009 -6.453659680628246e-009 -6.366480475732438e-009 -6.274609510205424e-009 -6.180503404661818e-009 -6.085461129562722e-009 -5.986261618766137e-009 -5.885938297774724e-009 -5.786645538484237e-009 -5.687555908324826e-009 -5.589521566295855e-009 -5.492571132618436e-009 -5.396608644512914e-009 -5.303108460213032e-009 -5.2128332357028e-009 -5.123010540642871e-009 -5.030966300680046e-009 -4.936615285205504e-009 -4.841671966300391e-009 -4.746414722534693e-009
-7.032116441814175e-009 -7.004962550185619e-009 -6.97525540550743e-009 -6.943557446484212e-009 -6.910294364789201e-009 -6.875238722826676e-009 -6.837447059665469e-009 -6.796237978758948e-009 -6.750916964346272e-009 -6.702692686238974e-009 -6.651852983933124e-009 -6.598578837085179e-009 -6.543740333203725e-009 -6.486855998672838e-009 -6.426759026634342e-009 -6.362633751441158e-009 -6.292265320369095e-009 -6.216319896634513e-009 -6.141401879268036e-009 -6.065203485139468e-009 -5.986421567971531e-009 -5.905284913200795e-009 -5.821870090266902e-009 -5.73635316742636e-009 -5.64783976108472e-009 -5.556024900071279e-009 -5.465083501727007e-009 -5.374777995867585e-009 -5.282291915588828e-009 -5.189963310624327e-009 -5.099589892274425e-009 -5.010592087058744e-009 -4.923500944126932e-009 -4.838467394932087e-009 -4.753911930463926e-009 -4.667565468881592e-009 -4.578731716724201e-009 -4.489498744086738e-009 -4.40085534630765e-009
-6.507257997170301e-009 -6.479633432543353e-009 -6.450180074101543e-009 -6.419248044929646e-009 -6.387443634925554e-009 -6.35460263811923e-009 -6.319405835596905e-009 -6.280794988234312e-009 -6.238900746572968e-009 -6.19342821234117e-009 -6.143828173164203e-009 -6.092538236691312e-009 -6.040229721362072e-009 -5.986432974781849e-009 -5.930290535695136e-009 -5.870234896216197e-009 -5.805081458511497e-009 -5.737496107098386e-009 -5.669179007284221e-009 -5.597527223333562e-009 -5.523075518973072e-009 -5.447512345027857e-009 -5.37102246778599e-009 -5.292622472155847e-009 -5.211337496359004e-009 -5.128359017256897e-009 -5.046702877640785e-009 -4.964363630901003e-009 -4.87870731007242e-009 -4.792725448746967e-009 -4.709146330243046e-009 -4.627412350253948e-009 -4.546659242793469e-009 -4.466634461786281e-009 -4.387800015590995e-009 -4.30822156968026e-009 -4.225516244211993e-009 -4.141005267257452e-009 -4.056565110826226e-009
-5.980628877343425e-009 -5.954199139880845e-009 -5.925505254280957e-009 -5.89544690395591e-009 -5.86499297031017e-009 -5.834281941948989e-009 -5.802036711566005e-009 -5.766895742925071e-009 -5.728194020412152e-009 -5.684782594050983e-009 -5.63795440113957e-009 -5.590259274055677e-009 -5.540247710880547e-009 -5.488431600115745e-009 -5.435451937603523e-009 -5.380460181492234e-009 -5.322586513572312e-009 -5.262386172899389e-009 -5.199317883522148e-009 -5.132537721153738e-009 -5.06393279196093e-009 -4.99499703002353e-009 -4.924824160439844e-009 -4.852479238125988e-009 -4.777939451596859e-009 -4.702655420110991e-009 -4.628186117620608e-009 -4.552746053436005e-009 -4.474870748935627e-009 -4.396950427749619e-009 -4.321067251781292e-009 -4.246887841781228e-009 -4.172368322694216e-009 -4.097195597238066e-009 -4.023337015663122e-009 -3.949710129174848e-009 -3.873511491786702e-009 -3.794816422726922e-009 -3.715014363636937e-009
-5.455479454044038e-009 -5.429711828357681e-009 -5.401667143372256e-009 -5.372477443687531e-009 -5.343139010765718e-009 -5.314193824264015e-009 -5.284662083102523e-009 -5.252656211921341e-009 -5.216908593548522e-009 -5.177630980264887e-009 -5.136597688438995e-009 -5.092355331663974e-009 -5.043792747828555e-009 -4.993828000549296e-009 -4.944276106077183e-009 -4.894182793387421e-009 -4.842291829737659e-009 -4.787887964017884e-009 -4.730477356463865e-009 -4.670453738711838e-009 -4.609530870962794e-009 -4.547856812776329e-009 -4.483826646965337e-009 -4.416803616468098e-009 -4.347885085503757e-009 -4.278709309049227e-009 -4.209981919001336e-009 -4.14129193271685e-009 -4.072190050668473e-009 -4.003048025640538e-009 -3.935025565704932e-009 -3.867908879285448e-009 -3.799763724173544e-009 -3.730383132080915e-009 -3.661317521102937e-009 -3.592500631851348e-009 -3.522275665363255e-009 -3.450041084965864e-009 -3.376268200242297e-009
