data/gpsIIR_gridfiles/GPSIIRnapShroudX-R100-Q32W44S0.grd
DSAA
361 181
-180 180
-90 90
-2.8234695907305E-008 2.8247365949324E-008
[rows 68 to 84 of 181, columns 156 to 194 of 361]
-2.640713964607459e-008 -2.645602767181354e-008 -2.647201629476057e-008 -2.644415600385713e-008 -2.636283694059424e-008 -2.622309251306929e-008 -2.610985808387232e-008 -2.600805328629246e-008 -2.594397160441065e-008 -2.59378367054712e-008 -2.593305617984689e-008 -2.590321289669117e-008 -2.585227326764486e-008 -2.578204805529582e-008 -2.569560797101314e-008 -2.561998528305607e-008 -2.555964281495475e-008 -2.549140929779353e-008 -2.540630607321443e-008 -2.530642600326888e-008 -2.51883268699679e-008 -2.505472059217442e-008 -2.492650373679781e-008 -2.48044751465119e-008 -2.479466659091979e-008 -2.489126469779837e-008 -2.502201767158063e-008 -2.519171841284146e-008 -2.536609486438552e-008 -2.554342817242701e-008 -2.571536753471167e-008 -2.588829685994321e-008 -2.605516000272123e-008 -2.618552025120598e-008 -2.62825527336918e-008 -2.639332908844743e-008 -2.651204655466322e-008 -2.662515978843392e-008 -2.672626204805928e-008
-2.646448766883841e-008 -2.652808386293314e-008 -2.653247552483508e-008 -2.650058875812685e-008 -2.641834966438731e-008 -2.624078311581326e-008 -2.611199337436721e-008 -2.602514601100374e-008 -2.596548234536061e-008 -2.5946536850758e-008 -2.596139467590494e-008 -2.591042287351299e-008 -2.584622143448329e-008 -2.576957827485347e-008 -2.565661202740302e-008 -2.556985407313534e-008 -2.550976836880311e-008 -2.543089069139093e-008 -2.536981123218825e-008 -2.527432866517908e-008 -2.517128614421674e-008 -2.504400957806563e-008 -2.492501387031064e-008 -2.481086082709727e-008 -2.480470422119043e-008 -2.491321974279302e-008 -2.50467715007136e-008 -2.520159926696123e-008 -2.53730940592041e-008 -2.555304283848202e-008 -2.572481675326608e-008 -2.589889037283906e-008 -2.605591141019313e-008 -2.618923679424191e-008 -2.627450874059092e-008 -2.639174111418581e-008 -2.653350756812989e-008 -2.665296630050156e-008 -2.676103048544156e-008
-2.652630245383005e-008 -2.658063839631452e-008 -2.657973140786828e-008 -2.652413387288261e-008 -2.641656796321403e-008 -2.625551048382816e-008 -2.612509727583126e-008 -2.603043667972246e-008 -2.596544594464597e-008 -2.593521676277649e-008 -2.593390106311699e-008 -2.588778847175026e-008 -2.582534603900988e-008 -2.574179827345348e-008 -2.563381365346869e-008 -2.554055263483653e-008 -2.547013502151408e-008 -2.540297528252563e-008 -2.533920414634102e-008 -2.525762848189832e-008 -2.515403590825524e-008 -2.501939158155812e-008 -2.489134760698552e-008 -2.476843030229887e-008 -2.474839229353724e-008 -2.485780212462516e-008 -2.500906441565638e-008 -2.518131293589158e-008 -2.536506361491362e-008 -2.554839050350492e-008 -2.572716726677487e-008 -2.590406940533818e-008 -2.606982154342829e-008 -2.620584570226245e-008 -2.63040863933655e-008 -2.641812762155559e-008 -2.65467854979536e-008 -2.666762926362658e-008 -2.678079516606996e-008
-2.658020935775568e-008 -2.662478223537338e-008 -2.662118653109325e-008 -2.653034901314456e-008 -2.637432707726324e-008 -2.625151508508466e-008 -2.613377971695198e-008 -2.603294002416916e-008 -2.595196825070703e-008 -2.5903317132491e-008 -2.589251836739233e-008 -2.584865094895799e-008 -2.579425837616741e-008 -2.570873121634591e-008 -2.560708777587763e-008 -2.550072190739223e-008 -2.542583893446738e-008 -2.537323325921981e-008 -2.529925256548169e-008 -2.524011949490894e-008 -2.513458301099993e-008 -2.498279114367903e-008 -2.486635962072992e-008 -2.468185536752274e-008 -2.463019958814083e-008 -2.478052717944268e-008 -2.496663584388797e-008 -2.514043336619373e-008 -2.534446923244672e-008 -2.552551928247418e-008 -2.571089873913441e-008 -2.589384231280808e-008 -2.608626400880409e-008 -2.623460212274206e-008 -2.632254496426523e-008 -2.643385962330226e-008 -2.656341276355453e-008 -2.667812390178954e-008 -2.67969442969893e-008
-2.662572868809334e-008 -2.665979949660866e-008 -2.664784097288739e-008 -2.654709411985905e-008 -2.637916769197875e-008 -2.623204808061763e-008 -2.611158926894211e-008 -2.600908500273341e-008 -2.59330694892195e-008 -2.588528449188981e-008 -2.586843546929257e-008 -2.583556121902601e-008 -2.577844141643584e-008 -2.569038425280725e-008 -2.558129669446631e-008 -2.546111611032455e-008 -2.537063857882715e-008 -2.530694856170126e-008 -2.523485879846474e-008 -2.517058869431529e-008 -2.506646733776357e-008 -2.492476170992844e-008 -2.478777255807212e-008 -2.462776353981872e-008 -2.45773324919238e-008 -2.469624822076383e-008 -2.489141397770463e-008 -2.508223886750508e-008 -2.528980713110665e-008 -2.548022456189306e-008 -2.567231426552302e-008 -2.586577561347897e-008 -2.606999724709029e-008 -2.623270416250269e-008 -2.634854466437452e-008 -2.646628484827337e-008 -2.659162535899288e-008 -2.67116220324788e-008 -2.682396813828192e-008
-2.665637453354795e-008 -2.667926451031472e-008 -2.668680520756564e-008 -2.659210469602188e-008 -2.635999396372081e-008 -2.61966086584315e-008 -2.608037988409282e-008 -2.598396602983022e-008 -2.591137805560906e-008 -2.58584049689881e-008 -2.584623842997343e-008 -2.583800504930877e-008 -2.576653028769143e-008 -2.568441404549563e-008 -2.556236091510107e-008 -2.54043901657677e-008 -2.530262981269857e-008 -2.522714241843961e-008 -2.514794729896234e-008 -2.508463944157301e-008 -2.498407569960022e-008 -2.485689538000888e-008 -2.473342179716682e-008 -2.457139931209535e-008 -2.448051499058097e-008 -2.461588176531805e-008 -2.483854213757765e-008 -2.502184336649488e-008 -2.52283010080424e-008 -2.542262464012649e-008 -2.560980955569555e-008 -2.580652849764164e-008 -2.605349339225692e-008 -2.623346743083798e-008 -2.635512972075295e-008 -2.648525853064707e-008 -2.661004447475838e-008 -2.674624975888187e-008 -2.684510951767922e-008
-2.670031189545448e-008 -2.672089447269995e-008 -2.671382591974973e-008 -2.660364150277201e-008 -2.637451309753037e-008 -2.619670682253382e-008 -2.607145069757946e-008 -2.597374500495026e-008 -2.589849292439768e-008 -2.5845251928567e-008 -2.582501670804666e-008 -2.580186343972555e-008 -2.57320149072805e-008 -2.563632278158078e-008 -2.550897273425212e-008 -2.535782757419748e-008 -2.524500237437202e-008 -2.515816216802927e-008 -2.508487338874891e-008 -2.502551234706629e-008 -2.493430481323583e-008 -2.481075757297091e-008 -2.467721575408188e-008 -2.452744373474073e-008 -2.446594413829676e-008 -2.458933064470071e-008 -2.479440221226459e-008 -2.498749087254086e-008 -2.518965549079949e-008 -2.538575190756232e-008 -2.558206690946751e-008 -2.578954881675145e-008 -2.601591176867244e-008 -2.619382881983908e-008 -2.63235450044068e-008 -2.645571465099684e-008 -2.658693329851887e-008 -2.671894677297357e-008 -2.683541749369742e-008
-2.674019813125244e-008 -2.675430061628509e-008 -2.676505279218877e-008 -2.665425353506621e-008 -2.63670991058935e-008 -2.618104768891391e-008 -2.60836134438773e-008 -2.59937371727045e-008 -2.589232462736467e-008 -2.582760037142634e-008 -2.580010346095225e-008 -2.576491700617e-008 -2.568457991963198e-008 -2.557436823103753e-008 -2.545196985089476e-008 -2.529492657109278e-008 -2.518682507557351e-008 -2.508629098519772e-008 -2.500981584518284e-008 -2.497981293272152e-008 -2.489509016513433e-008 -2.477198824345548e-008 -2.466560359794126e-008 -2.447747539520311e-008 -2.442358004785197e-008 -2.457778347765925e-008 -2.480140865301075e-008 -2.496120893775142e-008 -2.515193146268606e-008 -2.53484291744834e-008 -2.554111450523092e-008 -2.575437850988954e-008 -2.598393178400501e-008 -2.615052422758703e-008 -2.626075784446366e-008 -2.639811067142069e-008 -2.654288577066325e-008 -2.667696918391725e-008 -2.681153488703615e-008
-2.676614045784197e-008 -2.678079072980427e-008 -2.676690760009196e-008 -2.665348915111086e-008 -2.641906581616172e-008 -2.621477944679111e-008 -2.608177961596999e-008 -2.597030911395387e-008 -2.587226482025085e-008 -2.580554875450993e-008 -2.576606185001296e-008 -2.571645608507355e-008 -2.563315373345869e-008 -2.552562864357494e-008 -2.540257004290882e-008 -2.525906151431379e-008 -2.514634191476916e-008 -2.504170441551484e-008 -2.496225847470247e-008 -2.490681659292268e-008 -2.482448531032192e-008 -2.470654601386877e-008 -2.457441642857905e-008 -2.443705914948721e-008 -2.439453768074235e-008 -2.451143852106215e-008 -2.47126866872945e-008 -2.490791212271885e-008 -2.510160476863751e-008 -2.530162521001386e-008 -2.549951944833589e-008 -2.571005014306777e-008 -2.591796064575623e-008 -2.608752992041141e-008 -2.622278327522215e-008 -2.635647534459631e-008 -2.6498874732491e-008 -2.664065677822496e-008 -2.677854479811264e-008
-2.67754820674388e-008 -2.679052703574746e-008 -2.674779056185039e-008 -2.665301822692498e-008 -2.649568808244151e-008 -2.625254602258806e-008 -2.60808568625754e-008 -2.594305334468569e-008 -2.58408101701866e-008 -2.577886458189629e-008 -2.572572602094642e-008 -2.56592941932765e-008 -2.557033078341626e-008 -2.547080871224218e-008 -2.535442696677465e-008 -2.522494200090798e-008 -2.511537239491835e-008 -2.499994598192717e-008 -2.490422740241774e-008 -2.4820915021893e-008 -2.474416271594498e-008 -2.463626780890936e-008 -2.446822956753358e-008 -2.437858954748024e-008 -2.433639512113495e-008 -2.441255330967814e-008 -2.462065825404192e-008 -2.484573469829579e-008 -2.503311883082169e-008 -2.5234647530866e-008 -2.543762645891522e-008 -2.564720631396927e-008 -2.584573765130496e-008 -2.601964347439399e-008 -2.617609335876089e-008 -2.629888739514927e-008 -2.644908844558745e-008 -2.659836283030954e-008 -2.674001633974797e-008
-2.677995709529006e-008 -2.679322628516189e-008 -2.675323318927962e-008 -2.666149857920764e-008 -2.649219017097352e-008 -2.624633773948829e-008 -2.60530185717818e-008 -2.590806846202666e-008 -2.580088777795367e-008 -2.573167685713618e-008 -2.566949130329211e-008 -2.56007573570741e-008 -2.551195202576153e-008 -2.540329840747098e-008 -2.527811461555137e-008 -2.514274742723597e-008 -2.501499831679133e-008 -2.48986869522454e-008 -2.479940028210284e-008 -2.472499766314212e-008 -2.46506066971945e-008 -2.453174237153905e-008 -2.437062135426845e-008 -2.426655739188577e-008 -2.421742462172426e-008 -2.430003490346099e-008 -2.450149751252931e-008 -2.472295451648137e-008 -2.492585672635345e-008 -2.513293960388682e-008 -2.533992947150734e-008 -2.55549921327977e-008 -2.577260282231406e-008 -2.596498578334203e-008 -2.612387473808172e-008 -2.62654926014701e-008 -2.641744232272494e-008 -2.65730410492684e-008 -2.671351412326704e-008
-2.676846102615518e-008 -2.678321551688026e-008 -2.67452586797774e-008 -2.667925688031342e-008 -2.649708483949346e-008 -2.618503127730134e-008 -2.59955198023562e-008 -2.586352156945238e-008 -2.575041788719502e-008 -2.567515779112954e-008 -2.559809815764847e-008 -2.553414392276112e-008 -2.544955076316752e-008 -2.532081700645387e-008 -2.518540672180676e-008 -2.503830965716266e-008 -2.488369319113842e-008 -2.477202401456278e-008 -2.464872704988595e-008 -2.460710728954636e-008 -2.456037388433336e-008 -2.442731107144852e-008 -2.424757563145618e-008 -2.41456402028497e-008 -2.404997544477805e-008 -2.414115507648622e-008 -2.438999846192993e-008 -2.458893360604177e-008 -2.479797889789238e-008 -2.500354689272584e-008 -2.521873738972253e-008 -2.54284487736795e-008 -2.569723441534519e-008 -2.591235403341435e-008 -2.605956777163121e-008 -2.621318563858761e-008 -2.63711551946692e-008 -2.654563691505564e-008 -2.66711499605623e-008
-2.673196280592092e-008 -2.674527655661092e-008 -2.67085705364416e-008 -2.662616855091131e-008 -2.643526116338974e-008 -2.614287241059956e-008 -2.593763826403611e-008 -2.57971287286744e-008 -2.568094545411686e-008 -2.559072178431899e-008 -2.550852643316322e-008 -2.543634267559633e-008 -2.5348443505687e-008 -2.522878562514837e-008 -2.509461459845056e-008 -2.494528374346942e-008 -2.47940370639e-008 -2.466622819648257e-008 -2.455632127453548e-008 -2.450512478426689e-008 -2.444855866709817e-008 -2.43138882417253e-008 -2.413990256428395e-008 -2.401551423945734e-008 -2.394173470754878e-008 -2.403247269758797e-008 -2.42595696834395e-008 -2.447335875382505e-008 -2.469108480323933e-008 -2.49028353471979e-008 -2.511853819411153e-008 -2.534435679109787e-008 -2.559799206148432e-008 -2.580837162019386e-008 -2.596169765930523e-008 -2.611198951205389e-008 -2.626947432183658e-008 -2.643038271576547e-008 -2.65756577373266e-008
-2.667148570311382e-008 -2.667617472562889e-008 -2.664027543475524e-008 -2.655784079414513e-008 -2.636947778151563e-008 -2.604894942131582e-008 -2.585011757337557e-008 -2.573187144641694e-008 -2.561141062670765e-008 -2.549153757606414e-008 -2.539097110843944e-008 -2.532344280574255e-008 -2.522634789162742e-008 -2.512488154839771e-008 -2.499966370327988e-008 -2.485090863507907e-008 -2.471248902454788e-008 -2.455825086091492e-008 -2.443327441344341e-008 -2.43929663587498e-008 -2.436124869303124e-008 -2.420034482337849e-008 -2.401855675960043e-008 -2.388808724744002e-008 -2.379718820022365e-008 -2.389732344170334e-008 -2.416484809635918e-008 -2.436025350895065e-008 -2.458065143487242e-008 -2.47954375681265e-008 -2.500120696228824e-008 -2.523035431915067e-008 -2.550033849307986e-008 -2.570604498010876e-008 -2.583465627316016e-008 -2.597557419586031e-008 -2.614516390866105e-008 -2.62936762546096e-008 -2.646127276490209e-008
-2.662645641675214e-008 -2.663036673701326e-008 -2.659523177156858e-008 -2.650195075083718e-008 -2.629124695816736e-008 -2.597822360280289e-008 -2.576798074287369e-008 -2.563686147091936e-008 -2.551396298228794e-008 -2.539605321609506e-008 -2.529497669009288e-008 -2.521649608235963e-008 -2.512138129266769e-008 -2.501510906743334e-008 -2.488674622185038e-008 -2.473727257281924e-008 -2.458445796810928e-008 -2.442445451025843e-008 -2.430417596957073e-008 -2.425775517311671e-008 -2.420112335218386e-008 -2.404573082854034e-008 -2.386392780230075e-008 -2.371244640565267e-008 -2.363623165240517e-008 -2.374498042969133e-008 -2.398267723696183e-008 -2.420196284110257e-008 -2.44286015920941e-008 -2.465261329882914e-008 -2.487612775953037e-008 -2.512394487886516e-008 -2.539079340699204e-008 -2.55913980942061e-008 -2.573073028497486e-008 -2.587976813978032e-008 -2.604572914457519e-008 -2.620649395658281e-008 -2.636800550136285e-008
-2.658017612882345e-008 -2.656818115553054e-008 -2.654435290984285e-008 -2.649089615259313e-008 -2.623373676194632e-008 -2.584319307618425e-008 -2.565776122175763e-008 -2.554852067990139e-008 -2.5418883190354e-008 -2.529301938826547e-008 -2.518647007727435e-008 -2.511131860339915e-008 -2.500777648507007e-008 -2.48968222265017e-008 -2.476238618980724e-008 -2.461074489531313e-008 -2.445906541363974e-008 -2.42608815503997e-008 -2.410602392141452e-008 -2.410998900659111e-008 -2.405197655212608e-008 -2.387122218117498e-008 -2.369946823477431e-008 -2.351785797054369e-008 -2.340426216813955e-008 -2.356306358658098e-008 -2.382521017360889e-008 -2.40268362494549e-008 -2.425706836324915e-008 -2.448957549837896e-008 -2.471312363303038e-008 -2.49837661287356e-008 -2.529678431554763e-008 -2.548480125589221e-008 -2.559719332576107e-008 -2.576544373213848e-008 -2.594788406514276e-008 -2.611881331466682e-008 -2.627957949117109e-008
-2.651960484180704e-008 -2.651016773934039e-008 -2.648342957034151e-008 -2.637018450752239e-008 -2.608124738924352e-008 -2.57458174728994e-008 -2.556788057825431e-008 -2.545096115252717e-008 -2.532379423359689e-008 -2.520182474198198e-008 -2.509253165200724e-008 -2.500150519599359e-008 -2.489427934336334e-008 -2.477535043856186e-008 -2.463153089265458e-008 -2.446879943365418e-008 -2.430121874846376e-008 -2.412078519714896e-008 -2.399676754672003e-008 -2.395544810255855e-008 -2.386877411038451e-008 -2.369216313193995e-008 -2.351214375816015e-008 -2.333253060831134e-008 -2.327208979441369e-008 -2.339919817540443e-008 -2.362129861701523e-008 -2.384435803390457e-008 -2.408624428411906e-008 -2.432671342030384e-008 -2.457698769221774e-008 -2.485054430993203e-008 -2.511882589426405e-008 -2.531104019062447e-008 -2.546667631976482e-008 -2.564275965166301e-008 -2.582773955238354e-008 -2.601073939668389e-008 -2.618416342045662e-008
