data/gpsIIR_gridfiles/GPSIIRnonapShroudZ-R100-Q43W19S0.grd
DSAA
361 181
-180 180
-90 90
-2.8090295443939E-008 2.8537563516632E-008
[rows 17 to 33 of 181, columns 228 to 265 of 361]
2.749300140298361e-008 2.756943131329771e-008 2.765763124612295e-008 2.774702342264336e-008 2.783528922618809e-008 2.792653282948668e-008 2.800540629068807e-008 2.807234328959413e-008 2.814206680057258e-008 2.820853652430296e-008 2.826192428747338e-008 2.830556324864361e-008 2.834151388508584e-008 2.837158198707498e-008 2.839698534580436e-008 2.841633526046205e-008 2.843097202982952e-008 2.844293566720424e-008 2.845108021728455e-008 2.845452701424755e-008 2.845473838012752e-008 2.845200318949214e-008 2.844105469026507e-008 2.842780621748658e-008 2.841760596530607e-008 2.840517318476496e-008 2.838588637441243e-008 2.836175256812516e-008 2.833911640802344e-008 2.831817186340704e-008 2.82962564178355e-008 2.827233097777378e-008 2.82436172546607e-008 2.821028861019378e-008 2.817500252004129e-008 2.814128707159211e-008 2.810483345700001e-008 2.806375044391677e-008
2.754181201968283e-008 2.762656722110053e-008 2.773219045282101e-008 2.782283724814267e-008 2.79045444404392e-008 2.799294235937095e-008 2.807324750598332e-008 2.814390323166496e-008 2.82180061458034e-008 2.828552929155839e-008 2.833515043735167e-008 2.837294632263326e-008 2.840458422544383e-008 2.843229050369603e-008 2.845481998104102e-008 2.847007157880873e-008 2.848241021487966e-008 2.84919842216544e-008 2.849774368552782e-008 2.84992095896192e-008 2.849667463728248e-008 2.848794707620778e-008 2.84700401454697e-008 2.845748873577293e-008 2.844659480671859e-008 2.843274669347029e-008 2.841349567271971e-008 2.839087278396999e-008 2.836709245279357e-008 2.834194487324884e-008 2.831510829870166e-008 2.828572674828541e-008 2.825238162510034e-008 2.821631919712287e-008 2.817889103419793e-008 2.813960760055433e-008 2.810290578838543e-008 2.806153950406544e-008
2.757574008492102e-008 2.767426314142637e-008 2.778690157647333e-008 2.78750955237691e-008 2.795787063599612e-008 2.804945163061293e-008 2.812982122639734e-008 2.820351555319315e-008 2.827641024944912e-008 2.833873627350191e-008 2.838539701710541e-008 2.841876803498959e-008 2.844781344732984e-008 2.84725997202744e-008 2.849166775197731e-008 2.850581617001706e-008 2.851720950201226e-008 2.852325486509431e-008 2.852545352667161e-008 2.852391217048915e-008 2.851727450862781e-008 2.850467359198857e-008 2.848844305340126e-008 2.847532545521537e-008 2.846201256144412e-008 2.844487610903533e-008 2.842375263697995e-008 2.840006055515665e-008 2.837506210366918e-008 2.834826464975202e-008 2.831794299762026e-008 2.828345838594978e-008 2.824510724628547e-008 2.820620546002189e-008 2.816748680460618e-008 2.812765379325365e-008 2.808863467578099e-008 2.80440043382433e-008
2.759725511939417e-008 2.769711035372968e-008 2.781591785045163e-008 2.7913285004889e-008 2.800972899397424e-008 2.809973491527253e-008 2.817412950999895e-008 2.824489342804e-008 2.831149908972173e-008 2.836692253077541e-008 2.840790858119535e-008 2.844083437748024e-008 2.847137220339814e-008 2.84942627088374e-008 2.851033303390257e-008 2.852226033193983e-008 2.852964108039953e-008 2.853339263710869e-008 2.85345235981749e-008 2.853095114000741e-008 2.852268023193975e-008 2.851106863855103e-008 2.849808839497689e-008 2.84820096726495e-008 2.846293880560133e-008 2.844122129423678e-008 2.841698521722311e-008 2.839099360168806e-008 2.836330135639786e-008 2.833450921354824e-008 2.830183802684625e-008 2.826370648435896e-008 2.822284531071824e-008 2.818216208067579e-008 2.814217502788338e-008 2.810240630790662e-008 2.806020428383123e-008 2.801148094456552e-008
2.760802353841794e-008 2.770472756274437e-008 2.783010363813856e-008 2.794486682298751e-008 2.804400260500468e-008 2.812543846103211e-008 2.819990469300924e-008 2.826957451330993e-008 2.833084154646201e-008 2.837999604919401e-008 2.84174239526206e-008 2.845017344503682e-008 2.847953968770081e-008 2.849947036373364e-008 2.851157794341534e-008 2.852031164064641e-008 2.852558867644578e-008 2.852776838559337e-008 2.852650465692446e-008 2.852105837586334e-008 2.85120498018251e-008 2.850005618376148e-008 2.848620009441331e-008 2.846827063831072e-008 2.84454516342356e-008 2.84200105961545e-008 2.839356166156808e-008 2.836554849884251e-008 2.833600635490775e-008 2.830427023187967e-008 2.826760369398616e-008 2.82270381900212e-008 2.818659385856937e-008 2.814511325426481e-008 2.810342955860228e-008 2.806126185939848e-008 2.801605369391263e-008 2.796687326141162e-008
2.761028364826539e-008 2.770479316017126e-008 2.783505669713373e-008 2.795830110972382e-008 2.805857397015249e-008 2.814054523810489e-008 2.821244178316219e-008 2.827999990764692e-008 2.833734985873833e-008 2.838298724359823e-008 2.842150244792648e-008 2.845042169985426e-008 2.847395486278239e-008 2.848906652997077e-008 2.849660576838123e-008 2.850224098442181e-008 2.85058186693189e-008 2.850550924492695e-008 2.850107740119515e-008 2.849404428088218e-008 2.848422262746825e-008 2.847028328941345e-008 2.845274605935612e-008 2.843231345867216e-008 2.840749156985854e-008 2.838068033753885e-008 2.835342457680488e-008 2.832379528015177e-008 2.829189109962342e-008 2.825700912741555e-008 2.821665100819857e-008 2.817559612821512e-008 2.813583780847176e-008 2.809411746219481e-008 2.805043252856065e-008 2.800557485030505e-008 2.795833190052188e-008 2.791078662998186e-008
2.759282069965507e-008 2.769395919856258e-008 2.783028609772114e-008 2.794940299434154e-008 2.80532203835078e-008 2.813640037373706e-008 2.820769005065865e-008 2.827523699705124e-008 2.832943323958787e-008 2.836896533463932e-008 2.840485559546103e-008 2.843293767618638e-008 2.845198605749075e-008 2.84637142575365e-008 2.84664487857794e-008 2.846828786656266e-008 2.846894904238313e-008 2.846421058908437e-008 2.845685087284925e-008 2.844895740550855e-008 2.843824284093009e-008 2.842229199778861e-008 2.839938860564831e-008 2.837531528508458e-008 2.835086003942142e-008 2.832445532618115e-008 2.829625103071135e-008 2.826475295681346e-008 2.823041640977688e-008 2.819342895554246e-008 2.815238979864832e-008 2.811079342170398e-008 2.807022614514999e-008 2.802832491586676e-008 2.798308648037997e-008 2.793540151170538e-008 2.788616901437396e-008 2.783776190216126e-008
2.755458456088366e-008 2.767893855945056e-008 2.781417429210854e-008 2.791556191570539e-008 2.801724583168672e-008 2.810559509970903e-008 2.818311209729895e-008 2.825197508442771e-008 2.830514948206632e-008 2.834062017626612e-008 2.836916150262611e-008 2.839335614332078e-008 2.841087135380004e-008 2.842267534331685e-008 2.842292387165445e-008 2.841879550500604e-008 2.841411431644432e-008 2.840444834081635e-008 2.839503620399541e-008 2.838511435517307e-008 2.837159197598533e-008 2.835116321518367e-008 2.83239444047238e-008 2.830015601244939e-008 2.827700339866204e-008 2.825083551306789e-008 2.822069182041483e-008 2.818696891801768e-008 2.815255076977758e-008 2.811584221452443e-008 2.807540363917328e-008 2.803355187665148e-008 2.799189635933109e-008 2.794755002171475e-008 2.790081973939324e-008 2.785134114054404e-008 2.780021709458386e-008 2.77496808851564e-008
2.749813487600266e-008 2.764420902982639e-008 2.777251444443739e-008 2.786710288588007e-008 2.796748776586736e-008 2.806049454360739e-008 2.814007045057198e-008 2.820491530982897e-008 2.825653437712659e-008 2.829340637614256e-008 2.831711554988422e-008 2.833489035496483e-008 2.835022133898845e-008 2.836064403222327e-008 2.836095980055316e-008 2.835339889942837e-008 2.834335764860854e-008 2.833041084039612e-008 2.831896721275786e-008 2.830584509738007e-008 2.828728102223506e-008 2.826341958014704e-008 2.823669162867162e-008 2.821194244688049e-008 2.818764236328661e-008 2.816089537923837e-008 2.812929543929644e-008 2.809412646173577e-008 2.805908386683848e-008 2.802293991320686e-008 2.798397520742187e-008 2.794066898365755e-008 2.789516675089345e-008 2.784962949864693e-008 2.780256163334015e-008 2.775260270996932e-008 2.769884585628843e-008 2.764571075723702e-008
2.742601228795966e-008 2.757660801140736e-008 2.77103350082149e-008 2.781991331541443e-008 2.791596237631979e-008 2.800227696036667e-008 2.807755903376364e-008 2.813744146493642e-008 2.818617383820003e-008 2.822279122040285e-008 2.824451372934418e-008 2.825792129824647e-008 2.82694285891221e-008 2.827730860787707e-008 2.827788910652063e-008 2.827033562178093e-008 2.826016159538331e-008 2.824871003808961e-008 2.82315900364337e-008 2.821209763649167e-008 2.818882996145054e-008 2.816416869952502e-008 2.813826216270318e-008 2.811039806834493e-008 2.808336472643557e-008 2.8055778589484e-008 2.802451819503381e-008 2.798839298415709e-008 2.795094347691774e-008 2.791427172902728e-008 2.787624259145311e-008 2.783350077282401e-008 2.778469939283862e-008 2.773633506735172e-008 2.768790185320874e-008 2.76375233735925e-008 2.75834131202052e-008 2.752443852423386e-008
2.734158542263907e-008 2.749436460325275e-008 2.763231302569808e-008 2.774993240688772e-008 2.784095402060928e-008 2.792631795261983e-008 2.799836769018054e-008 2.805177231729148e-008 2.80973949861123e-008 2.813158728292023e-008 2.81514761596186e-008 2.816293828633317e-008 2.817059655534253e-008 2.817665151101587e-008 2.817629306152145e-008 2.816876779710881e-008 2.815711179858145e-008 2.814423343716033e-008 2.812486766998819e-008 2.810093935749144e-008 2.807432203734754e-008 2.804747505134859e-008 2.802045314871136e-008 2.799091525711313e-008 2.796143752829361e-008 2.793238681897451e-008 2.790029627543487e-008 2.786375407352928e-008 2.782526173588958e-008 2.77873803910767e-008 2.774817638396939e-008 2.770485771710643e-008 2.76563965431353e-008 2.760620434704655e-008 2.755523022260571e-008 2.750324977421603e-008 2.744860985457725e-008 2.738766537022368e-008
2.72603572390667e-008 2.740553349298407e-008 2.751860960321836e-008 2.763894388868649e-008 2.774054309680598e-008 2.783207297614997e-008 2.790282907119231e-008 2.795142373906683e-008 2.798959277589285e-008 2.801741514677004e-008 2.803834239907668e-008 2.805228758015354e-008 2.805659363103752e-008 2.80588906991384e-008 2.805626566246246e-008 2.80484136289049e-008 2.803382565178473e-008 2.801624498748138e-008 2.799397575273763e-008 2.797040664419467e-008 2.794305924833863e-008 2.79131825808901e-008 2.788311023704258e-008 2.785191083083973e-008 2.78205730101164e-008 2.778921476864499e-008 2.775527485154284e-008 2.771764148290335e-008 2.767973094546583e-008 2.764124838785191e-008 2.76000225254129e-008 2.755439257866405e-008 2.750681996300144e-008 2.745716011841466e-008 2.740455456921877e-008 2.734985419641194e-008 2.729400979560968e-008 2.723377273199158e-008
2.715922894091467e-008 2.72914421256647e-008 2.739241511335017e-008 2.750778031015173e-008 2.762225582494557e-008 2.771371212536451e-008 2.778247400247816e-008 2.783101803321663e-008 2.786142659878558e-008 2.788534356626109e-008 2.790661921652594e-008 2.792092898064168e-008 2.79241155348263e-008 2.79227007713557e-008 2.791737010920962e-008 2.790814668390077e-008 2.789116909239992e-008 2.78697922284315e-008 2.784603650560237e-008 2.782172182775146e-008 2.779303645265221e-008 2.776096906746188e-008 2.772851231453932e-008 2.769597897847587e-008 2.766234602962304e-008 2.762758832538574e-008 2.759274944003904e-008 2.755574349267353e-008 2.751713102726287e-008 2.747775715795969e-008 2.743508867440956e-008 2.73889048330254e-008 2.734101979822602e-008 2.729041723509601e-008 2.723679993067661e-008 2.718079209214238e-008 2.712440794658286e-008 2.706277566355927e-008
2.702447682053717e-008 2.714860370885865e-008 2.725412994798928e-008 2.736953573406239e-008 2.748426214953893e-008 2.757047349090756e-008 2.763706898749476e-008 2.76842379999878e-008 2.771184389839671e-008 2.773687572442624e-008 2.775703119439792e-008 2.776822033280451e-008 2.77701505875719e-008 2.776860761233871e-008 2.776129456938539e-008 2.774794572483688e-008 2.772780582772572e-008 2.770626831721945e-008 2.768239130794755e-008 2.765477042361915e-008 2.762313513755282e-008 2.759057014687035e-008 2.755768577570546e-008 2.752277965940641e-008 2.74859745587227e-008 2.744848288745294e-008 2.741222980863245e-008 2.737633978711688e-008 2.733789910472975e-008 2.729809308033206e-008 2.72545066848884e-008 2.720774437417266e-008 2.715845631508281e-008 2.710641242218172e-008 2.705261586130589e-008 2.699576917597984e-008 2.693640800891726e-008 2.687421280033783e-008
2.687229374696398e-008 2.699539633824619e-008 2.709943968064177e-008 2.7216018635762e-008 2.732737952669737e-008 2.741031562288137e-008 2.747344508313143e-008 2.751737793352277e-008 2.754358774090619e-008 2.756862379862575e-008 2.758737279279457e-008 2.759551249010065e-008 2.759607942540948e-008 2.759425768844872e-008 2.758566723702525e-008 2.75680365893376e-008 2.754545397956162e-008 2.752452576549215e-008 2.749965028012527e-008 2.746904491270353e-008 2.743582445114955e-008 2.740334600360414e-008 2.736940591725398e-008 2.733155027589769e-008 2.729246444540423e-008 2.72549326974667e-008 2.721671118308549e-008 2.717842406781661e-008 2.713999779970988e-008 2.710145875798096e-008 2.705715812339331e-008 2.700898502108463e-008 2.695884279898647e-008 2.690720604816359e-008 2.685273578194936e-008 2.679373328567168e-008 2.673225981259225e-008 2.667166216999542e-008
2.668350600983619e-008 2.682484663710028e-008 2.693919640679772e-008 2.704613940439527e-008 2.714880966559518e-008 2.722770490144451e-008 2.728861187650274e-008 2.733252272758487e-008 2.735775549556383e-008 2.737924088786777e-008 2.739559946692354e-008 2.740272163770686e-008 2.74015695611914e-008 2.739662971736704e-008 2.738696812285716e-008 2.736807890659544e-008 2.734292323332032e-008 2.731892188848708e-008 2.729457812825465e-008 2.726443234463308e-008 2.723111773596978e-008 2.719781928387519e-008 2.716254149355925e-008 2.712255301404112e-008 2.708172906616319e-008 2.704298389608786e-008 2.700426385117038e-008 2.696366825615119e-008 2.692199906337738e-008 2.688130899149427e-008 2.683997496689506e-008 2.679305189784004e-008 2.674260337218672e-008 2.669085890511548e-008 2.663570594120812e-008 2.657463639355002e-008 2.651281839087213e-008 2.645110854329938e-008
2.647800361630305e-008 2.664377501046365e-008 2.675665398904082e-008 2.685959117673134e-008 2.695499501622644e-008 2.702878694859282e-008 2.70879969458186e-008 2.713044998816902e-008 2.715321008199082e-008 2.717170860898374e-008 2.718637677219057e-008 2.719117462881149e-008 2.718872153140827e-008 2.718292830433313e-008 2.717133352525936e-008 2.715057410627283e-008 2.712431307454566e-008 2.709949402868995e-008 2.707373412834289e-008 2.704345245429539e-008 2.70106133567584e-008 2.697696865172757e-008 2.693967317845966e-008 2.689795250700448e-008 2.685687934096161e-008 2.68169284413725e-008 2.67756064462383e-008 2.673338228538944e-008 2.669202442495156e-008 2.664926017167906e-008 2.660777169509805e-008 2.656351661923799e-008 2.651302171334993e-008 2.646044615510557e-008 2.640405798707426e-008 2.634273650053977e-008 2.628054088553991e-008 2.621754935409862e-008
