data/gpsIIR_gridfiles/GPSIIRnonapShroudX-R100-Q32W15S0.grd
DSAA
361 181
-180 180
-90 90
-2.7441317226243E-008 2.7499411072663E-008
[rows 34 to 50 of 181, columns 78 to 116 of 361]
3.619979646549762e-009 3.322890724104255e-009 3.02652975649111e-009 2.730801710663612e-009 2.435818596915567e-009 2.139323729813133e-009 1.84018377069476e-009 1.539949076657036e-009 1.238230176297712e-009 9.369817998533615e-010 6.41250649348675e-010 3.487249765230832e-010 5.326332502020659e-011 -2.459585423317869e-010 -5.438789153526973e-010 -8.75538795332692e-010 -1.199897420479787e-009 -1.509374140737032e-009 -1.814955287143511e-009 -2.116861414215769e-009 -2.42111907598855e-009 -2.727006050976662e-009 -3.03462545376506e-009 -3.341952678421011e-009 -3.64645796093916e-009 -3.948962670556093e-009 -4.249989363193068e-009 -4.551088712568267e-009 -4.852388572972242e-009 -5.154246196411155e-009 -5.456776226329813e-009 -5.757026273705198e-009 -6.054691521649935e-009 -6.351333167667931e-009 -6.646250713761781e-009 -6.93833756426861e-009 -7.229230113797884e-009 -7.519026971033751e-009 -7.80524038701118e-009
3.725963108330218e-009 3.419914700161606e-009 3.114593354235604e-009 2.809402715463568e-009 2.504694846343096e-009 2.199636574689863e-009 1.891971942575151e-009 1.5835211435325e-009 1.275124352626328e-009 9.694379594061816e-010 6.650480760052297e-010 3.594416770177639e-010 7.139470305466438e-011 -2.123079977635673e-010 -5.258811367552889e-010 -8.785257349405978e-010 -1.223141567738076e-009 -1.54501927563109e-009 -1.860948222298115e-009 -2.172900470922821e-009 -2.486298557572097e-009 -2.800610214759645e-009 -3.116076023974804e-009 -3.431661510287478e-009 -3.744759573666331e-009 -4.056919420853811e-009 -4.36755359335773e-009 -4.677869253417176e-009 -4.988055569582153e-009 -5.298405525662229e-009 -5.608709161131029e-009 -5.91662240080668e-009 -6.223845618149605e-009 -6.530827722780056e-009 -6.835617925415613e-009 -7.136890100924363e-009 -7.435706108729577e-009 -7.733609115298616e-009 -8.027905874986636e-009
3.830261330469564e-009 3.516174976626835e-009 3.201402150810965e-009 2.887320591878243e-009 2.573236842029061e-009 2.259759053932196e-009 1.94355037104723e-009 1.625888418242886e-009 1.306593998794142e-009 9.890844108251526e-010 6.736239639740181e-010 3.463011476425357e-010 6.192186868057918e-011 -2.174190756424039e-010 -5.431641857039861e-010 -9.018614046837873e-010 -1.252752470850108e-009 -1.582365040905161e-009 -1.905841219143056e-009 -2.227335078083908e-009 -2.549549160419506e-009 -2.872437996936885e-009 -3.196316853410138e-009 -3.520577671332349e-009 -3.842652091474106e-009 -4.163724714431357e-009 -4.483596604204764e-009 -4.802823689716469e-009 -5.121752922880919e-009 -5.440866249957582e-009 -5.759509672139773e-009 -6.075960258514939e-009 -6.391868333444615e-009 -6.70813764688669e-009 -7.021588941760868e-009 -7.331480388849178e-009 -7.639325135939614e-009 -7.945361205271232e-009 -8.247571436025021e-009
3.933608958202045e-009 3.611525575429605e-009 3.287582425210948e-009 2.964003295561083e-009 2.640795940964317e-009 2.319381906003669e-009 1.99731516443403e-009 1.671292649709563e-009 1.335993594908478e-009 9.846001264037647e-010 6.273759991573856e-010 2.948479526605621e-010 1.014305466958261e-011 -2.877784435247173e-010 -6.256487753259966e-010 -9.507742990471913e-010 -1.284850270245991e-009 -1.617662948771458e-009 -1.949572018934565e-009 -2.280515093679317e-009 -2.611314294195961e-009 -2.942743690095667e-009 -3.275324334500217e-009 -3.608533749818773e-009 -3.939618021230681e-009 -4.269407840473567e-009 -4.5982313115538e-009 -4.92649112899944e-009 -5.254153479672166e-009 -5.581842845441965e-009 -5.909247945871712e-009 -6.234683248448386e-009 -6.558934888994028e-009 -6.883407509134784e-009 -7.204818787561755e-009 -7.52335256221355e-009 -7.840360562136134e-009 -8.154500449481518e-009 -8.464791861830598e-009
4.035064687091646e-009 3.704628145589998e-009 3.372404241082472e-009 3.040252213252039e-009 2.708819954244885e-009 2.379417311975427e-009 2.050918317749062e-009 1.715053326999626e-009 1.36894076093738e-009 9.908963040458182e-010 6.181739643328296e-010 2.81656025866754e-010 -2.24703914386627e-011 -3.265712601055236e-010 -6.585501220926124e-010 -9.874741325943169e-010 -1.317797449208156e-009 -1.654196349730982e-009 -1.993296166381087e-009 -2.332406248082765e-009 -2.671993844319824e-009 -3.011963316444564e-009 -3.353206792110209e-009 -3.695196227798192e-009 -4.034924968215957e-009 -4.373525566233004e-009 -4.711260734347971e-009 -5.04801732255937e-009 -5.384271733141335e-009 -5.720805988848319e-009 -6.056474989613573e-009 -6.390268643372321e-009 -6.723359077408151e-009 -7.05591573923388e-009 -7.385513763065631e-009 -7.712678077777403e-009 -8.038694750707863e-009 -8.360294566297909e-009 -8.678430873600536e-009
4.133074292804195e-009 3.793977445442786e-009 3.455604698043314e-009 3.117161252392719e-009 2.778581043888109e-009 2.440024631675454e-009 2.103794284180423e-009 1.760402282032246e-009 1.405859323145595e-009 1.020279489342409e-009 6.402119363110943e-010 2.947049687820853e-010 -2.189042765197158e-011 -3.328817565439781e-010 -6.680514379455966e-010 -1.00734649951313e-009 -1.345903389231931e-009 -1.689451611459426e-009 -2.03610710176784e-009 -2.383309421965624e-009 -2.731349476318753e-009 -3.079951572486584e-009 -3.430191930122722e-009 -3.780541919940554e-009 -4.128815073823559e-009 -4.476359384800708e-009 -4.822699745768812e-009 -5.168003167462898e-009 -5.512769986101634e-009 -5.8578256987175e-009 -6.201441380654922e-009 -6.543685378933096e-009 -6.885604426020286e-009 -7.225668173787794e-009 -7.563440632968337e-009 -7.900275843874991e-009 -8.234539574412808e-009 -8.56377926523134e-009 -8.889673221580812e-009
4.230456416425381e-009 3.883887498833491e-009 3.537944422776197e-009 3.192628995492569e-009 2.846200171062202e-009 2.499560177683191e-009 2.155070468961307e-009 1.806542655578042e-009 1.447968553991964e-009 1.06377234989249e-009 6.731983924278535e-010 3.182968985394864e-010 8.346304599083771e-012 -3.195039461068745e-010 -6.726237184340827e-010 -1.020018268693073e-009 -1.370153964541435e-009 -1.722849683164081e-009 -2.077651435843527e-009 -2.433033002788379e-009 -2.789649214251087e-009 -3.146610748953375e-009 -3.505282448525145e-009 -3.864137822529637e-009 -4.221040918441751e-009 -4.577872335324265e-009 -4.932201880250729e-009 -5.285549114498621e-009 -5.638745165746645e-009 -5.991849978778434e-009 -6.343714368677197e-009 -6.694489711391264e-009 -7.044720165907834e-009 -7.392805581690399e-009 -7.739140830853552e-009 -8.08453307066776e-009 -8.425933890124945e-009 -8.763004215832379e-009 -9.096897382178681e-009
4.327007126526194e-009 3.972764190493644e-009 3.619706494855767e-009 3.267155220209526e-009 2.913125667172534e-009 2.559014447973967e-009 2.203846582888522e-009 1.846361324584408e-009 1.486305946910126e-009 1.122233889033334e-009 7.575150659502244e-010 3.886781418864161e-010 7.603169019250063e-011 -2.654238238741121e-010 -6.514041260314198e-010 -1.027725944212358e-009 -1.392829584061815e-009 -1.75529468280583e-009 -2.117678316728448e-009 -2.481193509521304e-009 -2.846194880391889e-009 -3.212364006181199e-009 -3.578416392434671e-009 -3.944898452028138e-009 -4.312441293516885e-009 -4.678427910653744e-009 -5.040799002694052e-009 -5.401383278126296e-009 -5.76211233157823e-009 -6.122683448735509e-009 -6.483412478460123e-009 -6.843018746625907e-009 -7.200603879162899e-009 -7.557914508441345e-009 -7.914015626447077e-009 -8.265433216016236e-009 -8.613629639855803e-009 -8.958915646530328e-009 -9.300271132361133e-009
4.423145368229582e-009 4.060750234722094e-009 3.700009339834669e-009 3.340294054622957e-009 2.978674969261812e-009 2.616718784335011e-009 2.253802699215159e-009 1.889451992733918e-009 1.526289809918572e-009 1.165953190043244e-009 8.01415847035736e-010 4.386946043060092e-010 1.04145452377821e-010 -2.51888182096546e-010 -6.501475899274033e-010 -1.042043416234326e-009 -1.415764093535442e-009 -1.786344184681309e-009 -2.157161140988107e-009 -2.529007164754735e-009 -2.902108360245469e-009 -3.276626415169136e-009 -3.650607862468303e-009 -4.024774201154835e-009 -4.401162227081144e-009 -4.775359699232024e-009 -5.145906035717071e-009 -5.514410803688395e-009 -5.883025040081585e-009 -6.251457979065817e-009 -6.620357761599303e-009 -6.988262017695404e-009 -7.353804991759661e-009 -7.719484226727205e-009 -8.083342660533544e-009 -8.442208110506316e-009 -8.797656505005627e-009 -9.150581438106682e-009 -9.499577359047145e-009
4.518739841081884e-009 4.147781485589423e-009 3.778304195087341e-009 3.41130629959324e-009 3.043212649206878e-009 2.673750189632126e-009 2.303321748748061e-009 1.931354388495695e-009 1.560485681973164e-009 1.19458130385752e-009 8.250498933450009e-010 4.553262687709586e-010 8.911442696419428e-011 -3.04985413154222e-010 -6.905617724256362e-010 -1.061675201561501e-009 -1.437234743724429e-009 -1.815793018533512e-009 -2.195947547500196e-009 -2.576779064330793e-009 -2.957672045574181e-009 -3.339472599021697e-009 -3.721472878724956e-009 -4.103345150972044e-009 -4.486853272305254e-009 -4.868211971058453e-009 -5.247288006861552e-009 -5.624708781706199e-009 -6.001012698471878e-009 -6.377403501200161e-009 -6.754469505411648e-009 -7.130411959903387e-009 -7.504044567974205e-009 -7.877532291890607e-009 -8.247874638885468e-009 -8.614361374154416e-009 -8.977883484994501e-009 -9.337030945455344e-009 -9.693522157433235e-009
4.613345327312754e-009 4.233848163856814e-009 3.856351741528104e-009 3.481489311638146e-009 3.106600116508745e-009 2.729867719242818e-009 2.351508909281166e-009 1.972798126300713e-009 1.595429943152404e-009 1.22075778130656e-009 8.468877687346442e-010 4.698483568185755e-010 8.731738504729197e-011 -3.185903127916835e-010 -7.068392184058119e-010 -1.080603319866355e-009 -1.459855768187364e-009 -1.845814722857923e-009 -2.233754733706971e-009 -2.622905774642717e-009 -3.011651963329862e-009 -3.401317697940236e-009 -3.791154570058507e-009 -4.180857893243684e-009 -4.571888579599903e-009 -4.960971954546176e-009 -5.3478891881927e-009 -5.733246552472254e-009 -6.117496406676157e-009 -6.501598138135219e-009 -6.88619694802651e-009 -7.270402550789442e-009 -7.652026780091343e-009 -8.033232607993861e-009 -8.410962239875712e-009 -8.785131218496425e-009 -9.156352183370628e-009 -9.522893460452043e-009 -9.886955628458479e-009
4.706520567266828e-009 4.319212472873364e-009 3.934119657284119e-009 3.551193746096613e-009 3.167679885857895e-009 2.783826302736045e-009 2.398763519592007e-009 2.01432841651574e-009 1.629771304569669e-009 1.244562545464161e-009 8.622826560778674e-010 4.85857539867495e-010 1.085112083975037e-010 -2.892701358876119e-010 -6.987547077297965e-010 -1.092399203001486e-009 -1.485132163570654e-009 -1.876651916214344e-009 -2.270352884549676e-009 -2.666606988677872e-009 -3.064507315230541e-009 -3.462133359689163e-009 -3.85978529392953e-009 -4.258554717617436e-009 -4.656364339949603e-009 -5.052427422471156e-009 -5.4471146770073e-009 -5.840308008632898e-009 -6.232387878110882e-009 -6.623909236130733e-009 -7.015126145212336e-009 -7.407492409691443e-009 -7.79920150168042e-009 -8.186808772492993e-009 -8.571880977022598e-009 -8.954826582653805e-009 -9.333389246283224e-009 -9.70770597569107e-009 -1.007957921685725e-008
4.797776563209864e-009 4.402680267112328e-009 4.010025541413099e-009 3.619379719906257e-009 3.228439853962311e-009 2.8370778551931e-009 2.445840359978677e-009 2.054950579899378e-009 1.66330892181452e-009 1.27070493291809e-009 8.807682619120335e-010 5.003989159349249e-010 1.194791563250603e-010 -2.804092916397681e-010 -6.983878789652879e-010 -1.105872197421159e-009 -1.50702717331181e-009 -1.905750521343749e-009 -2.306610330501263e-009 -2.71020314725004e-009 -3.116301991284955e-009 -3.521466435762398e-009 -3.926961049901515e-009 -4.333782489369504e-009 -4.738781203507336e-009 -5.142799102823688e-009 -5.545329061760907e-009 -5.945647609468787e-009 -6.345354069743386e-009 -6.744067343330654e-009 -7.142650860793294e-009 -7.542688789821099e-009 -7.94203310568081e-009 -8.336905054415891e-009 -8.729401279620557e-009 -9.119983067403829e-009 -9.506234056912251e-009 -9.889156514300967e-009 -1.026804305748432e-008
4.887793611810879e-009 4.484899869484428e-009 4.084285992235378e-009 3.685114084420258e-009 3.286510014452179e-009 2.889334796171507e-009 2.492523257994947e-009 2.095140348768988e-009 1.697239317098094e-009 1.300264967021753e-009 9.035538844273045e-010 5.109801232564478e-010 1.123570602365619e-010 -2.910666969208599e-010 -7.070522382718836e-010 -1.119261934222391e-009 -1.527413205319082e-009 -1.933567161711078e-009 -2.342406575747847e-009 -2.753763667683672e-009 -3.167304343728446e-009 -3.579790400913561e-009 -3.993189250501523e-009 -4.406822295426433e-009 -4.81926692590971e-009 -5.232529502428801e-009 -5.643904125845899e-009 -6.051051579841219e-009 -6.456236113226601e-009 -6.862215068330701e-009 -7.268896087338189e-009 -7.676432001590373e-009 -8.080733392507442e-009 -8.483572832896197e-009 -8.88335066920616e-009 -9.280196658123478e-009 -9.675784162413135e-009 -1.006754929279783e-008 -1.045441384962137e-008
4.975027806427089e-009 4.564957055333564e-009 4.156952859615421e-009 3.750342699411831e-009 3.344807116753643e-009 2.941044564532461e-009 2.538091494635931e-009 2.134184091677323e-009 1.729901821440023e-009 1.32643256638949e-009 9.228996507812461e-010 5.222307182035373e-010 1.155883019093049e-010 -2.94959243721273e-010 -7.155783719449522e-010 -1.133262181997361e-009 -1.547490829987112e-009 -1.960463751030133e-009 -2.376621999529468e-009 -2.79533808837764e-009 -3.216256613821079e-009 -3.636063286959862e-009 -4.057177430227223e-009 -4.477999617899249e-009 -4.89787141162121e-009 -5.31930574164994e-009 -5.73771131106075e-009 -6.152586100775917e-009 -6.564576852075679e-009 -6.977621444009023e-009 -7.392433708058823e-009 -7.806934745244759e-009 -8.217828480452411e-009 -8.628244980586516e-009 -9.034921116093723e-009 -9.438668186326448e-009 -9.841969649674585e-009 -1.024061360029814e-008 -1.063503889246608e-008
5.060797236581548e-009 4.642487423745708e-009 4.227651652787244e-009 3.815120952131513e-009 3.403330224898046e-009 2.992234485040141e-009 2.582354161902137e-009 2.171934523380134e-009 1.760953575193063e-009 1.349946011055798e-009 9.403355489840317e-010 5.354943112762572e-010 1.261022963288293e-010 -2.932820345275563e-010 -7.220208504321777e-010 -1.14589234634485e-009 -1.566542358493142e-009 -1.985877106091393e-009 -2.408893016459794e-009 -2.835178813977442e-009 -3.26243267469086e-009 -3.689859066565537e-009 -4.119339434649972e-009 -4.547522345932643e-009 -4.975040822218496e-009 -5.403478259824723e-009 -5.828336225100207e-009 -6.250133371350218e-009 -6.670633216438796e-009 -7.091763202380124e-009 -7.514357566462045e-009 -7.935995312113545e-009 -8.353797491799983e-009 -8.771387152193046e-009 -9.185474374315033e-009 -9.595831442409713e-009 -1.000489781653306e-008 -1.040942762929292e-008 -1.081129541184545e-008
5.144512512659477e-009 4.718701201954797e-009 4.297379622696156e-009 3.878647188214066e-009 3.460149272465149e-009 3.042323059403206e-009 2.625502540353251e-009 2.208603457193114e-009 1.791005417747751e-009 1.373342976060637e-009 9.56992953287774e-010 5.473653257575319e-010 1.320842231874229e-010 -2.930157398135796e-010 -7.289856242439166e-010 -1.159012322454809e-009 -1.585084203637325e-009 -2.011083837527056e-009 -2.44075423647297e-009 -2.873733623725814e-009 -3.308053125258448e-009 -3.742378484196344e-009 -4.179488437449864e-009 -4.614710870041249e-009 -5.049352106555964e-009 -5.484520808024711e-009 -5.916197895617489e-009 -6.344321911137033e-009 -6.772491013171922e-009 -7.201062665327822e-009 -7.631307601901545e-009 -8.059492090180379e-009 -8.484725591119089e-009 -8.90917622446145e-009 -9.329660211945222e-009 -9.747456732319736e-009 -1.01624331475601e-008 -1.057334830816191e-008 -1.098188141261556e-008
