data/gpsIIR_gridfiles/GPSIIRnonapShroudZ-R100-Q43W19S0.grd
DSAA
361 181
-180 180
-90 90
-2.8090295443939E-008 2.8537563516632E-008
[rows 136 to 152 of 181, columns 114 to 151 of 361]
-2.27820870665052e-008 -2.279494968751659e-008 -2.280561557026948e-008 -2.280770893201029e-008 -2.280868613367172e-008 -2.281678365508044e-008 -2.282296221758592e-008 -2.282552589282325e-008 -2.283140701356052e-008 -2.284446952214146e-008 -2.284868200441579e-008 -2.284196253881967e-008 -2.283309088858785e-008 -2.280822356917315e-008 -2.277423658311884e-008 -2.272764009561715e-008 -2.265752631273973e-008 -2.256221553302753e-008 -2.241247269274841e-008 -2.229475890488141e-008 -2.220880899987883e-008 -2.21614324688698e-008 -2.216542876325381e-008 -2.223565084077395e-008 -2.236680592818681e-008 -2.246331487485182e-008 -2.252645288541753e-008 -2.25684459355722e-008 -2.259148843825818e-008 -2.259520519231772e-008 -2.258344062345355e-008 -2.256399663797019e-008 -2.253243095306679e-008 -2.248982692606659e-008 -2.244487948922525e-008 -2.239574160215582e-008 -2.234173018141524e-008 -2.228388507439047e-008
-2.314654334088731e-008 -2.316063253222839e-008 -2.317171590286163e-008 -2.317437192948766e-008 -2.317733396663608e-008 -2.318319261620122e-008 -2.31831847639297e-008 -2.318189306542803e-008 -2.318191583558662e-008 -2.318775530699278e-008 -2.319414224626344e-008 -2.318520745474488e-008 -2.317175458098589e-008 -2.315533700706068e-008 -2.311705043930263e-008 -2.305951621321335e-008 -2.298632288270369e-008 -2.28989725594857e-008 -2.276105749739275e-008 -2.259072819448739e-008 -2.250145170531945e-008 -2.248118863638879e-008 -2.251241661193448e-008 -2.256426895107505e-008 -2.265092646418662e-008 -2.278263760246652e-008 -2.28581255342313e-008 -2.289853284727855e-008 -2.291600072941503e-008 -2.292136480500908e-008 -2.291793655892304e-008 -2.289641118067054e-008 -2.286826497459829e-008 -2.283203282358731e-008 -2.278390988488793e-008 -2.273383994210975e-008 -2.268136244241876e-008 -2.262252679530444e-008
-2.349824955555775e-008 -2.351179940760788e-008 -2.35224110064753e-008 -2.352736268795422e-008 -2.352965335884109e-008 -2.353291168820897e-008 -2.353531319189576e-008 -2.353031513645763e-008 -2.352451533282872e-008 -2.352627948077911e-008 -2.352702649617022e-008 -2.351596935696863e-008 -2.350046861938022e-008 -2.348067538553833e-008 -2.343879044715061e-008 -2.337861991121774e-008 -2.330296852412132e-008 -2.321168871294065e-008 -2.307046570285024e-008 -2.289752220841315e-008 -2.281152325087105e-008 -2.279202173426697e-008 -2.28230730211784e-008 -2.287093413453504e-008 -2.295450171270661e-008 -2.30911413882804e-008 -2.3169101470116e-008 -2.321295328042608e-008 -2.323294772959832e-008 -2.32411846157178e-008 -2.323969803504936e-008 -2.321874931691704e-008 -2.319205797544554e-008 -2.315804901539563e-008 -2.311210356721935e-008 -2.306256541910345e-008 -2.301076663695528e-008 -2.295155418718401e-008
-2.383714269308748e-008 -2.385080370759715e-008 -2.386046014331768e-008 -2.38669948711953e-008 -2.387252433241341e-008 -2.387561905774125e-008 -2.388019092143786e-008 -2.387898637578679e-008 -2.386776061069679e-008 -2.38577243406129e-008 -2.384354614240089e-008 -2.383211316763636e-008 -2.382050664242667e-008 -2.378831803860858e-008 -2.374101060695209e-008 -2.36845165639662e-008 -2.361003540692693e-008 -2.351040714349894e-008 -2.334692737112999e-008 -2.319655157303231e-008 -2.312797167661739e-008 -2.30965593669918e-008 -2.311341237301529e-008 -2.315115737204674e-008 -2.325384828981321e-008 -2.339500976252271e-008 -2.346797236538051e-008 -2.351448624992784e-008 -2.353912905440405e-008 -2.355346298955319e-008 -2.355130230421598e-008 -2.352877130399937e-008 -2.35027377630694e-008 -2.347175056251603e-008 -2.342928926160359e-008 -2.338276563757533e-008 -2.333067901468147e-008 -2.327006522748823e-008
-2.416270995121324e-008 -2.417682110901529e-008 -2.418730794161843e-008 -2.419429122742482e-008 -2.420023279370171e-008 -2.420610021454286e-008 -2.420926491608918e-008 -2.420585927978088e-008 -2.41970985128548e-008 -2.418057620843937e-008 -2.416049489141605e-008 -2.414456220766685e-008 -2.412653006420708e-008 -2.408919205847655e-008 -2.403435789989725e-008 -2.397499644741785e-008 -2.389921921069997e-008 -2.379531159866171e-008 -2.363335056479329e-008 -2.348201607217175e-008 -2.34094971703197e-008 -2.337710440216835e-008 -2.339685921650462e-008 -2.343872419234669e-008 -2.353680235540666e-008 -2.367394432043641e-008 -2.375310183791478e-008 -2.380472838646025e-008 -2.383222155613555e-008 -2.384683254533184e-008 -2.384721449701398e-008 -2.382882343847632e-008 -2.380277945926169e-008 -2.377399939924896e-008 -2.373441692171814e-008 -2.368673343808951e-008 -2.363479000017292e-008 -2.357602405108781e-008
-2.447518139091743e-008 -2.449021335387249e-008 -2.450239983165829e-008 -2.451152467461339e-008 -2.451803227543979e-008 -2.452372717970405e-008 -2.452873248738722e-008 -2.45264461169455e-008 -2.451536346122098e-008 -2.449953309856892e-008 -2.448155685676347e-008 -2.445381524614704e-008 -2.442105168485509e-008 -2.437126376254309e-008 -2.431215192976706e-008 -2.425073291557936e-008 -2.416586899498201e-008 -2.40668504744209e-008 -2.392429207661694e-008 -2.375112022280816e-008 -2.365699796061879e-008 -2.363328178521382e-008 -2.367044760298424e-008 -2.373724389753356e-008 -2.380320032523755e-008 -2.392500755146946e-008 -2.402814927028832e-008 -2.408531468491506e-008 -2.411472420890056e-008 -2.412539679163587e-008 -2.412838528746764e-008 -2.411866082176598e-008 -2.409305635468688e-008 -2.406471507216879e-008 -2.402840525131616e-008 -2.397902695991499e-008 -2.392418236065319e-008 -2.386922585419319e-008
-2.477563853083413e-008 -2.4791916347036e-008 -2.480506673513822e-008 -2.481365743876624e-008 -2.482040167200118e-008 -2.482709175914141e-008 -2.48316635783069e-008 -2.482782294647026e-008 -2.481906262461816e-008 -2.480225652186321e-008 -2.47781897169506e-008 -2.475013099519112e-008 -2.471204366116197e-008 -2.465445571938219e-008 -2.459234963416004e-008 -2.452625296604383e-008 -2.443060950071303e-008 -2.432636839237349e-008 -2.417836007362855e-008 -2.401934310244316e-008 -2.391697389251648e-008 -2.388686350020965e-008 -2.391425327588036e-008 -2.399295316410853e-008 -2.406601913198668e-008 -2.418140294153245e-008 -2.428184936544722e-008 -2.434434093170744e-008 -2.437687787166389e-008 -2.439260585917882e-008 -2.43971768661376e-008 -2.438914193119395e-008 -2.436726201583971e-008 -2.434016708666496e-008 -2.430536744428418e-008 -2.425922775312982e-008 -2.4206376068703e-008 -2.415136900603575e-008
-2.506698667086803e-008 -2.508428744994134e-008 -2.509536046191687e-008 -2.510397077495676e-008 -2.511140624115005e-008 -2.511562011957984e-008 -2.512003566275022e-008 -2.511936825335166e-008 -2.510975991760483e-008 -2.509125355061425e-008 -2.506866025926116e-008 -2.504143230132272e-008 -2.49967866326413e-008 -2.494014647726587e-008 -2.488066493787135e-008 -2.480266838317813e-008 -2.468921391061455e-008 -2.454496776270209e-008 -2.440530802833092e-008 -2.429604619019355e-008 -2.417785162190977e-008 -2.41251328149016e-008 -2.412783028315064e-008 -2.42117963207384e-008 -2.433566648800149e-008 -2.44360924971806e-008 -2.450909979234838e-008 -2.458127511329741e-008 -2.462265548011351e-008 -2.464793854739541e-008 -2.465364812917673e-008 -2.46425962237893e-008 -2.462607040736532e-008 -2.460283703725671e-008 -2.456791918636095e-008 -2.45265707452655e-008 -2.448054634657466e-008 -2.442345977129117e-008
-2.534155061430495e-008 -2.535827894399519e-008 -2.536976452868271e-008 -2.53792025860599e-008 -2.538592932029178e-008 -2.539058326722424e-008 -2.539482616179128e-008 -2.539269538210663e-008 -2.538109022307655e-008 -2.536293256077043e-008 -2.533992354178027e-008 -2.530813340465628e-008 -2.526230621804211e-008 -2.520719771944199e-008 -2.513947825297563e-008 -2.505389359797918e-008 -2.493523317837238e-008 -2.478857914275674e-008 -2.46453022807148e-008 -2.452860063208967e-008 -2.440566246772379e-008 -2.435763572240176e-008 -2.436203090392423e-008 -2.444320980109243e-008 -2.455743151195122e-008 -2.466316639601363e-008 -2.473802191304974e-008 -2.48135309588927e-008 -2.485997113924837e-008 -2.488744505767332e-008 -2.489451277791803e-008 -2.488772329616914e-008 -2.487344934987112e-008 -2.485161467296022e-008 -2.481850833177214e-008 -2.478009893379833e-008 -2.473571125961689e-008 -2.468028200133673e-008
-2.559970321080268e-008 -2.561589011065823e-008 -2.562816653994839e-008 -2.563883565730751e-008 -2.564852240228848e-008 -2.565629274683337e-008 -2.565528519094199e-008 -2.564901335334875e-008 -2.563774245295353e-008 -2.561805257937792e-008 -2.559104247465823e-008 -2.555958413117637e-008 -2.551506230803469e-008 -2.545445674818902e-008 -2.538076387738376e-008 -2.528510326732928e-008 -2.51681573533647e-008 -2.505046266420184e-008 -2.488693294825758e-008 -2.471877892978575e-008 -2.460611982082669e-008 -2.45752390094378e-008 -2.460185957564229e-008 -2.46825915007355e-008 -2.474784907975973e-008 -2.484836734925588e-008 -2.495936950692524e-008 -2.504178320361332e-008 -2.508765263912638e-008 -2.511209756597455e-008 -2.512002211419277e-008 -2.512159958894841e-008 -2.511046882638026e-008 -2.50858308569772e-008 -2.505574994278761e-008 -2.502144140891764e-008 -2.497721395013913e-008 -2.492265819704486e-008
-2.584367054257031e-008 -2.586051825948595e-008 -2.587336228846828e-008 -2.588414107604385e-008 -2.589423035035634e-008 -2.590128735017749e-008 -2.589874818321392e-008 -2.589034457669484e-008 -2.587856859790952e-008 -2.585807726072733e-008 -2.583071689252413e-008 -2.579800514569528e-008 -2.57505098742336e-008 -2.568674572860181e-008 -2.561328549100304e-008 -2.551602624655784e-008 -2.539268059124572e-008 -2.527021278065851e-008 -2.510513765853378e-008 -2.494478059706662e-008 -2.48269708202613e-008 -2.479403444752411e-008 -2.481549351878824e-008 -2.48854636305319e-008 -2.495554693929849e-008 -2.505352959010579e-008 -2.516253023023171e-008 -2.524818488568477e-008 -2.529726866061708e-008 -2.532044224714188e-008 -2.533356816104345e-008 -2.533966158796261e-008 -2.532964922997497e-008 -2.530509421404844e-008 -2.527956601016225e-008 -2.524817192929738e-008 -2.520577976090137e-008 -2.515559227389947e-008
-2.607299403266188e-008 -2.609108529401187e-008 -2.610551452016842e-008 -2.611517374440952e-008 -2.612277443285067e-008 -2.612876504401694e-008 -2.61259944524893e-008 -2.611553238916348e-008 -2.610247263062481e-008 -2.608596517805556e-008 -2.606201739351913e-008 -2.60215409634161e-008 -2.597020688138806e-008 -2.590984082353016e-008 -2.583821945929993e-008 -2.574361183929271e-008 -2.561107265977993e-008 -2.545288453799715e-008 -2.530084958174957e-008 -2.519247734783632e-008 -2.507249206856834e-008 -2.501507568272981e-008 -2.500921680557394e-008 -2.50517604916433e-008 -2.515382656409975e-008 -2.527220611016135e-008 -2.535644946991985e-008 -2.542572494051609e-008 -2.548614280941747e-008 -2.551567790077309e-008 -2.553349792555178e-008 -2.554088582198174e-008 -2.55310725725799e-008 -2.55109895104293e-008 -2.548826667047114e-008 -2.545960593821409e-008 -2.54211505303373e-008 -2.537739088883273e-008
-2.629038256229527e-008 -2.630843403835015e-008 -2.63238682006682e-008 -2.6332494304232e-008 -2.634036002680416e-008 -2.634395625889043e-008 -2.633986122332794e-008 -2.632812622275918e-008 -2.631391444552943e-008 -2.629618171396846e-008 -2.627077093274379e-008 -2.622745756235511e-008 -2.617294779082058e-008 -2.611095041433353e-008 -2.603698259463043e-008 -2.593936256185469e-008 -2.580886680633605e-008 -2.565002134021884e-008 -2.549636342986704e-008 -2.538658543017013e-008 -2.527955138087807e-008 -2.521982255385715e-008 -2.520682394335311e-008 -2.525249754465346e-008 -2.535280404427524e-008 -2.545847684045114e-008 -2.554511778944301e-008 -2.561432886280847e-008 -2.567599967498363e-008 -2.570924630191206e-008 -2.572808471337393e-008 -2.573255080646328e-008 -2.572244420829545e-008 -2.57094767810452e-008 -2.568948206795345e-008 -2.566127826948638e-008 -2.562551577205567e-008 -2.55847401007843e-008
-2.649518308725552e-008 -2.651212500122887e-008 -2.652962734324093e-008 -2.654256411917187e-008 -2.65479020472124e-008 -2.654594588943917e-008 -2.654087477525996e-008 -2.653050257903063e-008 -2.651184792307565e-008 -2.648803789768831e-008 -2.646090093763852e-008 -2.641727094196478e-008 -2.635831001606168e-008 -2.629066700155936e-008 -2.620888355362326e-008 -2.610176139426344e-008 -2.598999037257921e-008 -2.585680136083069e-008 -2.568569326700404e-008 -2.554002634768329e-008 -2.545361797295717e-008 -2.541257152924045e-008 -2.541580312543391e-008 -2.548183610700672e-008 -2.55472207312428e-008 -2.562051439261157e-008 -2.571885716359458e-008 -2.580581606637134e-008 -2.586442163102047e-008 -2.589913628277427e-008 -2.591490272204676e-008 -2.591168304225847e-008 -2.590387511902058e-008 -2.589610566520977e-008 -2.587948471722379e-008 -2.585276537545809e-008 -2.581982636664189e-008 -2.577869073887651e-008
-2.668502437079896e-008 -2.670200238326941e-008 -2.671963730351162e-008 -2.673079897891335e-008 -2.673408309371291e-008 -2.673117038349962e-008 -2.67258616154568e-008 -2.671366943412187e-008 -2.669239451517925e-008 -2.666624553895264e-008 -2.663714776761372e-008 -2.659261179139531e-008 -2.653152258851855e-008 -2.645973643956874e-008 -2.636958761040405e-008 -2.626280742678319e-008 -2.615526808486692e-008 -2.602889115126668e-008 -2.586159909824793e-008 -2.57028414965571e-008 -2.562035553994745e-008 -2.558073529075483e-008 -2.559646947524263e-008 -2.566615326159669e-008 -2.572374367307232e-008 -2.579728872786757e-008 -2.588399597506031e-008 -2.597583833872723e-008 -2.603574271977132e-008 -2.607559060354941e-008 -2.609632470755391e-008 -2.609048785029237e-008 -2.608254387269851e-008 -2.607692453278094e-008 -2.606183450191448e-008 -2.60343019051353e-008 -2.600144393408876e-008 -2.595679127524985e-008
-2.686188822025002e-008 -2.687887905949724e-008 -2.689343705856414e-008 -2.689967434403333e-008 -2.690083763496095e-008 -2.689940691176714e-008 -2.689403171078028e-008 -2.688099721387077e-008 -2.685823605645693e-008 -2.683008274983051e-008 -2.67992426154632e-008 -2.67548783135329e-008 -2.669414358411434e-008 -2.661694446240598e-008 -2.652015751937474e-008 -2.640867215866226e-008 -2.629466480956469e-008 -2.618218808201759e-008 -2.602721087969657e-008 -2.586292208856762e-008 -2.576625586041075e-008 -2.572560260573003e-008 -2.574681481045257e-008 -2.58289648838759e-008 -2.590782984440494e-008 -2.597315418638732e-008 -2.603679925292081e-008 -2.612625290472318e-008 -2.619702546355564e-008 -2.624264791481063e-008 -2.626806661068851e-008 -2.626795517414872e-008 -2.625799709001895e-008 -2.62497422886969e-008 -2.62351458822899e-008 -2.620766374683282e-008 -2.616671352533386e-008 -2.611560886555946e-008
-2.702408869412754e-008 -2.704232998125854e-008 -2.705233754619235e-008 -2.705541236379734e-008 -2.705490742660062e-008 -2.705279496287257e-008 -2.704495942851159e-008 -2.703088770109086e-008 -2.700696381594409e-008 -2.697883608056428e-008 -2.694559196035339e-008 -2.689801019342108e-008 -2.683588761960866e-008 -2.675669121734109e-008 -2.665664485253946e-008 -2.654754701152575e-008 -2.6433327261452e-008 -2.632034450757298e-008 -2.616629827125618e-008 -2.601119355497032e-008 -2.591606975747641e-008 -2.587287493002246e-008 -2.589504873083495e-008 -2.597845867902322e-008 -2.605396697013571e-008 -2.611564302684758e-008 -2.617921002993547e-008 -2.626802848225433e-008 -2.63446187340943e-008 -2.639091398942187e-008 -2.64196035879432e-008 -2.642729447458038e-008 -2.641854512356622e-008 -2.640872882372227e-008 -2.639560474981627e-008 -2.637152380336144e-008 -2.632965988921622e-008 -2.628272291446701e-008
