data/gpsIIR_gridfiles/GPSIIRnapShroudY-R100-Q50W50S0.grd
DSAA
361 181
-180 180
-90 90
-3.6151337557612E-008 3.634507871166E-008
[rows 136 to 152 of 181, columns 234 to 272 of 361]
-2.102814306852771e-008 -2.131664335047076e-008 -2.15923654446986e-008 -2.186003789088522e-008 -2.21273674417593e-008 -2.238940525910465e-008 -2.264279424977417e-008 -2.288783300917957e-008 -2.312308147913996e-008 -2.334530593724285e-008 -2.355394639794779e-008 -2.37503977358679e-008 -2.39350888276862e-008 -2.411042053717333e-008 -2.427302066529977e-008 -2.442379996025046e-008 -2.456592136130847e-008 -2.469559768535363e-008 -2.481319383275486e-008 -2.491960733737504e-008 -2.501232223788653e-008 -2.509399626830699e-008 -2.516876008500047e-008 -2.523128832966674e-008 -2.528366831558775e-008 -2.53287705831014e-008 -2.536598362575621e-008 -2.539312083046726e-008 -2.540770488549235e-008 -2.54101279797878e-008 -2.54045840231876e-008 -2.53940483719292e-008 -2.537097741182773e-008 -2.534646997585459e-008 -2.531058220959898e-008 -2.525275415962203e-008 -2.522552412015603e-008 -2.525498022138033e-008 -2.532901180659721e-008
-2.058405058479476e-008 -2.08698633317064e-008 -2.113889097172569e-008 -2.140340560398829e-008 -2.166790872118376e-008 -2.19279428741908e-008 -2.217523575272308e-008 -2.241669948045621e-008 -2.264973240013747e-008 -2.286733946924285e-008 -2.307084519909255e-008 -2.326337889473977e-008 -2.344435517564476e-008 -2.361484480165348e-008 -2.377484702226163e-008 -2.392341738025677e-008 -2.406156720997894e-008 -2.419011477661472e-008 -2.430757486147069e-008 -2.441111223411664e-008 -2.450245144368128e-008 -2.458382475879892e-008 -2.465823182485691e-008 -2.472193495691005e-008 -2.477518551265799e-008 -2.482147104998655e-008 -2.48597422147617e-008 -2.488792384662757e-008 -2.490243723525959e-008 -2.490512898007996e-008 -2.490000056078297e-008 -2.489187588425201e-008 -2.487029235228923e-008 -2.484869996892864e-008 -2.481389687726285e-008 -2.47597381762588e-008 -2.47244061921903e-008 -2.476000054167423e-008 -2.483079555162154e-008
-2.014035482435288e-008 -2.041859237545625e-008 -2.068459347745802e-008 -2.094591844275348e-008 -2.120466373438858e-008 -2.146153622450767e-008 -2.171098846073311e-008 -2.194704069364022e-008 -2.216909515259005e-008 -2.238070821890866e-008 -2.25801299714898e-008 -2.276848778138232e-008 -2.294516719432642e-008 -2.311080503596389e-008 -2.326799322862495e-008 -2.341387358952668e-008 -2.354787707494883e-008 -2.367426033387875e-008 -2.378982803749705e-008 -2.38921591914776e-008 -2.398485610570733e-008 -2.406711418201003e-008 -2.413983026070874e-008 -2.420378363125877e-008 -2.425896312757491e-008 -2.430563568044236e-008 -2.434214030586525e-008 -2.436881663545991e-008 -2.438342791219602e-008 -2.439099568578508e-008 -2.438994149859735e-008 -2.438161966431454e-008 -2.436613497057112e-008 -2.433360253229706e-008 -2.429643596452878e-008 -2.427482741724291e-008 -2.425798381642493e-008 -2.42832806850536e-008 -2.432040431611397e-008
-1.968678049252977e-008 -1.996227037381784e-008 -2.022425906723097e-008 -2.048044439142363e-008 -2.07343311541731e-008 -2.098928314890881e-008 -2.123856255006235e-008 -2.146812059300948e-008 -2.168157805991558e-008 -2.188731043986543e-008 -2.208228291811653e-008 -2.22659513369063e-008 -2.243808456257116e-008 -2.260035621416086e-008 -2.275359931403999e-008 -2.28959668188976e-008 -2.302808996401599e-008 -2.315097603784435e-008 -2.326403856280118e-008 -2.336723323255455e-008 -2.345860165934264e-008 -2.35401217637157e-008 -2.361326971858411e-008 -2.367660914496338e-008 -2.373141101280799e-008 -2.377931320759051e-008 -2.381521682779148e-008 -2.384062066764606e-008 -2.385670902996056e-008 -2.38662974044492e-008 -2.386726537442547e-008 -2.386084495843554e-008 -2.384930045050182e-008 -2.381430467470688e-008 -2.377771004464794e-008 -2.376447536427696e-008 -2.376004279747915e-008 -2.377862912772642e-008 -2.380340445647683e-008
-1.92330202258685e-008 -1.949873177467622e-008 -1.975736323467375e-008 -2.001177300259252e-008 -2.026291748600554e-008 -2.051054987807272e-008 -2.074673277492378e-008 -2.097257201665116e-008 -2.118477819210658e-008 -2.138633017906255e-008 -2.157687826702372e-008 -2.17554406300521e-008 -2.192420144560487e-008 -2.208353991327895e-008 -2.223194236127339e-008 -2.237047903288618e-008 -2.250064537464928e-008 -2.262022451784635e-008 -2.272957743512967e-008 -2.283112941929177e-008 -2.292264467819616e-008 -2.300402782774125e-008 -2.307652823212923e-008 -2.313951437448937e-008 -2.319211623093871e-008 -2.32366959452967e-008 -2.327575167740862e-008 -2.330292864222995e-008 -2.332020802098899e-008 -2.333152352343108e-008 -2.333305545244204e-008 -2.332681077011525e-008 -2.331373588720495e-008 -2.32829599591958e-008 -2.325193593925698e-008 -2.324094745914926e-008 -2.323989099943721e-008 -2.325565330171418e-008 -2.327672351044047e-008
-1.877125782462198e-008 -1.90293227472678e-008 -1.928392351847885e-008 -1.953524577853298e-008 -1.978286256482398e-008 -2.002401458380436e-008 -2.025093016467127e-008 -2.047108560031331e-008 -2.068081975122317e-008 -2.0877890308827e-008 -2.10632946871201e-008 -2.123786640659934e-008 -2.140334174484363e-008 -2.155849267113234e-008 -2.170315299246129e-008 -2.183914158845853e-008 -2.196540023332804e-008 -2.208184403943709e-008 -2.218985733380353e-008 -2.228848924301326e-008 -2.237851409084549e-008 -2.246075086324949e-008 -2.253258676765596e-008 -2.259376071566698e-008 -2.264626824184293e-008 -2.269016573159183e-008 -2.272908627104924e-008 -2.275734254493145e-008 -2.27757521143058e-008 -2.278692875386522e-008 -2.278911972748938e-008 -2.278568500858333e-008 -2.277367678277353e-008 -2.274369760481313e-008 -2.27141491976947e-008 -2.270519049784324e-008 -2.270422746534719e-008 -2.272158810622519e-008 -2.274086429718845e-008
-1.830224820870853e-008 -1.855501024151184e-008 -1.880629209214548e-008 -1.905212984369163e-008 -1.929224825341215e-008 -1.952379598683881e-008 -1.974784362411253e-008 -1.996307478076137e-008 -2.016650297505569e-008 -2.035985835270737e-008 -2.054190047477938e-008 -2.071265010568993e-008 -2.087424955792692e-008 -2.102586452076513e-008 -2.116695139852532e-008 -2.129924956631231e-008 -2.142274384680464e-008 -2.153602538993695e-008 -2.164009825337665e-008 -2.173713471427135e-008 -2.182653458899649e-008 -2.190587258981167e-008 -2.197557565907968e-008 -2.203978214136085e-008 -2.209494557716414e-008 -2.214064849341236e-008 -2.217688488754222e-008 -2.220396891590786e-008 -2.222154965147624e-008 -2.223212415901841e-008 -2.223579165064073e-008 -2.222969386910157e-008 -2.221770134730414e-008 -2.219850107362831e-008 -2.216890961770008e-008 -2.214866327668343e-008 -2.215010804375167e-008 -2.217365963402682e-008 -2.220352207659468e-008
-1.782785667603748e-008 -1.807427020610331e-008 -1.832139622746638e-008 -1.856224040113602e-008 -1.879593127056271e-008 -1.90202098185862e-008 -1.923825553081052e-008 -1.944911173048029e-008 -1.964771717495797e-008 -1.983555807275808e-008 -2.001360262647207e-008 -2.018101057378661e-008 -2.033886720809618e-008 -2.048625955746697e-008 -2.062410570295311e-008 -2.075393169533247e-008 -2.087382473310852e-008 -2.098399612565928e-008 -2.108573165161896e-008 -2.118099155303636e-008 -2.126864242935938e-008 -2.134652208837459e-008 -2.141551686301797e-008 -2.147995883885048e-008 -2.1535845190393e-008 -2.158240389717637e-008 -2.161712830203027e-008 -2.164277517300654e-008 -2.166038630748339e-008 -2.167194668141608e-008 -2.167528759973069e-008 -2.166907452047338e-008 -2.166098176019604e-008 -2.164467097297805e-008 -2.161677031752702e-008 -2.159078512383688e-008 -2.1593354855951e-008 -2.161736997646567e-008 -2.165206699240268e-008
-1.734927961527252e-008 -1.759172454629331e-008 -1.783243005546637e-008 -1.806649491524963e-008 -1.82932820013509e-008 -1.851173793362317e-008 -1.872368942932704e-008 -1.892884398170108e-008 -1.912255550043042e-008 -1.930540131957605e-008 -1.947875719217581e-008 -1.964232661580026e-008 -1.979598138649635e-008 -1.993969088570135e-008 -2.007428343401334e-008 -2.020067166007684e-008 -2.031808141183454e-008 -2.042626996766616e-008 -2.052701592204293e-008 -2.062026460143583e-008 -2.070558625803943e-008 -2.078359298287712e-008 -2.085403365456704e-008 -2.09157457832866e-008 -2.096875357437517e-008 -2.101303802532179e-008 -2.104658461325007e-008 -2.107400505270603e-008 -2.109331889450816e-008 -2.110408602974795e-008 -2.110832928493653e-008 -2.110417112974803e-008 -2.109334326346859e-008 -2.108069578355934e-008 -2.106610058418918e-008 -2.104417275885803e-008 -2.10412705976512e-008 -2.105066628730685e-008 -2.107780624153305e-008
-1.68649081972075e-008 -1.710105560162245e-008 -1.733721892916896e-008 -1.756535177145639e-008 -1.778605390343462e-008 -1.799836644940374e-008 -1.820351763145854e-008 -1.840314787164952e-008 -1.859290337067944e-008 -1.876993532806512e-008 -1.893745726751315e-008 -1.909721678135195e-008 -1.924842434476279e-008 -1.938638519800227e-008 -1.95174151645032e-008 -1.964242321883895e-008 -1.97573109295476e-008 -1.986176829401292e-008 -1.996145072104076e-008 -2.005418225700394e-008 -2.013667842385996e-008 -2.021354653255246e-008 -2.028475615616546e-008 -2.034517691690103e-008 -2.039540438764447e-008 -2.04380447964214e-008 -2.047230641990877e-008 -2.049944744382517e-008 -2.051836830946438e-008 -2.052992433096509e-008 -2.053624817546635e-008 -2.053186247593747e-008 -2.052120509040774e-008 -2.0512236221296e-008 -2.05012662729615e-008 -2.048266624056966e-008 -2.047611732587905e-008 -2.048055459432477e-008 -2.050515913089589e-008
-1.637723649170593e-008 -1.660956845460961e-008 -1.683836906972473e-008 -1.705914003031696e-008 -1.727253827780471e-008 -1.747846325862705e-008 -1.767799495497642e-008 -1.787114816726782e-008 -1.805403424142031e-008 -1.822630921543138e-008 -1.838985864346951e-008 -1.854364087176881e-008 -1.868687075652245e-008 -1.88236382717238e-008 -1.895364067285981e-008 -1.907423315492171e-008 -1.918450857614572e-008 -1.928971959207461e-008 -1.93885225500766e-008 -1.94784643677268e-008 -1.955927403890385e-008 -1.96356936662331e-008 -1.970582891227076e-008 -1.97654933614361e-008 -1.981570787904469e-008 -1.985766686419659e-008 -1.98917403638213e-008 -1.991746835628573e-008 -1.99369635691027e-008 -1.994887907537907e-008 -1.99529447720422e-008 -1.995042969182262e-008 -1.994481662738188e-008 -1.993199795908711e-008 -1.991648733054298e-008 -1.990691963108472e-008 -1.990536639698521e-008 -1.991415824413843e-008 -1.993808599450328e-008
-1.588413371422925e-008 -1.61107113665448e-008 -1.633448229077401e-008 -1.654828929715328e-008 -1.675508122716254e-008 -1.695514287432416e-008 -1.714786467084535e-008 -1.733469895291277e-008 -1.751277974726482e-008 -1.768035771084357e-008 -1.783796346460293e-008 -1.798606711499695e-008 -1.812507416619625e-008 -1.825918820532091e-008 -1.838566337125467e-008 -1.850248324743426e-008 -1.861146159133846e-008 -1.871421149064797e-008 -1.881056264753766e-008 -1.889904372427744e-008 -1.897914975325282e-008 -1.905293244394829e-008 -1.912123703179884e-008 -1.918156138756774e-008 -1.923137755578435e-008 -1.927066170636201e-008 -1.930422555792472e-008 -1.933116922080409e-008 -1.935045910344677e-008 -1.93610962008592e-008 -1.936534017397703e-008 -1.936613756732008e-008 -1.936220821034097e-008 -1.934906217608086e-008 -1.933159030075142e-008 -1.932450719492712e-008 -1.932286926235794e-008 -1.933338836718577e-008 -1.935831953172637e-008
-1.538885050101284e-008 -1.561206078565231e-008 -1.582733491225369e-008 -1.603299739703758e-008 -1.623169242420813e-008 -1.64257608688978e-008 -1.661355777291644e-008 -1.679411044586389e-008 -1.696567084575531e-008 -1.712840569783745e-008 -1.728205953217676e-008 -1.742657248027115e-008 -1.756366773693998e-008 -1.769347199330228e-008 -1.781499709271527e-008 -1.792834171502757e-008 -1.803432141866929e-008 -1.81343779061373e-008 -1.822882682105358e-008 -1.831572023340272e-008 -1.83938157796941e-008 -1.846523517261024e-008 -1.853132490210748e-008 -1.858890855319129e-008 -1.863527216405987e-008 -1.867604149009041e-008 -1.871075732931726e-008 -1.873658797605514e-008 -1.875329436157235e-008 -1.876696402251881e-008 -1.877407733228239e-008 -1.877474248968831e-008 -1.877231312752827e-008 -1.876553387251504e-008 -1.874764633365837e-008 -1.873347848289369e-008 -1.872438071616377e-008 -1.873542297707167e-008 -1.87625333337408e-008
-1.488958814607682e-008 -1.510770340827345e-008 -1.531587754939668e-008 -1.551440158211321e-008 -1.570614903430988e-008 -1.589362554272725e-008 -1.607577270484196e-008 -1.625027996941829e-008 -1.641731462328841e-008 -1.657457409462374e-008 -1.672279861474478e-008 -1.686349863923305e-008 -1.699851176906458e-008 -1.712455606248645e-008 -1.724124756287464e-008 -1.735099471894372e-008 -1.745462274768807e-008 -1.755213359597865e-008 -1.764391084074142e-008 -1.772868892415035e-008 -1.780534407825251e-008 -1.787460606014488e-008 -1.793765058757416e-008 -1.799258425671181e-008 -1.803878651678493e-008 -1.807924550313471e-008 -1.811278878818969e-008 -1.813750879836429e-008 -1.815547104476923e-008 -1.817008114231438e-008 -1.817763821191919e-008 -1.817866726741775e-008 -1.817923939545883e-008 -1.817476742989258e-008 -1.815831457070737e-008 -1.813924814068275e-008 -1.812793523226666e-008 -1.813946593545876e-008 -1.816450291797737e-008
-1.438989035876428e-008 -1.460014825676571e-008 -1.480023949702676e-008 -1.499324216714968e-008 -1.518058966693379e-008 -1.53612933181914e-008 -1.553570282991288e-008 -1.570285793242516e-008 -1.586362157213994e-008 -1.601661061166426e-008 -1.616005754457745e-008 -1.629613515992305e-008 -1.642644168187359e-008 -1.654983532704817e-008 -1.666374918853014e-008 -1.677058548491911e-008 -1.68716267574408e-008 -1.696706764684449e-008 -1.705597993799143e-008 -1.713841484907282e-008 -1.721315066819773e-008 -1.728041921587392e-008 -1.734055988405353e-008 -1.739366071163804e-008 -1.743966898676469e-008 -1.74791544762802e-008 -1.751118377835389e-008 -1.753563553102556e-008 -1.755433557764372e-008 -1.756866358134703e-008 -1.757636251122662e-008 -1.757769024253251e-008 -1.75778770887232e-008 -1.757612958595818e-008 -1.756367285700978e-008 -1.754698831138631e-008 -1.754392328203574e-008 -1.755309688853474e-008 -1.756485602390307e-008
-1.388524354645224e-008 -1.408766370682511e-008 -1.428199096269125e-008 -1.446990504349259e-008 -1.465114343418179e-008 -1.482470089316716e-008 -1.499291552710754e-008 -1.515477497236875e-008 -1.530874216397458e-008 -1.545505341625447e-008 -1.559461994204912e-008 -1.572776732315937e-008 -1.585368017914997e-008 -1.597227803097241e-008 -1.608340653635558e-008 -1.61881356575778e-008 -1.628642784395243e-008 -1.637856551126112e-008 -1.646451636358961e-008 -1.65448845390011e-008 -1.661840877894191e-008 -1.668246131344575e-008 -1.673940128172438e-008 -1.679115138247578e-008 -1.683763185201563e-008 -1.687565543912457e-008 -1.690564770340175e-008 -1.692983985649555e-008 -1.69494572533387e-008 -1.696403864537187e-008 -1.697034366096169e-008 -1.697140636035063e-008 -1.697376955981061e-008 -1.697477878365768e-008 -1.696156305097748e-008 -1.694517226883287e-008 -1.694362511640736e-008 -1.695234614554623e-008 -1.696020767141771e-008
-1.337313047590072e-008 -1.357112355888306e-008 -1.376156666277827e-008 -1.394337408032303e-008 -1.411685840783752e-008 -1.428427287928993e-008 -1.444687754231409e-008 -1.460316120622983e-008 -1.475111220532464e-008 -1.489156882278931e-008 -1.502669349175209e-008 -1.515632290300809e-008 -1.527849886952378e-008 -1.539295347879936e-008 -1.550110815810557e-008 -1.560275990355282e-008 -1.569836432871266e-008 -1.578728840566922e-008 -1.587012175512788e-008 -1.594642651786603e-008 -1.601717185901234e-008 -1.607940993414425e-008 -1.613445308468091e-008 -1.618416517536752e-008 -1.622892480844244e-008 -1.626622192251663e-008 -1.629598969019543e-008 -1.632097066874652e-008 -1.634013731404265e-008 -1.635303208254158e-008 -1.635860308645765e-008 -1.636023611260438e-008 -1.636212208723789e-008 -1.636006147636026e-008 -1.634876998239293e-008 -1.633239439071933e-008 -1.632307849734932e-008 -1.63322704046874e-008 -1.634921892749785e-008
