data/gpsIIR_gridfiles/GPSIIRnapShroudZ-R100-Q43W19S0.grd
DSAA
361 181
-180 180
-90 90
-2.8840487393059E-008 2.9294798529163E-008
[rows 0 to 16 of 181, columns 228 to 265 of 361]
2.371297212681442e-008 2.371297212681442e-008 2.371297212681442e-008 2.371297212681442e-008 2.371297212681442e-008 2.371297212681442e-008 2.371297212681442e-008 2.371297212681442e-008 2.371297212681442e-008 2.371297212681442e-008 2.371297212681442e-008 2.371297212681442e-008 2.371297212681442e-008 2.371297212681442e-008 2.371297212681442e-008 2.371297212681442e-008 2.371297212681442e-008 2.371297212681442e-008 2.371297212681442e-008 2.371297212681442e-008 2.371297212681442e-008 2.371297212681442e-008 2.371297212681442e-008 2.371297212681442e-008 2.371297212681442e-008 2.371297212681442e-008 2.371297212681442e-008 2.371297212681442e-008 2.371297212681442e-008 2.371297212681442e-008 2.371297212681442e-008 2.371297212681442e-008 2.371297212681442e-008 2.371297212681442e-008 2.371297212681442e-008 2.371297212681442e-008 2.371297212681442e-008 2.371297212681442e-008
2.445408472203626e-008 2.44531705664492e-008 2.446241433697112e-008 2.447257675479294e-008 2.448038723898268e-008 2.448676191930488e-008 2.449326351874474e-008 2.450171412308664e-008 2.451416473846822e-008 2.453352110270119e-008 2.456361480723784e-008 2.460751251107031e-008 2.466527293187669e-008 2.472917736038091e-008 2.478764607106706e-008 2.483599309824163e-008 2.487650082919344e-008 2.4913184342419e-008 2.494929714800596e-008 2.498590123202058e-008 2.502039195723261e-008 2.50467188554142e-008 2.505815976892318e-008 2.505295483005113e-008 2.503243298621341e-008 2.499776950592778e-008 2.494555236666733e-008 2.487033870282831e-008 2.477433633588159e-008 2.467550247709036e-008 2.459958114617963e-008 2.455828335064902e-008 2.454640385397909e-008 2.455294825381015e-008 2.457002373235656e-008 2.459553644611894e-008 2.463390348914802e-008 2.469380332550935e-008
2.492983126212942e-008 2.493972727735648e-008 2.495558118477135e-008 2.496957352750979e-008 2.498014848873478e-008 2.498864406306988e-008 2.499697307176073e-008 2.500732552416734e-008 2.502293564187095e-008 2.504780535768231e-008 2.50841660726606e-008 2.513149186512184e-008 2.518755105118388e-008 2.524457234866767e-008 2.529382756440483e-008 2.533405901725974e-008 2.5368775868441e-008 2.540185884660069e-008 2.543623349203789e-008 2.547257747015186e-008 2.550782250809063e-008 2.553576324293543e-008 2.555080963441449e-008 2.555201532421571e-008 2.554269890953336e-008 2.552448695384106e-008 2.549360205474196e-008 2.54422594887057e-008 2.536499538209524e-008 2.527119683242238e-008 2.518828362577882e-008 2.513769619783607e-008 2.511839930762215e-008 2.511959734677967e-008 2.513240138208611e-008 2.515312412721114e-008 2.518570383898688e-008 2.523990915762341e-008
2.537782398983444e-008 2.53966975847004e-008 2.541873695580556e-008 2.543632440230414e-008 2.54500397970334e-008 2.546201453262245e-008 2.547449764555965e-008 2.548975722005862e-008 2.551155591575932e-008 2.554327819113952e-008 2.558269183112212e-008 2.562597791397381e-008 2.567235143977617e-008 2.57183883336559e-008 2.575883844337389e-008 2.579337704810144e-008 2.582475143837028e-008 2.585625526468073e-008 2.58907390065778e-008 2.592823238474033e-008 2.596435661135937e-008 2.599260803872853e-008 2.600834812611257e-008 2.601234463687769e-008 2.600928487886425e-008 2.600130189481907e-008 2.598559278541181e-008 2.595507013123426e-008 2.590087128851582e-008 2.582303530736739e-008 2.574290787245524e-008 2.568609790737992e-008 2.565817533951738e-008 2.565217375912935e-008 2.566037225585947e-008 2.567743217980986e-008 2.570518604510724e-008 2.575075327817122e-008
2.579690230618076e-008 2.582228479792978e-008 2.584801344956672e-008 2.586912727679389e-008 2.588662404185393e-008 2.590351382022507e-008 2.592293899972285e-008 2.594810259044965e-008 2.598062628259759e-008 2.60175011684475e-008 2.605294007492081e-008 2.608539728712284e-008 2.611816072372759e-008 2.615302980956107e-008 2.618707022797841e-008 2.621849948405605e-008 2.624841343184415e-008 2.62798684300514e-008 2.63159921340505e-008 2.635515718075994e-008 2.639098113754238e-008 2.64177342930769e-008 2.643254461032264e-008 2.643731834355691e-008 2.643711453334148e-008 2.643437716010482e-008 2.642743417991503e-008 2.641125316441497e-008 2.637774456652678e-008 2.63222701395804e-008 2.62574318046265e-008 2.620453981520463e-008 2.617109647306913e-008 2.615594294351226e-008 2.615703060804402e-008 2.616976545850169e-008 2.619117254501492e-008 2.622149050399354e-008
2.618100474433227e-008 2.621049552850943e-008 2.623809046416354e-008 2.626179238962124e-008 2.628324531103326e-008 2.630489219522217e-008 2.633008784840412e-008 2.636392246430298e-008 2.640669185295688e-008 2.644881578232712e-008 2.648219762011919e-008 2.650692175160849e-008 2.652879242404275e-008 2.655470854798235e-008 2.658424839567307e-008 2.661404763306354e-008 2.664366888965319e-008 2.66763581174287e-008 2.6714674246548e-008 2.675368115607021e-008 2.678631157577514e-008 2.68098586900812e-008 2.682337599353987e-008 2.682846134470808e-008 2.682952584324826e-008 2.682887178310864e-008 2.682569911446082e-008 2.681711040592837e-008 2.679767901126832e-008 2.676314946471247e-008 2.672106328412965e-008 2.668532534031325e-008 2.665821649560797e-008 2.66380490620824e-008 2.662864105337225e-008 2.663058574402603e-008 2.663839983156363e-008 2.664823553135749e-008
2.652751305152252e-008 2.65582648723697e-008 2.658625366998829e-008 2.661148385263959e-008 2.663658957316297e-008 2.666327998762099e-008 2.669361965912471e-008 2.673380638159582e-008 2.678412173659666e-008 2.683114060923013e-008 2.686689760575413e-008 2.689077508748525e-008 2.690837884075412e-008 2.692921723806429e-008 2.69554621455305e-008 2.698400859915659e-008 2.70141588089347e-008 2.704841676907487e-008 2.708645410589831e-008 2.712085130181776e-008 2.714780647875144e-008 2.716796808034299e-008 2.718119258248622e-008 2.718755825497515e-008 2.718957044174088e-008 2.718925535663864e-008 2.718681720800443e-008 2.71812486799068e-008 2.716986937066071e-008 2.71506578688958e-008 2.712951643411358e-008 2.711436663370731e-008 2.710247410272662e-008 2.708720160953998e-008 2.706899888831155e-008 2.705411086080991e-008 2.704368259942875e-008 2.70356428106923e-008
2.683427857609741e-008 2.68643285487653e-008 2.68925335708217e-008 2.691945457994991e-008 2.694785511889787e-008 2.697980740667767e-008 2.701671643041944e-008 2.70660507291322e-008 2.712470262273451e-008 2.717365810113399e-008 2.721052824851183e-008 2.723614874601301e-008 2.72553672310676e-008 2.727662128795114e-008 2.730226784429546e-008 2.733023317261821e-008 2.735981848202604e-008 2.739168868549284e-008 2.742391329236009e-008 2.745154586553166e-008 2.747379552604884e-008 2.749203723839976e-008 2.750628299510358e-008 2.751521462520974e-008 2.751899946727141e-008 2.751891892810153e-008 2.751613258997918e-008 2.751141312712042e-008 2.750448043708998e-008 2.749573124893217e-008 2.748935514649934e-008 2.748712140336755e-008 2.748398836466725e-008 2.747362062457492e-008 2.745314699037066e-008 2.742764178970599e-008 2.74050591165591e-008 2.738737613920565e-008
2.710019349657628e-008 2.713021827191997e-008 2.715979849254501e-008 2.718971468264601e-008 2.722193462971616e-008 2.725804300948712e-008 2.729798153694976e-008 2.735318352044577e-008 2.742293664370455e-008 2.747594727766384e-008 2.75140625792221e-008 2.754198326439307e-008 2.756496135264033e-008 2.758955424662946e-008 2.761722190273784e-008 2.764534699005788e-008 2.7671925666319e-008 2.769785212569547e-008 2.77238965342068e-008 2.774727873311307e-008 2.776694468287837e-008 2.778401974430392e-008 2.779913219743822e-008 2.781064668358348e-008 2.781707928364808e-008 2.781877682432332e-008 2.781666428161289e-008 2.781248100357982e-008 2.780760405385088e-008 2.780458193397024e-008 2.780652578722166e-008 2.781017100270253e-008 2.780882983048879e-008 2.779873748264234e-008 2.777740816337252e-008 2.774618110063853e-008 2.771730090705332e-008 2.769686229621173e-008
2.732780611626741e-008 2.735896094756416e-008 2.739107012223904e-008 2.742497984862945e-008 2.74635508135095e-008 2.750840286255154e-008 2.755128824098347e-008 2.760367115267069e-008 2.767303500854354e-008 2.773308808683374e-008 2.777621587589575e-008 2.780819751174256e-008 2.783590195764113e-008 2.786402181772828e-008 2.789373944672859e-008 2.792291634515199e-008 2.794844202829773e-008 2.797078118907416e-008 2.799326788847615e-008 2.801423210625583e-008 2.803191987600048e-008 2.804732890266926e-008 2.806155908429288e-008 2.80734461726065e-008 2.80809828483363e-008 2.808389029645251e-008 2.808328309622629e-008 2.808008731950857e-008 2.807587340724205e-008 2.807476673451015e-008 2.807988852131755e-008 2.808736254834051e-008 2.808802781565318e-008 2.807680670407802e-008 2.805198172639758e-008 2.801311841204154e-008 2.797897908398603e-008 2.795852731317716e-008
2.752073049066902e-008 2.755426626624457e-008 2.758969686092361e-008 2.762664357569015e-008 2.76659105996168e-008 2.772078200798981e-008 2.777676358607622e-008 2.783140433507488e-008 2.789510690119814e-008 2.795513381353945e-008 2.80017978027816e-008 2.803884926709479e-008 2.807303762998091e-008 2.810631070853062e-008 2.813865791453448e-008 2.816881187787205e-008 2.8194382802911e-008 2.821538147102631e-008 2.823563960980975e-008 2.825455608362076e-008 2.82698887517392e-008 2.828237336617595e-008 2.829395189102572e-008 2.830481470729549e-008 2.831259356164205e-008 2.831501082550978e-008 2.831344018376104e-008 2.830987529581479e-008 2.830547662066938e-008 2.830254086501973e-008 2.830345154909576e-008 2.83101085485324e-008 2.831546934015332e-008 2.830480332000604e-008 2.827545467731834e-008 2.823270049194606e-008 2.819916748299481e-008 2.818026159679722e-008
2.768332418144638e-008 2.772016602204354e-008 2.77599581034438e-008 2.780429178782477e-008 2.784771151620146e-008 2.789933214821696e-008 2.796452926740061e-008 2.802909628987875e-008 2.809361912200219e-008 2.815266143166947e-008 2.820111322876943e-008 2.824216815551179e-008 2.828147875439734e-008 2.832100192273623e-008 2.835822879467256e-008 2.838885005738929e-008 2.84129851443744e-008 2.843167362349728e-008 2.84489930547532e-008 2.846474702616841e-008 2.847642820549355e-008 2.848564518222675e-008 2.84949884750872e-008 2.850526990908409e-008 2.851498228913601e-008 2.851930546937609e-008 2.851730698092703e-008 2.851105267333628e-008 2.850236280997359e-008 2.849176115960322e-008 2.84800998859595e-008 2.847331608603698e-008 2.847583772563196e-008 2.847091642788732e-008 2.844790703711902e-008 2.841556948703606e-008 2.83889466014024e-008 2.837014697839553e-008
2.782021690449653e-008 2.786140066830502e-008 2.790332440346317e-008 2.794984705664946e-008 2.800894280965834e-008 2.806658941364955e-008 2.813241947488336e-008 2.820253895259942e-008 2.827007467152124e-008 2.833011313344708e-008 2.838183114980165e-008 2.842611793189576e-008 2.846622968249369e-008 2.850655465279862e-008 2.854809946533067e-008 2.858019404966102e-008 2.860198733027457e-008 2.861707944953079e-008 2.863142353033024e-008 2.864465218103509e-008 2.865419310533643e-008 2.86619055433238e-008 2.866912341263557e-008 2.867683966037105e-008 2.868529441181685e-008 2.86907305094987e-008 2.868968026679586e-008 2.868095148125339e-008 2.866753205133299e-008 2.86506047698569e-008 2.863158342307024e-008 2.861504689645798e-008 2.860614976366761e-008 2.85967234699401e-008 2.857936239054622e-008 2.856081364295422e-008 2.854261912451073e-008 2.852106178263788e-008
2.7935446907402e-008 2.79822113797988e-008 2.803241603278101e-008 2.807991320492996e-008 2.814099142057802e-008 2.821086774624618e-008 2.828438059748317e-008 2.8359406186764e-008 2.842828522118581e-008 2.848791807190272e-008 2.854297919442892e-008 2.859292391013405e-008 2.863390954262482e-008 2.867150048901296e-008 2.870866467873722e-008 2.873833477694252e-008 2.87565421922917e-008 2.87695272412504e-008 2.878442899940469e-008 2.879954073545825e-008 2.881080568187319e-008 2.881795043674305e-008 2.882241061404807e-008 2.882465885882584e-008 2.882395069787771e-008 2.882012322416422e-008 2.881611248637541e-008 2.881044924639627e-008 2.880014663294499e-008 2.878591387687424e-008 2.876835116664153e-008 2.874966726216027e-008 2.872967142687683e-008 2.870300901056827e-008 2.867881341030627e-008 2.866345474002122e-008 2.865006963957996e-008 2.862624708358476e-008
2.80338137372113e-008 2.808132550848706e-008 2.81386327740414e-008 2.820084373996732e-008 2.826590672997418e-008 2.834221351694168e-008 2.84233908134248e-008 2.850126340036183e-008 2.856994712558771e-008 2.862714711416587e-008 2.868038090379936e-008 2.873520951587718e-008 2.877993671001822e-008 2.881612577944324e-008 2.884745362079561e-008 2.887182485095383e-008 2.888724613051998e-008 2.890032341552018e-008 2.891522558330548e-008 2.893071586824385e-008 2.894325231433176e-008 2.895013174257735e-008 2.895172085422188e-008 2.894785512383528e-008 2.893837737996374e-008 2.892688574348869e-008 2.891807397212244e-008 2.891167788644997e-008 2.890279950728267e-008 2.889278981983759e-008 2.887924466048721e-008 2.885862858014057e-008 2.882725195332448e-008 2.879017772967322e-008 2.8762586496448e-008 2.874305184005578e-008 2.872502648721125e-008 2.869990965949608e-008
2.811845676163613e-008 2.817393649493848e-008 2.822963372979661e-008 2.830140423926292e-008 2.837983943501223e-008 2.846598164339495e-008 2.854973395098047e-008 2.862474683877085e-008 2.869407646504462e-008 2.875145834338421e-008 2.880273224722168e-008 2.885477891588424e-008 2.889986847034742e-008 2.893471455608699e-008 2.896362812513001e-008 2.898730913733276e-008 2.900386074825199e-008 2.901717912387212e-008 2.902991991751749e-008 2.904161987122167e-008 2.904940800389534e-008 2.905235937948222e-008 2.905143684329532e-008 2.904547903381273e-008 2.903522503759625e-008 2.902368677990192e-008 2.901191677742371e-008 2.899695371089707e-008 2.897941273370949e-008 2.896624771915137e-008 2.89542002531017e-008 2.893339483591594e-008 2.89011049643605e-008 2.886704851732019e-008 2.883794762590737e-008 2.881079057454964e-008 2.878281095442622e-008 2.875234494297028e-008
2.817670248120381e-008 2.825050742193873e-008 2.83174085064238e-008 2.839622502822187e-008 2.848510387194052e-008 2.857769790944128e-008 2.865874664187178e-008 2.872793796040895e-008 2.879744423595613e-008 2.885902262823057e-008 2.891157677823802e-008 2.896042107107938e-008 2.900139846470011e-008 2.903372994051861e-008 2.90612349794507e-008 2.908425340421236e-008 2.910185959054942e-008 2.911517625207572e-008 2.912545861923287e-008 2.913226318037538e-008 2.913457171207526e-008 2.913338006336114e-008 2.912821094563902e-008 2.91198018978151e-008 2.911083096159751e-008 2.909968317180195e-008 2.908357523954891e-008 2.905961396348033e-008 2.903735591940998e-008 2.901996050285353e-008 2.900410478726451e-008 2.898382605930656e-008 2.895561797720071e-008 2.89239363863665e-008 2.889074816969678e-008 2.885631483310501e-008 2.882367765679903e-008 2.878789974734907e-008
