data/gpsIIR_gridfiles/GPSIIRnonapShroudY-R100-Q50W50S0.grd
DSAA
361 181
-180 180
-90 90
-3.5245714920859E-008 3.544718437806E-008
[rows 136 to 152 of 181, columns 0 to 38 of 361]
1.243913911937515e-010 5.230770149153221e-010 9.179677433488991e-010 1.311744169164141e-009 1.706830923266125e-009 2.102869192134853e-009 2.502596566781908e-009 2.90438218071736e-009 3.308958477548183e-009 3.715910989387217e-009 4.127113773417615e-009 4.542377610113615e-009 4.957641653511686e-009 5.372440575032826e-009 5.790914243231531e-009 6.209387891137072e-009 6.625015673691546e-009 7.041490890857988e-009 7.460998148501422e-009 7.886137142108623e-009 8.310158927163113e-009 8.732896013785037e-009 9.158346092918986e-009 9.583322775829904e-009 1.000715353992669e-008 1.043479681173001e-008 1.086065262302153e-008 1.128158149084105e-008 1.170327285857821e-008 1.212290595232701e-008 1.253544044498424e-008 1.294513613347907e-008 1.335172991983292e-008 1.37497729355738e-008 1.414607154258594e-008 1.453617900344436e-008 1.49118241872954e-008 1.528506235502891e-008 1.564445005427668e-008
1.161928661538626e-010 5.105311555472281e-010 9.0093665362542e-010 1.288504255160805e-009 1.675719132963894e-009 2.064094154527077e-009 2.45714541723298e-009 2.852480545418651e-009 3.250207434106414e-009 3.649933391386857e-009 4.05409933519528e-009 4.46109285648838e-009 4.867453687521589e-009 5.275125762213505e-009 5.684472260648878e-009 6.093908888818257e-009 6.503002359321911e-009 6.912671443250616e-009 7.323634483902865e-009 7.737909906845805e-009 8.15259746231685e-009 8.566377822681503e-009 8.981219937186444e-009 9.396336199980708e-009 9.811221895683908e-009 1.022771054754176e-008 1.064342544393542e-008 1.105571853828954e-008 1.146754300591577e-008 1.187705177621935e-008 1.228082778274981e-008 1.268269016370912e-008 1.30811362414306e-008 1.347131006525471e-008 1.385733305665411e-008 1.423733518184892e-008 1.460467563976353e-008 1.496761278645357e-008 1.531935910100019e-008
1.044118007603516e-010 4.971095421349307e-010 8.835326093844038e-010 1.265506096881809e-009 1.642775332902618e-009 2.020888019346098e-009 2.409389838726542e-009 2.79918878837574e-009 3.190129377290084e-009 3.582119223282436e-009 3.978870282821867e-009 4.378597999931354e-009 4.775473370391863e-009 5.174694956996698e-009 5.575374135018181e-009 5.976475664064398e-009 6.378492591286367e-009 6.780741529553105e-009 7.183567621211727e-009 7.58776973853484e-009 7.993024129172576e-009 8.397332833049971e-009 8.801547428682107e-009 9.206301752083599e-009 9.611064437873712e-009 1.001800929448679e-008 1.042342874628457e-008 1.082534445262692e-008 1.12284704109583e-008 1.162782575199066e-008 1.202123588323261e-008 1.241578606910536e-008 1.280661034813991e-008 1.318736870620638e-008 1.356325387693245e-008 1.393304487285832e-008 1.428867287282338e-008 1.464403697880035e-008 1.498891061932082e-008
8.575176942952188e-011 4.787041173761489e-010 8.627632584997701e-010 1.242274036740085e-009 1.612913189687049e-009 1.984323336184422e-009 2.363242057238906e-009 2.74415276817093e-009 3.126678645362948e-009 3.51102419758862e-009 3.899011011621881e-009 4.289564149332843e-009 4.678968271523867e-009 5.070525556703229e-009 5.463831692754114e-009 5.857804587049767e-009 6.251319712157661e-009 6.644310353059497e-009 7.039288020788856e-009 7.434506580480768e-009 7.828544344320444e-009 8.223414005234121e-009 8.618630300364686e-009 9.013776432504506e-009 9.409730705948906e-009 9.806384013049261e-009 1.020134739551657e-008 1.059514772407806e-008 1.098810444896907e-008 1.137726194619015e-008 1.176326485595905e-008 1.214688982511482e-008 1.252561546852764e-008 1.289925420422494e-008 1.326614522114371e-008 1.362489037995791e-008 1.39763076054205e-008 1.432061751648747e-008 1.465045328490509e-008
5.68497658440074e-011 4.53858011938255e-010 8.442315678889988e-010 1.221637673324967e-009 1.582871228357523e-009 1.945315067839113e-009 2.314766289555735e-009 2.68789126305057e-009 3.061723547317278e-009 3.437398721918425e-009 3.816601738543005e-009 4.198336181570571e-009 4.57963039886759e-009 4.962938170684714e-009 5.349578915277965e-009 5.736958091280863e-009 6.120652172619339e-009 6.504700241970185e-009 6.891945777091907e-009 7.277503683248628e-009 7.661147480443924e-009 8.046160524876758e-009 8.431660860050459e-009 8.817985822711002e-009 9.20528038489262e-009 9.591264886640599e-009 9.976045283093883e-009 1.036174038469905e-008 1.074438810827118e-008 1.112325720784565e-008 1.150166625909782e-008 1.187406912924362e-008 1.224093816848708e-008 1.260686100408914e-008 1.296460983549379e-008 1.331144312213545e-008 1.365662796007795e-008 1.39918074112318e-008 1.430917590871727e-008
1.98022617015099e-011 4.188248639493199e-010 8.150460575252578e-010 1.187428586897362e-009 1.547508096445472e-009 1.906501221054139e-009 2.266956062040194e-009 2.630577608201129e-009 2.995791216365924e-009 3.363274089816073e-009 3.733855388723029e-009 4.106190291265977e-009 4.479330095928477e-009 4.854119950138583e-009 5.2304131975825e-009 5.607910113926399e-009 5.983827777963542e-009 6.359081206450438e-009 6.736248941176554e-009 7.113391531320314e-009 7.489137117766184e-009 7.865108772415098e-009 8.24120422577825e-009 8.618393204115996e-009 8.995868295285366e-009 9.371525137019094e-009 9.747337376015241e-009 1.012353750085153e-008 1.049597691210492e-008 1.086639280009599e-008 1.123641152259017e-008 1.159964366136466e-008 1.195659074660122e-008 1.231111994191199e-008 1.26578307542742e-008 1.299678160380621e-008 1.333197798302272e-008 1.365599044311926e-008 1.396439452998949e-008
-5.572507648420095e-012 3.849982648811013e-010 7.848616919511913e-010 1.154353776770561e-009 1.510552832954138e-009 1.867217327763322e-009 2.218414269803709e-009 2.571136989189308e-009 2.928260908159048e-009 3.287464965469037e-009 3.649832537575447e-009 4.013096363841375e-009 4.376547836000441e-009 4.742865911625426e-009 5.108894496580361e-009 5.475467716077712e-009 5.843125012145275e-009 6.209745487095342e-009 6.576645933309172e-009 6.945453765631386e-009 7.313526839279894e-009 7.680372037039463e-009 8.046865453610139e-009 8.414572790270163e-009 8.783047976215132e-009 9.147832668235095e-009 9.514114205782064e-009 9.88145561536513e-009 1.02435480642178e-008 1.060486696805039e-008 1.096711769590109e-008 1.132150505022655e-008 1.166761196311085e-008 1.201118143764189e-008 1.234600150910756e-008 1.267530391264929e-008 1.300256704447757e-008 1.331618855548305e-008 1.3614473529631e-008
-1.489315072365341e-012 3.828044868154492e-010 7.689193900293374e-010 1.130745543721111e-009 1.47893555253385e-009 1.825117705445084e-009 2.167057345526923e-009 2.512030945467367e-009 2.86004707593403e-009 3.209607464941902e-009 3.56157786202162e-009 3.916287305456958e-009 4.271897257929772e-009 4.629288042239677e-009 4.986157255366648e-009 5.343156697632923e-009 5.700377777766991e-009 6.057548208226727e-009 6.415999761127632e-009 6.775524943402138e-009 7.134604289643322e-009 7.491984753976457e-009 7.848446050512532e-009 8.204752678217125e-009 8.56119502897465e-009 8.917557586739865e-009 9.275128552461085e-009 9.631647351211235e-009 9.984424343540984e-009 1.033734412413482e-008 1.069010189681281e-008 1.103491211885856e-008 1.13724809242841e-008 1.170649881590875e-008 1.203369492718286e-008 1.235327657363726e-008 1.26684744623379e-008 1.297442057057432e-008 1.326562725609365e-008
1.813220353228086e-011 3.934628115621515e-010 7.593502863352899e-010 1.111570010342612e-009 1.4513282720488e-009 1.782157599832681e-009 2.112574858497568e-009 2.45056338046013e-009 2.790702033201517e-009 3.130380119466112e-009 3.47151252997112e-009 3.817288452195339e-009 4.165910708503663e-009 4.514842169572952e-009 4.861783781284419e-009 5.208919048507248e-009 5.555995704735894e-009 5.901989865609408e-009 6.251775014506569e-009 6.603259044072129e-009 6.953548179153672e-009 7.301072220326425e-009 7.646598684957884e-009 7.991407535177463e-009 8.335470061251979e-009 8.682928686628359e-009 9.032191771604613e-009 9.378603006482229e-009 9.720544253415903e-009 1.006450651727392e-008 1.040899456434525e-008 1.074581376437663e-008 1.1071898966702e-008 1.13962572248155e-008 1.171593542892702e-008 1.202455985661177e-008 1.232874133748537e-008 1.262762570162486e-008 1.291299271767181e-008
3.073420252100056e-011 3.968466330171805e-010 7.496739739502693e-010 1.086816291467008e-009 1.416351007507687e-009 1.737479952647674e-009 2.06187133245913e-009 2.390477178232263e-009 2.720699127824141e-009 3.051641270030818e-009 3.384292900043237e-009 3.7201058655701e-009 4.059050726113881e-009 4.397878605100353e-009 4.735574983700085e-009 5.07346817939812e-009 5.411595690365497e-009 5.749321568038653e-009 6.088315578508249e-009 6.428821117623899e-009 6.768350481545818e-009 7.105935907352461e-009 7.441967035360438e-009 7.777001734565465e-009 8.112090716194356e-009 8.448398993992608e-009 8.786677841283002e-009 9.123311846172623e-009 9.45577514262258e-009 9.787976177626882e-009 1.012109016103319e-008 1.044672348983075e-008 1.076354659055624e-008 1.107918117136838e-008 1.139027668003092e-008 1.168996722890763e-008 1.198262207145445e-008 1.22718501276888e-008 1.254784896620987e-008
2.702345657409303e-011 3.899482359306669e-010 7.420956127109107e-010 1.066404771419311e-009 1.378670258002596e-009 1.689770145107278e-009 2.007712170436769e-009 2.329552651560884e-009 2.649793320314123e-009 2.972012126707997e-009 3.296209453347527e-009 3.622239058107009e-009 3.951418111326123e-009 4.280696124173753e-009 4.608123541590803e-009 4.936723427435019e-009 5.265919407496946e-009 5.594525395958426e-009 5.922885856789509e-009 6.252560946320673e-009 6.581656477752974e-009 6.909042133523921e-009 7.235317532631414e-009 7.560626756089915e-009 7.885188660346437e-009 8.211132571249876e-009 8.539131113362185e-009 8.865704238367578e-009 9.187404857108617e-009 9.508107604072499e-009 9.829780691406448e-009 1.014490056891328e-008 1.045186078500073e-008 1.075748006799283e-008 1.105965016582257e-008 1.13505218990949e-008 1.163219739980831e-008 1.191038030242884e-008 1.217892980222664e-008
4.084332805993709e-012 3.590293297864046e-010 7.100008818050785e-010 1.031454507246722e-009 1.337948937918915e-009 1.645821357185815e-009 1.955639158861197e-009 2.266869291728655e-009 2.577433988646296e-009 2.890609845546531e-009 3.205748824956899e-009 3.522843102865566e-009 3.841683910755288e-009 4.160554730108839e-009 4.479182919649524e-009 4.798581966171033e-009 5.117855393784966e-009 5.436527788434599e-009 5.755185212600792e-009 6.074397035176918e-009 6.393058176048999e-009 6.710529799516761e-009 7.02703222045641e-009 7.343099254447965e-009 7.658648895781361e-009 7.973920978996005e-009 8.290156647825188e-009 8.605688958713627e-009 8.917372492463835e-009 9.226956888096653e-009 9.536743026353411e-009 9.841816962126532e-009 1.013914417591648e-008 1.043337931825265e-008 1.072544761967344e-008 1.100738828279852e-008 1.127809096362009e-008 1.154526465084769e-008 1.180468106821407e-008
-2.004316701490624e-011 3.205314831046381e-010 6.7296898460417e-010 9.947456197501956e-010 1.296208273042042e-009 1.599205416597766e-009 1.902829872190098e-009 2.202920887009996e-009 2.503484519557912e-009 2.807691107744713e-009 3.114296352629984e-009 3.422300271005057e-009 3.73119418207054e-009 4.039436876996272e-009 4.349039702663614e-009 4.659245477160256e-009 4.968477866273004e-009 5.276853509660778e-009 5.585475073472163e-009 5.894459862252064e-009 6.2033541886004e-009 6.510446914841142e-009 6.817052404974686e-009 7.123879193552632e-009 7.430291993432302e-009 7.734555952111295e-009 8.039420640991266e-009 8.344076664188494e-009 8.645215441575628e-009 8.943533708399535e-009 9.242135159665631e-009 9.536673232628943e-009 9.823743299379431e-009 1.010741602933465e-008 1.038910509474151e-008 1.066060460674592e-008 1.092123490579421e-008 1.117925434854834e-008 1.142791549031475e-008
-1.859306984177509e-011 3.156331987453652e-010 6.54933512914058e-010 9.675211748969372e-010 1.262468741815676e-009 1.555002566374597e-009 1.846852534360606e-009 2.13763495241649e-009 2.430612790471902e-009 2.725408776014063e-009 3.022584931401738e-009 3.320773949076994e-009 3.619181523384372e-009 3.91813920956496e-009 4.218601329281092e-009 4.5191360880842e-009 4.817763536369053e-009 5.115998424470416e-009 5.41406196684887e-009 5.712000600740684e-009 6.010641312711103e-009 6.308307592421735e-009 6.605358201335638e-009 6.902309909892208e-009 7.198003751576346e-009 7.492426965045457e-009 7.786857078795608e-009 8.080482894783267e-009 8.371037570237037e-009 8.65924218919714e-009 8.946550961500068e-009 9.230067061853008e-009 9.50772583236483e-009 9.781714089680405e-009 1.005272906856809e-008 1.03152593769717e-008 1.056834792287524e-008 1.081503582340031e-008 1.10526126108556e-008
2.762145546054334e-012 3.278460075872543e-010 6.460459188139412e-010 9.464637330186347e-010 1.230852179311345e-009 1.510682771664951e-009 1.789176391497819e-009 2.070680042424377e-009 2.356688276493401e-009 2.642571378443212e-009 2.930146221864301e-009 3.218596366473827e-009 3.506411202735921e-009 3.795804930297887e-009 4.087198900899026e-009 4.378498906096438e-009 4.666275171487792e-009 4.953549824730123e-009 5.241218887918882e-009 5.528426647429724e-009 5.816155647139476e-009 6.10420465728201e-009 6.391977164728984e-009 6.679652111314198e-009 6.964536734583816e-009 7.248234144442284e-009 7.532282210000377e-009 7.816034127006297e-009 8.095611821265439e-009 8.373172409238883e-009 8.649712361267396e-009 8.922906616965314e-009 9.189676889572071e-009 9.4546014152199e-009 9.716002992506553e-009 9.969135424731683e-009 1.021275136035746e-008 1.045014997296076e-008 1.067812939686566e-008
2.496912899263974e-011 3.318473006346138e-010 6.292232401653367e-010 9.157792695532692e-010 1.191243127288393e-009 1.464312775867404e-009 1.734382077491589e-009 2.006705268906235e-009 2.282016970831168e-009 2.558231469492564e-009 2.835799762728143e-009 3.114241618433389e-009 3.392738477319311e-009 3.671943815631582e-009 3.952779413052142e-009 4.233784172388956e-009 4.511968094997217e-009 4.789440949145737e-009 5.067494268474636e-009 5.345128894296755e-009 5.622427193723819e-009 5.899039941281632e-009 6.176099091437617e-009 6.453978813952588e-009 6.72910010221427e-009 7.002312611138378e-009 7.274886339840465e-009 7.548241507799575e-009 7.818544578131165e-009 8.086136985539632e-009 8.351064372803472e-009 8.613928492591427e-009 8.872875140167774e-009 9.128296933427963e-009 9.378811514987219e-009 9.621404148201734e-009 9.857540477602644e-009 1.008542819532881e-008 1.030491223580257e-008
4.258902350937238e-011 3.317012557562431e-010 6.120351858432838e-010 8.836519344592183e-010 1.150688965140942e-009 1.417075383178582e-009 1.679216985307983e-009 1.941559402927127e-009 2.20603295820268e-009 2.472849634220721e-009 2.740580043256482e-009 3.009182767400997e-009 3.278361241160679e-009 3.547214808314885e-009 3.817085342836419e-009 4.087589344581107e-009 4.356660670036171e-009 4.624646061961094e-009 4.893017087346075e-009 5.160930045145219e-009 5.427850178654621e-009 5.693290020554365e-009 5.959630023065474e-009 6.227053490061349e-009 6.492425920331493e-009 6.755572391050873e-009 7.016969896973329e-009 7.279064552922987e-009 7.539938566599183e-009 7.79843022632827e-009 8.052277015720085e-009 8.303964247219289e-009 8.554395311010659e-009 8.801198855228779e-009 9.04152161524751e-009 9.273113175840211e-009 9.500553329483362e-009 9.719764912100537e-009 9.931620445072844e-009
