data/gpsIIR_gridfiles/GPSIIRnapShroudY-R100-Q50W50S0.grd
DSAA
361 181
-180 180
-90 90
-3.6151337557612E-008 3.634507871166E-008
[rows 0 to 16 of 181, columns 0 to 38 of 361]
1.066787541859279e-012 1.066787541859279e-012 1.066787541859279e-012 1.066787541859279e-012 1.066787541859279e-012 1.066787541859279e-012 1.066787541859279e-012 1.066787541859279e-012 1.066787541859279e-012 1.066787541859279e-012 1.066787541859279e-012 1.066787541859279e-012 1.066787541859279e-012 1.066787541859279e-012 1.066787541859279e-012 1.066787541859279e-012 1.066787541859279e-012 1.066787541859279e-012 1.066787541859279e-012 1.066787541859279e-012 1.066787541859279e-012 1.066787541859279e-012 1.066787541859279e-012 1.066787541859279e-012 1.066787541859279e-012 1.066787541859279e-012 1.066787541859279e-012 1.066787541859279e-012 1.066787541859279e-012 1.066787541859279e-012 1.066787541859279e-012 1.066787541859279e-012 1.066787541859279e-012 1.066787541859279e-012 1.066787541859279e-012 1.066787541859279e-012 1.066787541859279e-012 1.066787541859279e-012 1.066787541859279e-012
-1.629267226386007e-010 -1.377137523728968e-010 -1.128255989350716e-010 -8.858729471410326e-011 -6.505643051455405e-011 -4.210174603141363e-011 -1.955311697732371e-011 2.56073644544448e-012 2.371581633461333e-011 4.288606965543569e-011 5.885655395611555e-011 7.082621220511983e-011 7.87350732477957e-011 8.319411504663521e-011 8.512347971545932e-011 8.544348599457954e-011 8.492502110781734e-011 8.419232153163048e-011 8.381865720654471e-011 8.435812265396334e-011 8.610944684476113e-011 8.865608008627772e-011 9.079671125644494e-011 9.125575342666245e-011 8.946159768704087e-011 8.559635901963159e-011 8.032174490577224e-011 7.436515634513516e-011 6.830829081277514e-011 6.259665096208426e-011 5.768311555766911e-011 5.415174843383406e-011 5.273999475667213e-011 5.423377961007178e-011 5.923514352233031e-011 6.780377306223124e-011 7.898126247361852e-011 9.09957959462972e-011 1.022001812550784e-010
-1.592016307203785e-010 -1.256682146439385e-010 -9.229897818066163e-011 -5.956892261296993e-011 -2.766905765479271e-011 3.51739145343513e-012 3.431432555566925e-011 6.487232038706374e-011 9.472815786173563e-011 1.226500641778326e-010 1.472227616133656e-010 1.675801546871799e-010 1.837837126043338e-010 1.965965295919314e-010 2.070251681362256e-010 2.160251620426169e-010 2.243791749473127e-010 2.326585532966731e-010 2.413404450015374e-010 2.509595764626687e-010 2.618630757974335e-010 2.735875178782546e-010 2.8470420847909e-010 2.937572651888934e-010 3.002271173945171e-010 3.045063067856263e-010 3.074303981605303e-010 3.098475859988304e-010 3.123298984713885e-010 3.151254595575628e-010 3.184920673437642e-010 3.228831563574694e-010 3.288706686142393e-010 3.370992940377601e-010 3.481594592501002e-010 3.621999094695981e-010 3.786112495548947e-010 3.960706042020419e-010 4.130115919092048e-010
-1.550175485327186e-010 -1.131695030857078e-010 -7.118830826620781e-011 -2.979038583831761e-011 1.05863093034456e-011 5.003172965379614e-011 8.908950443611531e-011 1.281757153901964e-010 1.66790857018793e-010 2.034534624036709e-010 2.365213922899921e-010 2.651582583781643e-010 2.896273231215481e-010 3.108571379268963e-010 3.29883160865353e-010 3.476670210539146e-010 3.650630342304409e-010 3.825748249061379e-010 4.004775018737053e-010 4.19184146494348e-010 4.390370944033791e-010 4.596500663907786e-010 4.795767021463227e-010 4.972564789393589e-010 5.121380935133519e-010 5.247125621410161e-010 5.359552874496693e-010 5.468697212080426e-010 5.580054808571538e-010 5.694387395203728e-010 5.812547133184401e-010 5.937781921949721e-010 6.07489220294782e-010 6.228758700939391e-010 6.403606421705393e-010 6.601902903792537e-010 6.820934905076311e-010 7.050868209791336e-010 7.278334252850619e-010
-1.5027006449487e-010 -1.002671491803611e-010 -4.960345634453206e-011 6.587337122574149e-013 4.969601623039911e-011 9.74706404428742e-011 1.448167948973031e-010 1.925249410524907e-010 2.40015340228183e-010 2.853828785414711e-010 3.268000061969456e-010 3.636055056901215e-010 3.963615393831965e-010 4.261810290224146e-010 4.540192500082532e-010 4.807229626854544e-010 5.073037473863721e-010 5.342616318890226e-010 5.615134094181629e-010 5.891784882873029e-010 6.175249562803942e-010 6.465114712070655e-010 6.750923951620746e-010 7.016209189241526e-010 7.252691501414662e-010 7.463758944539214e-010 7.660142304783902e-010 7.855063466372532e-010 8.05469793392407e-010 8.256820199122035e-010 8.460479342413062e-010 8.669162123558887e-010 8.886911062146229e-010 9.116032162416009e-010 9.358710093925446e-010 9.617687272983049e-010 9.893251374526115e-010 1.017985644565258e-009 1.046654030146103e-009
-1.449528956063857e-010 -8.716783841177359e-011 -2.785536324710246e-011 3.153016847617932e-011 8.950591687217644e-011 1.457065178272138e-010 2.013781763146669e-010 2.579478052485148e-010 3.145481580740486e-010 3.685668072721862e-010 4.180987637539391e-010 4.628662017274839e-010 5.039018207703096e-010 5.425819604181584e-010 5.796893372640756e-010 6.156307587099921e-010 6.514288041763845e-010 6.877791055913183e-010 7.242402298431082e-010 7.604646188104022e-010 7.967336409941252e-010 8.336285236724692e-010 8.708272076131752e-010 9.06604432730239e-010 9.395004905376792e-010 9.694731328032659e-010 9.975959226633011e-010 1.025781950539457e-009 1.054790922487209e-009 1.08388609680618e-009 1.112860016635364e-009 1.142257788813521e-009 1.172409123820169e-009 1.203205696515486e-009 1.234614598846054e-009 1.266875480414834e-009 1.300253669500813e-009 1.334617448672537e-009 1.369256650718518e-009
-1.388063234948568e-010 -7.395421799198566e-011 -6.331854602590205e-012 6.232874263599337e-011 1.296252496430811e-010 1.944932285317983e-010 2.587328077378757e-010 3.247131834285041e-010 3.907274368911551e-010 4.531652852934274e-010 5.103841757905259e-010 5.6273675858304e-010 6.118737347796665e-010 6.595735155181432e-010 7.064692639332103e-010 7.522191755466107e-010 7.972583754783149e-010 8.42502319709453e-010 8.875425988632007e-010 9.318914394898514e-010 9.759760586797672e-010 1.020770246188502e-009 1.066583162566917e-009 1.111823979931379e-009 1.154316561181008e-009 1.193518784951055e-009 1.230374630454414e-009 1.267631809911781e-009 1.306065391755469e-009 1.344154722454517e-009 1.381778164511166e-009 1.41991867259151e-009 1.458735701178816e-009 1.497652239806091e-009 1.536473435241856e-009 1.575455043164362e-009 1.614933098835539e-009 1.655081877980572e-009 1.695660568139241e-009
-1.313048095105407e-010 -6.051559393327461e-011 1.434988852070069e-011 9.18434772275373e-011 1.688000457382333e-010 2.430061054901782e-010 3.168743449071808e-010 3.9345073568377e-010 4.691305475337177e-010 5.395053995509803e-010 6.037601046809347e-010 6.630808742422794e-010 7.19920135880376e-010 7.765776679963789e-010 8.334274240814891e-010 8.892087435118699e-010 9.434337733143038e-010 9.970558740915936e-010 1.050234334781274e-009 1.102840267085818e-009 1.15532605357388e-009 1.208408986523367e-009 1.262583761419402e-009 1.316834307162545e-009 1.368865873795437e-009 1.417528416813777e-009 1.463938761799207e-009 1.511142979732409e-009 1.559392124906567e-009 1.606576058266498e-009 1.652895265499612e-009 1.700041069549196e-009 1.747736877668937e-009 1.794826703105793e-009 1.841261151542288e-009 1.887332587960839e-009 1.933280698606284e-009 1.979402869234122e-009 2.025870163361971e-009
-1.216986984139237e-010 -4.638513968034248e-011 3.362198540845804e-011 1.179355574211387e-010 2.039217022415582e-010 2.890204115371996e-010 3.754919216881881e-010 4.646852896436671e-010 5.502138258000253e-010 6.278992404313133e-010 6.984614606791595e-010 7.641794953784867e-010 8.284185040973109e-010 8.939247656341779e-010 9.605928706470828e-010 1.026071621432902e-009 1.089201699146597e-009 1.151039330475709e-009 1.21248051609628e-009 1.273983935064643e-009 1.335717041767054e-009 1.397643456906585e-009 1.459987021317167e-009 1.522353143412823e-009 1.583297225398484e-009 1.641856387581751e-009 1.698965266813926e-009 1.756619396117395e-009 1.814601639746568e-009 1.870997076817993e-009 1.926243031739944e-009 1.982727256203072e-009 2.03922919654395e-009 2.094395385635388e-009 2.148704864551161e-009 2.20232028257899e-009 2.255154517729219e-009 2.307496295722277e-009 2.359887673647289e-009
-1.092880154117097e-010 -3.06822342934067e-011 5.189541625085157e-011 1.396183527735365e-010 2.325290071980233e-010 3.302255972454919e-010 4.330210620808245e-010 5.371225441610682e-010 6.328912297560022e-010 7.174697209169199e-010 7.939034889212609e-010 8.66144664922224e-010 9.381862159891265e-010 1.012399688159402e-009 1.088111345189337e-009 1.162453470405354e-009 1.234358517794641e-009 1.304828906836394e-009 1.375208205733829e-009 1.446453056367045e-009 1.518173696009783e-009 1.589471653463076e-009 1.660304888125915e-009 1.73077000543986e-009 1.800424727072403e-009 1.868954623754917e-009 1.936615100819893e-009 2.004077066876965e-009 2.071219505175853e-009 2.13692364629078e-009 2.201710752275446e-009 2.267603430126241e-009 2.332576585972186e-009 2.395928896804395e-009 2.458643337081128e-009 2.520322216091551e-009 2.580471076055338e-009 2.639358049009001e-009 2.697768325001628e-009
-9.36195887492959e-011 -1.205562900476925e-011 7.11418041380894e-011 1.591004013377966e-010 2.55899322297262e-010 3.654847569896084e-010 4.860969123040783e-010 6.060880034898522e-010 7.121976948859779e-010 8.041633082110757e-010 8.873669808469807e-010 9.675690493303579e-010 1.048298661503241e-009 1.130938227175904e-009 1.214658686104773e-009 1.297747691704625e-009 1.37916274313664e-009 1.459123915367812e-009 1.539279756421291e-009 1.620830181379642e-009 1.702756590172062e-009 1.783585849579759e-009 1.863323916328444e-009 1.942629768218344e-009 2.021564801503468e-009 2.099984816457779e-009 2.1776002294777e-009 2.254271448688125e-009 2.330067261159883e-009 2.404887450473637e-009 2.479220713433512e-009 2.553804982579881e-009 2.627210933579095e-009 2.699441479905136e-009 2.771260593333541e-009 2.841250537987677e-009 2.909035830354164e-009 2.974893483207973e-009 3.039536261113845e-009
-7.454236491353394e-011 1.153803979331386e-011 9.466489852168667e-011 1.802879959191483e-010 2.778554276592692e-010 3.962684253705152e-010 5.323353556051878e-010 6.652099292451256e-010 7.813825902416774e-010 8.828711931429581e-010 9.763304457709817e-010 1.067146772595001e-009 1.157207433286868e-009 1.248106652413401e-009 1.340637920050215e-009 1.433705751031989e-009 1.524896159918534e-009 1.614428611553065e-009 1.704626821728776e-009 1.796393259228723e-009 1.888227973354333e-009 1.978704316226268e-009 2.06806680830516e-009 2.157040224013235e-009 2.245846391155009e-009 2.334471812651971e-009 2.422332067800922e-009 2.508561808760617e-009 2.593153074848395e-009 2.676624210409081e-009 2.759528916138837e-009 2.842178933783052e-009 2.924215016379357e-009 3.006077928155951e-009 3.086801873173369e-009 3.164856690753319e-009 3.240544866582338e-009 3.313891005260202e-009 3.38517843452159e-009
-5.335209716220869e-011 4.191369181295616e-011 1.277035199964877e-010 2.106068852275853e-010 3.095300167409571e-010 4.361298024377123e-010 5.82102855083224e-010 7.212716272436091e-010 8.449556627703164e-010 9.571942272074826e-010 1.063578313361319e-009 1.166480079655427e-009 1.266316819855661e-009 1.366177665857131e-009 1.468764770203985e-009 1.571811280118784e-009 1.671820159702335e-009 1.770261578255904e-009 1.870305217136275e-009 1.972207231671522e-009 2.074171552936841e-009 2.175034806697377e-009 2.274828030523667e-009 2.373800263868099e-009 2.472435562020588e-009 2.571612269782208e-009 2.670607112750969e-009 2.767061595615343e-009 2.86091658701719e-009 2.952949227593056e-009 3.043974978924466e-009 3.134657461290726e-009 3.225217458685294e-009 3.315392654498669e-009 3.40407134795619e-009 3.490614547003763e-009 3.57482709529522e-009 3.656190079202723e-009 3.734610836505907e-009
-3.535106251382669e-011 7.40799428283427e-011 1.711242752285399e-010 2.606495719983377e-010 3.669418558745877e-010 5.006020994477922e-010 6.478049733257319e-010 7.875171781385083e-010 9.162408064406621e-010 1.037016823853606e-009 1.154276856049716e-009 1.267741160387635e-009 1.37713946862463e-009 1.486678306769023e-009 1.598677977644364e-009 1.710406177371712e-009 1.818888893403773e-009 1.92633376679955e-009 2.036474729918279e-009 2.149409094789053e-009 2.262524553556553e-009 2.374185733864807e-009 2.4844154924588e-009 2.593497142393081e-009 2.702299875167067e-009 2.812492088296815e-009 2.922348220885544e-009 3.028565650281188e-009 3.132104462939116e-009 3.233443137111972e-009 3.33302685338632e-009 3.431757109070288e-009 3.53005986042456e-009 3.627577082900676e-009 3.724179373455709e-009 3.819610003809458e-009 3.912350390650422e-009 4.001804343215173e-009 4.08766198959515e-009
-2.722801332322078e-011 9.414759882775953e-011 2.059968367985485e-010 3.160027239425327e-010 4.41648244662909e-010 5.825915320652322e-010 7.249763799312899e-010 8.610129068675828e-010 9.9255897027666e-010 1.121130528105713e-009 1.247988739667119e-009 1.36997398288191e-009 1.487884264069069e-009 1.607203858943311e-009 1.728262014578511e-009 1.848737664111108e-009 1.967095906878773e-009 2.084835106608633e-009 2.205317081430265e-009 2.329585179009637e-009 2.45445784436089e-009 2.576821029096845e-009 2.697275454850725e-009 2.816702773816512e-009 2.936176950690798e-009 3.056367605692792e-009 3.174986061199771e-009 3.290772364532322e-009 3.405223720779151e-009 3.516910046925058e-009 3.625887039469447e-009 3.733183052386214e-009 3.839472052739021e-009 3.944818046352649e-009 4.04906665882398e-009 4.151753678818075e-009 4.252926255771118e-009 4.350631251442519e-009 4.444177284131112e-009
-2.898685959999245e-011 1.009643082257874e-010 2.266207327400698e-010 3.582889669270684e-010 5.06402656170552e-010 6.619846847970818e-010 8.041682179666799e-010 9.365082838703594e-010 1.070084291088072e-009 1.205571464135377e-009 1.340643027787469e-009 1.470144588846378e-009 1.596112948351685e-009 1.725802812005986e-009 1.85767157866393e-009 1.988482862863003e-009 2.11814706134664e-009 2.247653934752546e-009 2.379099277723072e-009 2.514522629184279e-009 2.650261651037533e-009 2.782415833429659e-009 2.912858846699212e-009 3.042558296450998e-009 3.172105378847927e-009 3.301348064022339e-009 3.429018632160545e-009 3.555855224881741e-009 3.68120820582191e-009 3.802562419783019e-009 3.921369210918402e-009 4.038171121347564e-009 4.153269521342947e-009 4.266712685321397e-009 4.378423411506366e-009 4.48890497255988e-009 4.597607308011064e-009 4.702943489878426e-009 4.804108973643098e-009
-3.438190633753772e-011 1.045607679408752e-010 2.43570452619875e-010 3.9108601105556e-010 5.558660506838477e-010 7.262291386815687e-010 8.746877548595333e-010 1.008248035674675e-009 1.147736144155649e-009 1.290431517885027e-009 1.432159118806891e-009 1.569557702338846e-009 1.705044766251493e-009 1.845695352271032e-009 1.988268965693861e-009 2.129505097694779e-009 2.270973438219261e-009 2.412850186182298e-009 2.556192109381268e-009 2.701807733804661e-009 2.846496025334851e-009 2.98856269318203e-009 3.12976304998942e-009 3.270029310432196e-009 3.409735845922518e-009 3.548797218945843e-009 3.686821892772936e-009 3.823736598987788e-009 3.957763051538077e-009 4.089114243785478e-009 4.218467134829772e-009 4.345728107548003e-009 4.470614827533361e-009 4.592963097804554e-009 4.712447532760273e-009 4.829705881255737e-009 4.946026461336101e-009 5.058838916362435e-009 5.167417237920355e-009
