data/gpsIIR_gridfiles/GPSIIRnonapShroudX-R100-Q32W15S0.grd
DSAA
361 181
-180 180
-90 90
-2.7441317226243E-008 2.7499411072663E-008
[rows 136 to 152 of 181, columns 273 to 311 of 361]
1.118221015219053e-009 1.512091040783282e-009 1.903242083736541e-009 2.296028115698257e-009 2.691036870211179e-009 3.08751863931644e-009 3.483677335350556e-009 3.881484912773275e-009 4.28130935073259e-009 4.678545499661511e-009 5.075007423938058e-009 5.471347461230403e-009 5.863246628939687e-009 6.25259268931125e-009 6.637958510371997e-009 7.029086467939596e-009 7.423674827903799e-009 7.823484970615619e-009 8.218878657060777e-009 8.6111222689265e-009 9.003130467822952e-009 9.39257153070695e-009 9.776681790706366e-009 1.015793545837699e-008 1.05356348022105e-008 1.090846967460103e-008 1.127679938916058e-008 1.16395896659691e-008 1.199908602021842e-008 1.235547008567419e-008 1.270448139825346e-008 1.304635753627397e-008 1.338312513834598e-008 1.370650322895381e-008 1.402094700277417e-008 1.432889446917082e-008 1.461447779794274e-008 1.487827967988007e-008 1.511324800876654e-008
1.100525324000642e-009 1.484742223332702e-009 1.867549841929874e-009 2.252896591541731e-009 2.640026129749566e-009 3.028302466328621e-009 3.417006112947349e-009 3.807113694618242e-009 4.199451356425171e-009 4.589240941926489e-009 4.978040285792187e-009 5.366820594896381e-009 5.751061513101651e-009 6.13308507433804e-009 6.511436996967974e-009 6.894414114102573e-009 7.281143265719066e-009 7.673225936767326e-009 8.060572794575273e-009 8.444875218552742e-009 8.829090959812259e-009 9.210670556354788e-009 9.586835647063275e-009 9.960355826235064e-009 1.033085085734546e-008 1.069622093808237e-008 1.105763180901425e-008 1.141377339093555e-008 1.176657322134172e-008 1.21169457133921e-008 1.245788662488705e-008 1.279203512257749e-008 1.312129906365665e-008 1.34377159892021e-008 1.374441847476563e-008 1.404688611270949e-008 1.432632889255395e-008 1.458279121372598e-008 1.48081556892912e-008
1.076215939087391e-009 1.454342082155196e-009 1.831071103471783e-009 2.2093387261691e-009 2.588595129688637e-009 2.968759201688407e-009 3.349985381745956e-009 3.733437766751094e-009 4.116736985419632e-009 4.498500757666914e-009 4.881333705589515e-009 5.262578761258005e-009 5.638597307893751e-009 6.009981814206512e-009 6.380734951200938e-009 6.756684776185317e-009 7.137214862584381e-009 7.520476988652958e-009 7.898401683291633e-009 8.274684356187659e-009 8.648957236313662e-009 9.020582301264732e-009 9.391187237801303e-009 9.757588161353584e-009 1.011954171168788e-008 1.047931982152399e-008 1.083590272915853e-008 1.11862972350865e-008 1.153161006486289e-008 1.187525984959559e-008 1.221002903973004e-008 1.253531903013329e-008 1.285573907132999e-008 1.316504844809677e-008 1.346404256187533e-008 1.375940871205316e-008 1.403387238316001e-008 1.428431590489319e-008 1.45010165088776e-008
1.054317196563888e-009 1.425050545118994e-009 1.794515227377009e-009 2.164820661354413e-009 2.536331140937979e-009 2.908487150673086e-009 3.281910248435625e-009 3.657966830770418e-009 4.032728677788636e-009 4.40641315717432e-009 4.781626407060577e-009 5.154409330717618e-009 5.522384020834185e-009 5.885225021718009e-009 6.248094387479658e-009 6.616141459051067e-009 6.988654991096492e-009 7.363523866091223e-009 7.733037274620513e-009 8.10061297727106e-009 8.467218279969763e-009 8.831003189100945e-009 9.193566900922287e-009 9.552531430661331e-009 9.907104426551015e-009 1.025942922265479e-008 1.060913598688374e-008 1.095243785026528e-008 1.129095287354419e-008 1.162658295523597e-008 1.195396118692353e-008 1.227212693989224e-008 1.258436174327739e-008 1.288677775798177e-008 1.317881369317225e-008 1.346440037598242e-008 1.373435133745355e-008 1.397864740389203e-008 1.419507798770588e-008
1.033943302501513e-009 1.395859044669104e-009 1.757710142512236e-009 2.119961698636521e-009 2.483495105765983e-009 2.847951540428243e-009 3.21309634533298e-009 3.580746085580461e-009 3.948422430755932e-009 4.313687801542633e-009 4.678730340313317e-009 5.041706025081988e-009 5.401502943409414e-009 5.758746446915292e-009 6.114161684163604e-009 6.473631307715148e-009 6.835698218042709e-009 7.201218633729562e-009 7.562929364241064e-009 7.922797958852813e-009 8.282900497833674e-009 8.640721201575949e-009 8.994222337931858e-009 9.34462011449769e-009 9.692513311131202e-009 1.003623337113878e-008 1.037700458731998e-008 1.071441865795061e-008 1.104507856799358e-008 1.137044560800818e-008 1.16914387754147e-008 1.200315081900878e-008 1.230634406879969e-008 1.260376994827436e-008 1.288947440241569e-008 1.316086937127912e-008 1.342346770247975e-008 1.366456602619797e-008 1.389223833453041e-008
1.012786081821033e-009 1.366152177920206e-009 1.719494723083133e-009 2.074176069237323e-009 2.429739565928136e-009 2.785763114916212e-009 3.142697427736853e-009 3.501945528180649e-009 3.86151585090274e-009 4.218235616745158e-009 4.574619057316476e-009 4.928287442359969e-009 5.279941529954651e-009 5.628633948306974e-009 5.976774487366498e-009 6.327806239820148e-009 6.681256260469634e-009 7.037218524630415e-009 7.391429006880569e-009 7.743161751188779e-009 8.095126969031041e-009 8.445178368423276e-009 8.790580074416047e-009 9.132993071536475e-009 9.473013421173828e-009 9.808865046733591e-009 1.014190532715998e-008 1.047143524968884e-008 1.079420444355602e-008 1.111125543624995e-008 1.142390500364422e-008 1.172894662695805e-008 1.202493021863719e-008 1.231576056672274e-008 1.259372956802666e-008 1.285765053550402e-008 1.311077871584296e-008 1.334823103621385e-008 1.357225559452366e-008
9.932789082267157e-010 1.336487203513225e-009 1.680966738156853e-009 2.02742105701531e-009 2.374607224060576e-009 2.722668912459279e-009 3.072000738014026e-009 3.420998159856909e-009 3.771462681930837e-009 4.121782758772015e-009 4.469697170328562e-009 4.813799460898307e-009 5.154855096704955e-009 5.494257940468918e-009 5.836344848680289e-009 6.179913101198056e-009 6.525761687573726e-009 6.870940977737667e-009 7.216532073711077e-009 7.561707597104593e-009 7.904034278470812e-009 8.24396884079885e-009 8.582441232948675e-009 8.917479215150048e-009 9.248654291308332e-009 9.577533327933835e-009 9.903769967168975e-009 1.022372928384151e-008 1.053806291163124e-008 1.084793216235352e-008 1.115131832030078e-008 1.144751023427757e-008 1.173953048598314e-008 1.202379928712871e-008 1.229255616182479e-008 1.254987147458717e-008 1.279496317901614e-008 1.302559049730262e-008 1.324194264525745e-008
9.66731100681044e-010 1.303874099859008e-009 1.641481115855727e-009 1.979188255444073e-009 2.318288739085216e-009 2.658111697288595e-009 2.998900455331545e-009 3.3389539273278e-009 3.679855344387752e-009 4.021989378355561e-009 4.36180151563457e-009 4.696993801020884e-009 5.028803281813057e-009 5.360283980095241e-009 5.694024483486026e-009 6.029118806871266e-009 6.366248440433419e-009 6.702819343882691e-009 7.039891839981832e-009 7.37710765986003e-009 7.710463034427164e-009 8.041296520866777e-009 8.370547070056236e-009 8.697858019501243e-009 9.02113138474973e-009 9.341887201153406e-009 9.659993640820852e-009 9.971980542627567e-009 1.027771679727422e-008 1.05791822654545e-008 1.08749963807704e-008 1.116332727256627e-008 1.144878895040602e-008 1.172542617429277e-008 1.198685934077071e-008 1.223650744215294e-008 1.247472318530918e-008 1.269993784915338e-008 1.29092070772981e-008
9.295097938321301e-010 1.269312123090317e-009 1.601197437917435e-009 1.930763108432502e-009 2.260922077909753e-009 2.591722425211594e-009 2.923370287974052e-009 3.255413942149987e-009 3.586623570637908e-009 3.917276830738696e-009 4.249286709888709e-009 4.576949106908663e-009 4.902286982913033e-009 5.226540464192494e-009 5.550053554223116e-009 5.875543229355669e-009 6.202392433573522e-009 6.531521078415928e-009 6.862067807518839e-009 7.190059140097163e-009 7.514151742953042e-009 7.836093805171796e-009 8.155260643094799e-009 8.472040776950208e-009 8.788443607350585e-009 9.102652070049142e-009 9.411087891118096e-009 9.714002601449445e-009 1.001285098538341e-008 1.030575263786626e-008 1.059169628741013e-008 1.087382592641566e-008 1.115373372705094e-008 1.142137243377471e-008 1.167470948056605e-008 1.19178935577481e-008 1.214927337079403e-008 1.236770283584138e-008 1.257117640176471e-008
9.039901999254506e-010 1.236766167088489e-009 1.56027584100514e-009 1.881113102157393e-009 2.202588269461404e-009 2.524992926996662e-009 2.847707885611491e-009 3.171021580737154e-009 3.493279480591089e-009 3.814671328180737e-009 4.137052280983742e-009 4.456856052476095e-009 4.773968422625865e-009 5.089536524438815e-009 5.402874845992171e-009 5.719796967674313e-009 6.038034402539333e-009 6.358371755554008e-009 6.680459604419006e-009 6.999714868396112e-009 7.315054709116858e-009 7.628312563067702e-009 7.938901279547371e-009 8.246950715794025e-009 8.554264826117631e-009 8.860199650630358e-009 9.160236895180442e-009 9.454501846708179e-009 9.745039771015987e-009 1.003012688100793e-008 1.030813192789129e-008 1.058179871782553e-008 1.085378176776416e-008 1.111346682821206e-008 1.135923963501394e-008 1.159453697770713e-008 1.181957542920605e-008 1.203269289730116e-008 1.22295925861837e-008
8.95104690230733e-010 1.207080339755118e-009 1.518886351606924e-009 1.82933665458329e-009 2.142848119938013e-009 2.457517865823954e-009 2.772327514249506e-009 3.086420032547852e-009 3.39961298615177e-009 3.71294089182816e-009 4.026318785298879e-009 4.33665058835121e-009 4.643922924815053e-009 4.948636508398409e-009 5.252570348762982e-009 5.560389855329754e-009 5.871369374680158e-009 6.1843011586555e-009 6.495531565015678e-009 6.804262310474328e-009 7.112505300728804e-009 7.41843258823586e-009 7.721247488841229e-009 8.02078871828937e-009 8.319153432042409e-009 8.615072530524104e-009 8.905154609074155e-009 9.191626223027048e-009 9.474793457418614e-009 9.751953416551132e-009 1.002186897123179e-008 1.02873189189133e-008 1.054955251783718e-008 1.079890029887138e-008 1.10373771042236e-008 1.126649581571222e-008 1.148455767218127e-008 1.169083540975956e-008 1.188351211166744e-008
8.748796610771498e-010 1.177618615876555e-009 1.4783981942071e-009 1.778953983413562e-009 2.083869641610051e-009 2.390249146929299e-009 2.696028201552954e-009 3.000869241398545e-009 3.305231009630351e-009 3.610155256184668e-009 3.913770984750904e-009 4.214838965355389e-009 4.512256175240521e-009 4.806999280558322e-009 5.102991414685274e-009 5.401750601348209e-009 5.703829335348732e-009 6.007488669796064e-009 6.309513918915998e-009 6.608806479781891e-009 6.908044637621146e-009 7.205573214053191e-009 7.500181592777469e-009 7.79133504132023e-009 8.081193292984532e-009 8.367438549896462e-009 8.648812191500494e-009 8.926506219854435e-009 9.201424191509026e-009 9.470101218492445e-009 9.731839031512301e-009 9.989041606620134e-009 1.024177758954562e-008 1.048347294423361e-008 1.071405761899182e-008 1.093505483629366e-008 1.114610821359173e-008 1.134748741335091e-008 1.153359289931211e-008
8.429381441250353e-010 1.142301291692034e-009 1.43929040922097e-009 1.731960650046789e-009 2.027029839575974e-009 2.323399432537207e-009 2.618732366624707e-009 2.91445718402995e-009 3.210841215189801e-009 3.506026390574854e-009 3.799202542009267e-009 4.090543737386708e-009 4.377681005521448e-009 4.665187388889019e-009 4.953819788024885e-009 5.243429168740174e-009 5.536497982024225e-009 5.828526537704236e-009 6.120051308127874e-009 6.411672966109653e-009 6.702179281043446e-009 6.989487197860738e-009 7.27526003665977e-009 7.559279628511791e-009 7.840598659566846e-009 8.116934788198831e-009 8.389538354780042e-009 8.659170690133722e-009 8.925082525910528e-009 9.184091082595585e-009 9.437881234892535e-009 9.687544214793221e-009 9.930573428442914e-009 1.016272963892553e-008 1.038680665033863e-008 1.060090155196097e-008 1.080343893626285e-008 1.099709620706971e-008 1.11780353077209e-008
8.099660887737747e-010 1.107257667248257e-009 1.397191712242205e-009 1.683945061950267e-009 1.968576216063141e-009 2.254614017107187e-009 2.540361841546487e-009 2.826442304990448e-009 3.114638460646477e-009 3.400686883198847e-009 3.684577892573957e-009 3.966364372955008e-009 4.244254378044531e-009 4.523023871306782e-009 4.802557312806836e-009 5.082806676453036e-009 5.36640785711182e-009 5.648952447793551e-009 5.930488203428147e-009 6.21240002786887e-009 6.494017858452083e-009 6.772689761071473e-009 7.049326784020483e-009 7.32480361878751e-009 7.5967758544915e-009 7.864298197590976e-009 8.127851250189325e-009 8.388298212692489e-009 8.645263526075863e-009 8.896240311010574e-009 9.141339181052787e-009 9.382186507703325e-009 9.616587574970522e-009 9.841663025378172e-009 1.005796521806102e-008 1.026572150025796e-008 1.046146167441402e-008 1.064838626072714e-008 1.082049612324452e-008
7.733192324558706e-010 1.069684019171546e-009 1.353582313831061e-009 1.633478193638497e-009 1.909190150822972e-009 2.184255323063188e-009 2.459834584663492e-009 2.736757288167104e-009 3.015995456040207e-009 3.294277535275132e-009 3.569777583395497e-009 3.842878290946836e-009 4.112278447972939e-009 4.380149210664241e-009 4.649080839179445e-009 4.919833151073758e-009 5.193246420992409e-009 5.467627468386378e-009 5.740739301524388e-009 6.011835446059063e-009 6.282336686640721e-009 6.55345179256372e-009 6.822954203638588e-009 7.088332947571085e-009 7.349586626046617e-009 7.608499604303099e-009 7.863838197571568e-009 8.114622221586632e-009 8.361030491800525e-009 8.604277965289081e-009 8.842423684078659e-009 9.074125021015775e-009 9.297957501451149e-009 9.516652964961224e-009 9.727572013947814e-009 9.929613032694411e-009 1.011986029240054e-008 1.029694170066943e-008 1.045732121304017e-008
7.456081783832847e-010 1.035710574149348e-009 1.310609851398911e-009 1.582179251977259e-009 1.849288353522572e-009 2.113928981697183e-009 2.380294772926031e-009 2.647939199705298e-009 2.917208307292107e-009 3.187030697027132e-009 3.453763886550967e-009 3.717861807295559e-009 3.979106009468971e-009 4.237182847319226e-009 4.496300660749727e-009 4.757672646084442e-009 5.021024438593724e-009 5.285471339195354e-009 5.549280208532959e-009 5.810503841323116e-009 6.069821835230877e-009 6.33101471847118e-009 6.593174042244925e-009 6.849318100968683e-009 7.100665237309571e-009 7.349681652021157e-009 7.597042278263302e-009 7.839351938934102e-009 8.076574811849677e-009 8.309918041960882e-009 8.540259734100545e-009 8.764383582273311e-009 8.97994086933679e-009 9.189594642806813e-009 9.392652833448651e-009 9.588600928707597e-009 9.772111165092342e-009 9.939965440212982e-009 1.009855807164698e-008
7.315276470497297e-010 1.005315974799342e-009 1.270308840090493e-009 1.531515666235639e-009 1.788713914271715e-009 2.044104553969167e-009 2.301808088911573e-009 2.559921601026357e-009 2.818874883493116e-009 3.078741060501356e-009 3.336237803061455e-009 3.591361774033074e-009 3.844462052336996e-009 4.094473619870779e-009 4.344902625235252e-009 4.597308188224084e-009 4.849612541110189e-009 5.102973340337695e-009 5.355969859983257e-009 5.605962693073519e-009 5.855066556403633e-009 6.106144542843116e-009 6.359219824336689e-009 6.606680112423528e-009 6.848996844607085e-009 7.088598342154505e-009 7.327026066043387e-009 7.561504138920189e-009 7.79029449353967e-009 8.014033125972878e-009 8.234597350951771e-009 8.451865348445727e-009 8.66076903799094e-009 8.861116823970079e-009 9.053867589970684e-009 9.24067331831612e-009 9.414621053527739e-009 9.577695567896176e-009 9.74106288516843e-009
