data/gpsIIR_gridfiles/GPSIIRnonapShroudX-R100-Q32W15S0.grd
DSAA
361 181
-180 180
-90 90
-2.7441317226243E-008 2.7499411072663E-008
[rows 153 to 169 of 181, columns 273 to 311 of 361]
7.213017591028506e-010 9.725583615924438e-010 1.226690742434238e-009 1.478617431083487e-009 1.726513577455606e-009 1.973775017839707e-009 2.221738341963819e-009 2.470704282993313e-009 2.72012799123907e-009 2.969488571494768e-009 3.218156707278879e-009 3.464469853770381e-009 3.708645598285986e-009 3.95081780609905e-009 4.192565467418106e-009 4.434303120631651e-009 4.677014454314411e-009 4.920858651650107e-009 5.163743654667441e-009 5.403127870788504e-009 5.642108074603015e-009 5.882514155561164e-009 6.124346599465072e-009 6.362281066291615e-009 6.596580118128802e-009 6.826590997378678e-009 7.055240121658857e-009 7.281284104267548e-009 7.501652005337388e-009 7.716706420477562e-009 7.927686081249902e-009 8.136683769047878e-009 8.338276759638738e-009 8.530628398848662e-009 8.714589807752675e-009 8.890214694116052e-009 9.055884977856401e-009 9.21750785291774e-009 9.376276115019181e-009
7.087829035602004e-010 9.412652978976406e-010 1.181335562049185e-009 1.421426028493036e-009 1.661997048178932e-009 1.903284068396409e-009 2.141939311067297e-009 2.381148076920576e-009 2.620795736069934e-009 2.859500324333572e-009 3.098063303528081e-009 3.336001681452799e-009 3.571573892357521e-009 3.80582577841839e-009 4.039640590972171e-009 4.271858012312055e-009 4.504533406305543e-009 4.738898463294176e-009 4.972243339838598e-009 5.20280159663442e-009 5.430753253131556e-009 5.659796881737706e-009 5.889724831500429e-009 6.115913497828346e-009 6.3396331031987e-009 6.561881169246835e-009 6.781989851290107e-009 6.999381070165799e-009 7.210107432665005e-009 7.416178263026754e-009 7.618713079765941e-009 7.818867985336233e-009 8.012816406518884e-009 8.196839731261136e-009 8.372756536295564e-009 8.538629325965571e-009 8.69699787716946e-009 8.851560981344364e-009 9.004652279708509e-009
6.696565666133455e-010 8.938325802128615e-010 1.129979064128083e-009 1.364210234131911e-009 1.597608989997014e-009 1.831055476252531e-009 2.061861184307607e-009 2.291145191988095e-009 2.520719175389759e-009 2.749848125901426e-009 2.978537886930211e-009 3.20674780117996e-009 3.433792676992119e-009 3.659401598317753e-009 3.884036894218727e-009 4.107615292858114e-009 4.33093680721124e-009 4.555007635986958e-009 4.778111934572884e-009 4.99879743773817e-009 5.217047030693357e-009 5.435470237859054e-009 5.65460821633247e-009 5.871096273306471e-009 6.084703548739446e-009 6.296627924913916e-009 6.506799147678585e-009 6.716081550296639e-009 6.918600240102986e-009 7.115261510227583e-009 7.307750186366675e-009 7.497554692002628e-009 7.685151604115426e-009 7.862464898511937e-009 8.02897437277927e-009 8.185107104193244e-009 8.339288110159057e-009 8.489042557711481e-009 8.636994256888453e-009
5.704498506182042e-010 8.280030679244427e-010 1.076863927766676e-009 1.308608290918293e-009 1.534181738514545e-009 1.758546641463326e-009 1.980383013891612e-009 2.200228468531493e-009 2.42021818352125e-009 2.640242178720067e-009 2.859321205837149e-009 3.077524468010312e-009 3.295164354475897e-009 3.511649415513493e-009 3.726933983005349e-009 3.941403509747555e-009 4.155247982721379e-009 4.368789868451137e-009 4.581314293620948e-009 4.791634727456324e-009 5.000847514757128e-009 5.209677337899188e-009 5.418358957731413e-009 5.625411224720225e-009 5.829958698440339e-009 6.032087611571319e-009 6.23105575874248e-009 6.429937337847401e-009 6.624530315163944e-009 6.812578439485778e-009 6.996254856183459e-009 7.175212192868174e-009 7.352564007804449e-009 7.522581922577665e-009 7.679747155350727e-009 7.832162880021554e-009 7.983222619510705e-009 8.127587234552857e-009 8.266467329020417e-009
5.161684689299653e-010 7.926074083836244e-010 1.038063881552595e-009 1.255659743983814e-009 1.469258199328919e-009 1.684814377309513e-009 1.89709846045613e-009 2.107633226756179e-009 2.318812045488528e-009 2.529753101742664e-009 2.739393480407744e-009 2.94799185208212e-009 3.155915310788755e-009 3.362996313756487e-009 3.569248524362116e-009 3.774394474357449e-009 3.978505385219268e-009 4.181277083344701e-009 4.383189079497121e-009 4.584779852321325e-009 4.785023596368868e-009 4.983809583342409e-009 5.181784598845224e-009 5.378201274984472e-009 5.573359083092199e-009 5.766997467150124e-009 5.956017853487883e-009 6.143703796672358e-009 6.328529526350891e-009 6.508081820016712e-009 6.684432900797115e-009 6.854368802851731e-009 7.019862414590827e-009 7.179504062329084e-009 7.331215916677506e-009 7.480806301843144e-009 7.626161571027797e-009 7.764501727371763e-009 7.894926671383624e-009
5.28159508465261e-010 7.937090614805887e-010 1.011521236323253e-009 1.209638897088564e-009 1.40722529348722e-009 1.610551003230214e-009 1.811606191719741e-009 2.013570751096822e-009 2.216322037104083e-009 2.418151357792924e-009 2.618572004524598e-009 2.817916104118117e-009 3.01639160978631e-009 3.213889659724426e-009 3.410629253191692e-009 3.606376285227208e-009 3.800721196115348e-009 3.993436625559497e-009 4.185462329454588e-009 4.377400162603419e-009 4.568459124661715e-009 4.757623281065251e-009 4.945393531142894e-009 5.131063301621088e-009 5.31478446809405e-009 5.498394599727112e-009 5.679442001751139e-009 5.857933940988392e-009 6.033187931594666e-009 6.202642880939245e-009 6.368189901477622e-009 6.530568372710029e-009 6.687118116831933e-009 6.837963793722117e-009 6.983726549360984e-009 7.126091515895071e-009 7.265654427130352e-009 7.398987700029168e-009 7.524517800100739e-009
5.086858770352185e-010 7.5735464356931e-010 9.647045643174912e-010 1.156060000045616e-009 1.343503174912167e-009 1.535160310362688e-009 1.727895152140252e-009 1.920747228409577e-009 2.114507264599538e-009 2.306681158871603e-009 2.497460809085262e-009 2.687371849155172e-009 2.87652481234847e-009 3.064624838174753e-009 3.251591621875361e-009 3.437667968607785e-009 3.622731090690602e-009 3.806548716235931e-009 3.989132622146198e-009 4.171369681465145e-009 4.352525512890068e-009 4.531946602537987e-009 4.709809832599757e-009 4.885710890781338e-009 5.059689235190384e-009 5.232282574706352e-009 5.40309665076165e-009 5.57248547547944e-009 5.739076136557087e-009 5.900178512192648e-009 6.056357247803483e-009 6.207766694827681e-009 6.35517581131773e-009 6.498375797342435e-009 6.638948881808411e-009 6.776041821227858e-009 6.907342568322782e-009 7.033183186030974e-009 7.156053915162369e-009
4.352933947894481e-010 6.698940026866818e-010 8.890467836555229e-010 1.085114100706038e-009 1.272146520832902e-009 1.458992931690037e-009 1.646619276093013e-009 1.830874222674716e-009 2.013958453221504e-009 2.195781015783904e-009 2.376317991673625e-009 2.556412796043822e-009 2.735778491080177e-009 2.914368881726997e-009 3.091940036547102e-009 3.268707833462256e-009 3.444969517641945e-009 3.620228798318676e-009 3.794251688652272e-009 3.966587083644018e-009 4.137664778972453e-009 4.307262731444304e-009 4.475121249787546e-009 4.641424901653531e-009 4.806043113907621e-009 4.968386812032079e-009 5.128813711622444e-009 5.287786584668785e-009 5.444851528627571e-009 5.597402496349207e-009 5.744455056240253e-009 5.887709873888562e-009 6.026040319581629e-009 6.15960759978952e-009 6.293009596310955e-009 6.423633787625769e-009 6.547624072369278e-009 6.670352055530578e-009 6.789832258109028e-009
3.947945977674884e-010 5.949370610155912e-010 8.05581715257451e-010 1.009518051878131e-009 1.2009116638901e-009 1.383401206204314e-009 1.562985334056016e-009 1.739594929530532e-009 1.913177379056298e-009 2.084576948069711e-009 2.254888590363267e-009 2.425342067807893e-009 2.595304391852584e-009 2.763952634089346e-009 2.931782826420928e-009 3.099349420517029e-009 3.266780034892709e-009 3.433256323391311e-009 3.597937437322065e-009 3.761023869597101e-009 3.923000345180114e-009 4.083012254863718e-009 4.240961113812824e-009 4.397486387846776e-009 4.552511566299927e-009 4.705320321433745e-009 4.855966962569035e-009 5.004427260284487e-009 5.151013611551869e-009 5.295158972975663e-009 5.434882514653759e-009 5.569876905357427e-009 5.698038941682668e-009 5.821814386411349e-009 5.947212580721751e-009 6.072462267462924e-009 6.193559542710677e-009 6.311294102444923e-009 6.423961495968118e-009
3.80141770311833e-010 5.512780702230543e-010 7.401527188567183e-010 9.401631147525985e-010 1.131526780848846e-009 1.308255344473057e-009 1.479240165679701e-009 1.6468080558833e-009 1.810790460551549e-009 1.972416772667592e-009 2.133035858706457e-009 2.29372532910547e-009 2.453840848795619e-009 2.612931650146343e-009 2.771663399571575e-009 2.92979295163489e-009 3.08768716607811e-009 3.245191144365102e-009 3.401079503009914e-009 3.555522015448226e-009 3.708299873858027e-009 3.858656440636796e-009 4.006805049149716e-009 4.15357415946828e-009 4.299076109922338e-009 4.442605948209247e-009 4.584247034248504e-009 4.723257868856834e-009 4.859461036434524e-009 4.993235236113884e-009 5.123922260239353e-009 5.249724986947643e-009 5.37002859175338e-009 5.488814771612416e-009 5.607823563168025e-009 5.725470998143756e-009 5.840543745110585e-009 5.951471461259054e-009 6.056975842269752e-009
3.563390641026096e-010 5.113727751849853e-010 6.875344885716028e-010 8.793288719541387e-010 1.06505441998263e-009 1.234294297281216e-009 1.396039413248514e-009 1.553660284500331e-009 1.706622064966302e-009 1.859207379727729e-009 2.0107798792058e-009 2.161836502204973e-009 2.31278889795015e-009 2.462946739025415e-009 2.612107718133897e-009 2.760424439381992e-009 2.908219195938277e-009 3.05596162096524e-009 3.203470309274737e-009 3.349436153200747e-009 3.492912913689904e-009 3.6336427076015e-009 3.771921717723313e-009 3.909173169587253e-009 4.045460352642467e-009 4.180408003228784e-009 4.313578541317607e-009 4.443605083332414e-009 4.569781182150049e-009 4.692099109884109e-009 4.812269597450999e-009 4.930493767452722e-009 5.047077974638734e-009 5.161299561462661e-009 5.273627071309269e-009 5.383345679462106e-009 5.489456298443867e-009 5.5922832632959e-009 5.693517307709832e-009
3.147612120563323e-010 4.683307663918798e-010 6.454945439473259e-010 8.318412863513845e-010 1.004398652186389e-009 1.161953863153372e-009 1.312546204851643e-009 1.458032950740141e-009 1.601597658150471e-009 1.746206352432939e-009 1.888675775559609e-009 2.029858745508674e-009 2.171467952943965e-009 2.312550491160039e-009 2.452453516345281e-009 2.591578215078363e-009 2.729784115297878e-009 2.867389073781465e-009 3.005061681628484e-009 3.141659214756625e-009 3.275706850491197e-009 3.407009557485335e-009 3.536882718514669e-009 3.665884602679944e-009 3.793204465737352e-009 3.918775341852641e-009 4.042560018806337e-009 4.163103258869633e-009 4.279160079016859e-009 4.392677292810976e-009 4.506087560824364e-009 4.618413073876418e-009 4.728857932751727e-009 4.836693214460034e-009 4.941842713772953e-009 5.043670045107875e-009 5.141748329290857e-009 5.238653484642436e-009 5.335937599040471e-009
2.899768525458643e-010 4.385711218053911e-010 6.258230212882381e-010 8.029488302565905e-010 9.544813189462588e-010 1.094990077104315e-009 1.230923555194656e-009 1.364867689127573e-009 1.499700811853673e-009 1.634774288952553e-009 1.767152317390596e-009 1.898102512821954e-009 2.029783682426759e-009 2.161663803288748e-009 2.293052386965616e-009 2.423409278540456e-009 2.552328515345214e-009 2.6801063834578e-009 2.80711101131947e-009 2.932918440117399e-009 3.056840258187728e-009 3.179871820601783e-009 3.302808081903929e-009 3.424115149775377e-009 3.542501820163789e-009 3.658118223465662e-009 3.770892798551436e-009 3.881141350420181e-009 3.989299301664793e-009 4.097180739905431e-009 4.204821856073855e-009 4.310807364668876e-009 4.414081287245118e-009 4.51468400842787e-009 4.612098501711793e-009 4.70597132939772e-009 4.797892149954022e-009 4.890392239623266e-009 4.983211053214111e-009
2.888509718147521e-010 4.424982513344316e-010 6.255405023110769e-010 7.744322419892212e-010 9.060983528230643e-010 1.030225281878937e-009 1.152037724014427e-009 1.275594728766382e-009 1.400273798257872e-009 1.524577089051708e-009 1.64615014322746e-009 1.767516760042198e-009 1.889737624180553e-009 2.011912280725214e-009 2.133993608041466e-009 2.255139192667177e-009 2.374711812660824e-009 2.492810732334041e-009 2.610016818288912e-009 2.726377849687791e-009 2.841395156494538e-009 2.955448307837218e-009 3.069107885675792e-009 3.181829244864753e-009 3.291195006633505e-009 3.396748145752934e-009 3.499680633023426e-009 3.602241976040708e-009 3.704712725334999e-009 3.80639344098422e-009 3.906616382754352e-009 4.005505507471362e-009 4.101852780311111e-009 4.195117271220397e-009 4.28464014813882e-009 4.371380969247156e-009 4.458167152074261e-009 4.545800607366592e-009 4.633950851247929e-009
2.963271864628123e-010 4.418366851935531e-010 5.956727073470641e-010 7.28254733042239e-010 8.48255777791216e-010 9.589948574330621e-010 1.070234289248616e-009 1.186241478749438e-009 1.302100476126551e-009 1.415474994536629e-009 1.526518202773874e-009 1.638418488063772e-009 1.751173890530984e-009 1.863697062499554e-009 1.975854248042549e-009 2.087105852591795e-009 2.196965156124068e-009 2.30578993847142e-009 2.414178262613031e-009 2.522050815691422e-009 2.628589001914675e-009 2.733565556034541e-009 2.837040529762653e-009 2.938847148083369e-009 3.038126212454718e-009 3.13495024790717e-009 3.231381223414912e-009 3.328093009966755e-009 3.424235408804624e-009 3.519057146888295e-009 3.611817843150528e-009 3.703028599880284e-009 3.792098690180325e-009 3.87781328110975e-009 3.959807102895016e-009 4.040610010567144e-009 4.122366524586301e-009 4.204584282848787e-009 4.286719014155996e-009
2.821973067756638e-010 4.085296119290508e-010 5.448227405520576e-010 6.689994402848851e-010 7.796358726434776e-010 8.81444662341804e-010 9.860537941425005e-010 1.094849142648412e-009 1.20282265984498e-009 1.307147303652403e-009 1.408494700143155e-009 1.510632056493843e-009 1.613693732767573e-009 1.716670787445713e-009 1.819100314295084e-009 1.920564515392509e-009 2.021003671516899e-009 2.120826699066441e-009 2.22008368818787e-009 2.318712348789775e-009 2.416276709443951e-009 2.511995536983279e-009 2.605368426510098e-009 2.696482908368699e-009 2.786466651231093e-009 2.876666113932843e-009 2.967628614323905e-009 3.058014644889553e-009 3.146615639424026e-009 3.234022717947974e-009 3.319695807918832e-009 3.403470326263963e-009 3.484875900210481e-009 3.562817822226662e-009 3.638092435697197e-009 3.713527597330788e-009 3.789955004875757e-009 3.866700425517285e-009 3.94292167402784e-009
2.46959967597721e-010 3.532157477502207e-010 4.762098857163585e-010 5.974441102053924e-010 7.057134243873252e-010 8.056187158687861e-010 9.046321434988963e-010 1.004441523869147e-009 1.103070819410867e-009 1.198489017769342e-009 1.290759929439992e-009 1.3832964446547e-009 1.476874896301413e-009 1.570559632359814e-009 1.663613081897626e-009 1.755618500294463e-009 1.846725121434467e-009 1.93742155253311e-009 2.027476375215128e-009 2.116451940482024e-009 2.20397146780945e-009 2.289759884597826e-009 2.373689039756161e-009 2.456514978310734e-009 2.53934551427614e-009 2.622693848597896e-009 2.706777615454838e-009 2.790739254549663e-009 2.871951487086467e-009 2.95165349507756e-009 3.030031660384531e-009 3.106385971221232e-009 3.179997741933735e-009 3.250562191591453e-009 3.319855286074414e-009 3.389727554197641e-009 3.460102554987862e-009 3.53042863270829e-009 3.600265049546683e-009
