data/gpsIIR_gridfiles/GPSIIRnapShroudY-R100-Q50W50S0.grd
DSAA
361 181
-180 180
-90 90
-3.6151337557612E-008 3.634507871166E-008
[rows 136 to 152 of 181, columns 39 to 77 of 361]
1.635340498696682e-008 1.668118781564012e-008 1.699313800383843e-008 1.730183412627218e-008 1.756852673259505e-008 1.784612841670843e-008 1.818020178557149e-008 1.855422603832137e-008 1.89500834759529e-008 1.932987193419957e-008 1.973481166559732e-008 2.012261429248114e-008 2.047451827004002e-008 2.080618534266918e-008 2.111058093094047e-008 2.141741006079994e-008 2.170879120093005e-008 2.19786005176433e-008 2.22470711911237e-008 2.250295686569775e-008 2.274226203446257e-008 2.297931309260894e-008 2.320742461028397e-008 2.34216975459543e-008 2.362735320137272e-008 2.382386175541188e-008 2.400804164793464e-008 2.418310009223165e-008 2.434727403630941e-008 2.44987881582571e-008 2.464285035748695e-008 2.477586868445954e-008 2.489548779305938e-008 2.500749828280147e-008 2.51095414860971e-008 2.520107725675498e-008 2.527761667810649e-008 2.534382827245626e-008 2.540211277566099e-008
1.601630736594927e-008 1.63327560722246e-008 1.662907144943252e-008 1.6921121253316e-008 1.720096950942941e-008 1.74780940526828e-008 1.779570724803901e-008 1.815435877329782e-008 1.85450979493778e-008 1.892968285557964e-008 1.931018984231937e-008 1.968987995098466e-008 2.004046827766235e-008 2.036794248848785e-008 2.067384790972876e-008 2.096948092003894e-008 2.12537861906048e-008 2.152352959381605e-008 2.178498445734069e-008 2.203546455632192e-008 2.227391467756264e-008 2.250592534612635e-008 2.272769967631963e-008 2.293911699692138e-008 2.314226684307551e-008 2.333443843125924e-008 2.351546611974522e-008 2.368770663046737e-008 2.384909212436337e-008 2.399922604770702e-008 2.41409851525741e-008 2.427153576786116e-008 2.438941111261317e-008 2.449731657305582e-008 2.459528367162711e-008 2.468483504192056e-008 2.476068627429984e-008 2.482754745199519e-008 2.488987897335205e-008
1.567653809582468e-008 1.598119357068711e-008 1.626103366346449e-008 1.654763401996174e-008 1.682967282465168e-008 1.709545315478243e-008 1.739553169499085e-008 1.774788453254844e-008 1.813993563124923e-008 1.852355112878885e-008 1.888317170214917e-008 1.925602523766699e-008 1.960503388893395e-008 1.992599121824947e-008 2.02263014068042e-008 2.051431351293416e-008 2.079467672265922e-008 2.106041922707825e-008 2.131719648916812e-008 2.156321263603817e-008 2.179728982945966e-008 2.20252875216776e-008 2.224206010564058e-008 2.244878792719072e-008 2.264944813901952e-008 2.283771190157679e-008 2.301451868391398e-008 2.318428572337811e-008 2.334277944879485e-008 2.349030252791501e-008 2.363016140132396e-008 2.375849341390243e-008 2.387424362102058e-008 2.397927352483833e-008 2.407482131058382e-008 2.416242681104883e-008 2.423652299893683e-008 2.430307029040969e-008 2.436569108857363e-008
1.531971863763503e-008 1.561714127582059e-008 1.590220835292136e-008 1.617596908273641e-008 1.643843086383006e-008 1.670978348111725e-008 1.701553416252252e-008 1.735752677826397e-008 1.772631785172848e-008 1.808875237933148e-008 1.845507822511284e-008 1.882174130933889e-008 1.915952345623357e-008 1.947494735230095e-008 1.977080130211503e-008 2.005585822698018e-008 2.032986946858318e-008 2.059036137507657e-008 2.08415850076782e-008 2.108266805553406e-008 2.131240722924588e-008 2.153332987815396e-008 2.17464096279793e-008 2.19500756182356e-008 2.214380143007486e-008 2.232863442654972e-008 2.250454860466085e-008 2.267015438423336e-008 2.282523658905076e-008 2.297144403443517e-008 2.310861770830778e-008 2.323448659332314e-008 2.334971861549322e-008 2.345620677035224e-008 2.355343798300463e-008 2.363474320766607e-008 2.370510263734799e-008 2.376954858914928e-008 2.38308113279411e-008
1.495947029340123e-008 1.525061620952288e-008 1.554029858414192e-008 1.580531808558388e-008 1.604476980300224e-008 1.631256319842429e-008 1.662048501256798e-008 1.695816742566627e-008 1.73125852417197e-008 1.765436985308656e-008 1.802007057711526e-008 1.838604474462796e-008 1.871355126716922e-008 1.901908693208528e-008 1.930935642697899e-008 1.95900936154649e-008 1.98591361733374e-008 2.011467148202246e-008 2.036131076195356e-008 2.059722614420219e-008 2.082176151801041e-008 2.103696544167348e-008 2.124543974501293e-008 2.144511252592895e-008 2.163382394088545e-008 2.181440087679231e-008 2.198752574661204e-008 2.21496839481931e-008 2.230105219946915e-008 2.244344370502547e-008 2.257914420493822e-008 2.270329132577162e-008 2.281530011472524e-008 2.292207195552554e-008 2.302084436474831e-008 2.309658651453984e-008 2.316415136847001e-008 2.322760897222111e-008 2.32884392444651e-008
1.459776563498353e-008 1.488063258589536e-008 1.515788559553623e-008 1.541901516352376e-008 1.565698472307724e-008 1.592068141913743e-008 1.621804958485051e-008 1.654485891055367e-008 1.688762215714686e-008 1.72249675496944e-008 1.757686496830946e-008 1.793066884293359e-008 1.825371880972927e-008 1.855758424748514e-008 1.884463793870146e-008 1.911793366288036e-008 1.938169632199046e-008 1.963389310359367e-008 1.987523824403788e-008 2.010654194863176e-008 2.032656243235686e-008 2.05377140221221e-008 2.074107713694065e-008 2.093472258802266e-008 2.112045753117455e-008 2.129875729822511e-008 2.146521045148775e-008 2.162105726170396e-008 2.176759463477226e-008 2.190547856682607e-008 2.2038275620118e-008 2.21601215119732e-008 2.226992707876932e-008 2.23721947949895e-008 2.246436065039521e-008 2.25407523641894e-008 2.261397471946682e-008 2.268136735605686e-008 2.274197724303188e-008
1.423318435027805e-008 1.450645487347426e-008 1.47794388631467e-008 1.503354800795999e-008 1.526327358032774e-008 1.551477594361532e-008 1.580630679337408e-008 1.612518540125205e-008 1.646416537654098e-008 1.678975492576755e-008 1.713002541545761e-008 1.747669539673661e-008 1.779555887788747e-008 1.809255956525089e-008 1.837422759191299e-008 1.863952450833066e-008 1.889934458000274e-008 1.91475991680095e-008 1.938397467611123e-008 1.961063504296819e-008 1.982520140609337e-008 2.003165202108786e-008 2.023052646500066e-008 2.04176458449281e-008 2.059865623008416e-008 2.077593671253747e-008 2.093646805757222e-008 2.108439339117835e-008 2.122775965616319e-008 2.136302690555382e-008 2.149024883980911e-008 2.160968302167115e-008 2.172013945632242e-008 2.181624999599497e-008 2.190238043245064e-008 2.198315715799217e-008 2.205704834171338e-008 2.212468741108589e-008 2.218692959794625e-008
1.3867622281044e-008 1.412999578026214e-008 1.438699313873455e-008 1.463886706725846e-008 1.487326533842221e-008 1.511651224788338e-008 1.539176041295848e-008 1.569625193795555e-008 1.602813305278973e-008 1.635782460703445e-008 1.668381876563994e-008 1.701398020906319e-008 1.733050087063281e-008 1.762469464223706e-008 1.790161504489489e-008 1.816311508111307e-008 1.841473793471433e-008 1.86560584194848e-008 1.888658414107912e-008 1.910680167471589e-008 1.931677222590814e-008 1.951817751170728e-008 1.971019990710537e-008 1.989047333090061e-008 2.006496109191469e-008 2.023687456281018e-008 2.03937048740474e-008 2.053838317019503e-008 2.068055565282289e-008 2.081402195022313e-008 2.09360025114663e-008 2.105053316555699e-008 2.115829377866488e-008 2.125068614739385e-008 2.13334760342348e-008 2.14172906515116e-008 2.149305296772114e-008 2.156006111780915e-008 2.161940418712617e-008
1.349893421441505e-008 1.374940551745854e-008 1.3993316196064e-008 1.424696043342216e-008 1.44770456877247e-008 1.470953071973893e-008 1.496788303028877e-008 1.52647614203317e-008 1.5590242167612e-008 1.592321256333448e-008 1.623437362978748e-008 1.655149254253939e-008 1.686334641640276e-008 1.715412861699646e-008 1.742376083979369e-008 1.767933245039412e-008 1.792367198411147e-008 1.815942463756464e-008 1.838330512731998e-008 1.859754825009178e-008 1.880382411695081e-008 1.899965737999217e-008 1.918444304700135e-008 1.935955279197743e-008 1.95291756901235e-008 1.96943834892894e-008 1.984774283649052e-008 1.999093105294118e-008 2.012904945936095e-008 2.025884984727468e-008 2.037904751515579e-008 2.049056034640198e-008 2.059232003690215e-008 2.068293544725587e-008 2.076563384069653e-008 2.084729661677049e-008 2.092255772029699e-008 2.099101279372575e-008 2.104947690665045e-008
1.312005675820166e-008 1.33670172867219e-008 1.3598034860339e-008 1.383086775741418e-008 1.406607420136384e-008 1.430602043907859e-008 1.45612924640105e-008 1.484662672495956e-008 1.514736531015349e-008 1.547008236395727e-008 1.578656644401845e-008 1.609624785738733e-008 1.639007109994886e-008 1.667338269792284e-008 1.693690947794445e-008 1.718757678025455e-008 1.7428274632335e-008 1.765659741547536e-008 1.787237880672765e-008 1.808234999239887e-008 1.828428414867362e-008 1.84744291845564e-008 1.865511378034398e-008 1.88286752399026e-008 1.899392036671127e-008 1.91511911048892e-008 1.930019242654209e-008 1.944210831618446e-008 1.957559471870871e-008 1.97005907217487e-008 1.981758434694366e-008 1.992601114828232e-008 2.002435435853242e-008 2.011549393857547e-008 2.019944266150763e-008 2.027689897792905e-008 2.034681541380077e-008 2.041075365710746e-008 2.047268815348068e-008
1.274215952842852e-008 1.298139464158294e-008 1.319912598610038e-008 1.341465286215406e-008 1.365386467955023e-008 1.389631222176189e-008 1.41486171851676e-008 1.441910842875801e-008 1.470315439962354e-008 1.501516024349471e-008 1.533540803086339e-008 1.563724008091721e-008 1.591523157800306e-008 1.618857091554401e-008 1.644638179331302e-008 1.669170771229734e-008 1.692696321899565e-008 1.714838757277134e-008 1.735789514979204e-008 1.756324379957248e-008 1.776005598888198e-008 1.794550722640451e-008 1.812233038727347e-008 1.82924693912114e-008 1.845358973978852e-008 1.860520663523383e-008 1.874984323355842e-008 1.888816915955919e-008 1.901792791165353e-008 1.913972166775091e-008 1.925310746352553e-008 1.935709667757647e-008 1.945386252835904e-008 1.95447740924608e-008 1.962731965251979e-008 1.970269913450122e-008 1.976977343645072e-008 1.983067739048168e-008 1.989199310078106e-008
1.234665466476027e-008 1.258216060309069e-008 1.280283875664662e-008 1.30123955344333e-008 1.323837194699436e-008 1.347719492543482e-008 1.37273924453978e-008 1.399214649895223e-008 1.427318752329162e-008 1.456056728624321e-008 1.486355566024135e-008 1.516086205974486e-008 1.543866814380693e-008 1.570187819452561e-008 1.595386649199394e-008 1.619317836242706e-008 1.642013026329691e-008 1.663750672358687e-008 1.684372618469345e-008 1.704238097399121e-008 1.723300644328374e-008 1.741406826579124e-008 1.758641490427538e-008 1.775208914028866e-008 1.791027889156653e-008 1.805751224733183e-008 1.819717249036088e-008 1.833072098438216e-008 1.845677194301202e-008 1.85742726216054e-008 1.868360490653538e-008 1.878447778959465e-008 1.887944030151609e-008 1.896821467024461e-008 1.904994475903947e-008 1.912672122425713e-008 1.919499066903181e-008 1.925394492671702e-008 1.931054398258614e-008
1.195110540228339e-008 1.218738172752564e-008 1.240520498156927e-008 1.260646866409288e-008 1.281907505882632e-008 1.305394831326904e-008 1.330054263758015e-008 1.356219495611592e-008 1.383496408904499e-008 1.410306648604426e-008 1.43889471409601e-008 1.468240168349414e-008 1.496010303862992e-008 1.521274241828021e-008 1.545535987832827e-008 1.568823574705715e-008 1.590960412222328e-008 1.612166938091732e-008 1.632260335176831e-008 1.651571503554316e-008 1.670176204965895e-008 1.687736202722587e-008 1.704433115319972e-008 1.720642464252698e-008 1.736161690267859e-008 1.750413285888755e-008 1.763889663009144e-008 1.7768632654236e-008 1.7891649065766e-008 1.800462797478583e-008 1.810988256087127e-008 1.82088537670875e-008 1.83019996431004e-008 1.838736139341324e-008 1.84674791700023e-008 1.854532584336107e-008 1.86133073179513e-008 1.86701670879839e-008 1.872349478389283e-008
1.155841162867378e-008 1.178496975786921e-008 1.200035211862693e-008 1.219857398482e-008 1.240458344545366e-008 1.263012276988426e-008 1.286905158259615e-008 1.312316722955156e-008 1.338678099991912e-008 1.364981242377956e-008 1.391630347905155e-008 1.419682233978251e-008 1.446743752364612e-008 1.471518888258264e-008 1.49512351425373e-008 1.517841256737118e-008 1.539396741778265e-008 1.559766510385971e-008 1.579407282974349e-008 1.598281399130814e-008 1.616262243111057e-008 1.633210322686531e-008 1.649530525488806e-008 1.665310373466971e-008 1.680298366485715e-008 1.694197712346347e-008 1.707449236317898e-008 1.72007332583484e-008 1.731952431745613e-008 1.74291309850599e-008 1.753252491760177e-008 1.762930602899178e-008 1.771926321310351e-008 1.780093870399289e-008 1.787782193863112e-008 1.795360570279959e-008 1.80212279234761e-008 1.807886028373553e-008 1.813006005276853e-008
1.116596774754437e-008 1.138613952293258e-008 1.159624763497283e-008 1.178806490502313e-008 1.198641932204962e-008 1.220134750849444e-008 1.243385046461002e-008 1.267988136792139e-008 1.293603055195523e-008 1.319082079623657e-008 1.344127960689533e-008 1.370884752656133e-008 1.39727088474125e-008 1.421746676789154e-008 1.444493582210086e-008 1.46637344768256e-008 1.487219386299765e-008 1.507082510813228e-008 1.526243959888487e-008 1.544483872446006e-008 1.56182207505721e-008 1.578408423970707e-008 1.594323638689787e-008 1.609468659214749e-008 1.623972077395902e-008 1.637692666837567e-008 1.650668310238021e-008 1.662798930828308e-008 1.674279458783361e-008 1.685061858606725e-008 1.695221806916929e-008 1.704528859255197e-008 1.71322815747856e-008 1.721207437627081e-008 1.728698400021456e-008 1.735988190741359e-008 1.742601486331741e-008 1.748409368631874e-008 1.753420774157531e-008
1.077819364115522e-008 1.098720721338707e-008 1.118631105365354e-008 1.1374003566752e-008 1.157197911436078e-008 1.178084104881776e-008 1.200017925869716e-008 1.223395135985575e-008 1.247678205944924e-008 1.271873974780578e-008 1.296542715175718e-008 1.322181295214476e-008 1.347487223585338e-008 1.370969081712285e-008 1.393217553509944e-008 1.4144853262901e-008 1.434701983182955e-008 1.453969672189677e-008 1.472524939173028e-008 1.49026430052973e-008 1.507040409101238e-008 1.523053840019457e-008 1.538347320550752e-008 1.553177465383297e-008 1.567303018419827e-008 1.580655285987832e-008 1.59317269117823e-008 1.605053031704066e-008 1.616247315186753e-008 1.626732529070254e-008 1.636478485248638e-008 1.645619858390128e-008 1.65424049407828e-008 1.66220965064421e-008 1.66965726924192e-008 1.676567926002993e-008 1.682845295414381e-008 1.688578568259647e-008 1.693613832514079e-008
1.03910338196732e-008 1.058844609602911e-008 1.077553672808269e-008 1.095910554970671e-008 1.115262377995378e-008 1.135656247538177e-008 1.156185718718005e-008 1.178317810580493e-008 1.201693808415124e-008 1.224650966848645e-008 1.248624300825133e-008 1.273290916538803e-008 1.297626011472647e-008 1.320480405464284e-008 1.341765959500929e-008 1.36227494033661e-008 1.381876974594096e-008 1.400629086999461e-008 1.418630205017531e-008 1.435756103665968e-008 1.451925932639715e-008 1.467431630916959e-008 1.482305180633594e-008 1.496674442819064e-008 1.510281199416847e-008 1.523220457791681e-008 1.535577315758869e-008 1.54709337020459e-008 1.557861146616585e-008 1.567992763871252e-008 1.577558011459692e-008 1.586548738486776e-008 1.59491992785974e-008 1.60276221344078e-008 1.61009339846333e-008 1.616802047724675e-008 1.622782664623896e-008 1.628296921731801e-008 1.63328431145927e-008
