data/gpsIIR_gridfiles/GPSIIRnapShroudZ-R100-Q43W19S0.grd
DSAA
361 181
-180 180
-90 90
-2.8840487393059E-008 2.9294798529163E-008
[rows 102 to 118 of 181, columns 304 to 341 of 361]
-6.851492226709485e-009 -6.844886983679567e-009 -6.837899636668444e-009 -6.828988157090474e-009 -6.819312103035242e-009 -6.806114678221523e-009 -6.793194080121985e-009 -6.774983789476888e-009 -6.746350654569342e-009 -6.71769559076873e-009 -6.694102265055717e-009 -6.671428700085254e-009 -6.665590977745642e-009 -6.663461427356666e-009 -6.645382033922595e-009 -6.619702376971697e-009 -6.609285284321729e-009 -6.60834764085199e-009 -6.596091391264484e-009 -6.580882022156675e-009 -6.562215642220922e-009 -6.535175245423786e-009 -6.512225443538607e-009 -6.489496551505386e-009 -6.466399605746612e-009 -6.44407089620668e-009 -6.417010166152888e-009 -6.387124341163921e-009 -6.350705378967469e-009 -6.311669661780343e-009 -6.27181169236403e-009 -6.234201583600005e-009 -6.20055127177512e-009 -6.158871590499644e-009 -6.120227654882915e-009 -6.060946009324268e-009 -5.98244317601582e-009 -5.922966193264039e-009
-7.389530113951276e-009 -7.381745311419801e-009 -7.373784396736308e-009 -7.363575620284615e-009 -7.353411176754673e-009 -7.338062389344056e-009 -7.323783750819999e-009 -7.302382334793295e-009 -7.272569084613015e-009 -7.240639357794951e-009 -7.213377312307678e-009 -7.189724116644263e-009 -7.182083871720394e-009 -7.178308930535196e-009 -7.160428839132534e-009 -7.137707906756706e-009 -7.127873907698939e-009 -7.124971627665401e-009 -7.11245744049462e-009 -7.096126161997342e-009 -7.075977314679024e-009 -7.048537517709864e-009 -7.024345798578287e-009 -6.999946099047948e-009 -6.976567353702613e-009 -6.954242158193997e-009 -6.926035340476834e-009 -6.895389762244782e-009 -6.856354166672837e-009 -6.813682875668478e-009 -6.770734107213871e-009 -6.731806954497516e-009 -6.694147955584717e-009 -6.650976344355327e-009 -6.605124090737414e-009 -6.541114911283919e-009 -6.462219684026234e-009 -6.395696842256852e-009
-7.93350231910827e-009 -7.923067987164942e-009 -7.913003446220115e-009 -7.902953193492196e-009 -7.893594964105838e-009 -7.876696985439693e-009 -7.858428039951989e-009 -7.833786835358404e-009 -7.803447383291661e-009 -7.773131223650121e-009 -7.733367470415186e-009 -7.710217208503288e-009 -7.705186482850103e-009 -7.694968594257587e-009 -7.675169651945237e-009 -7.658585370508589e-009 -7.651250710559937e-009 -7.644366360126994e-009 -7.630078732081967e-009 -7.612547754143115e-009 -7.591203917706794e-009 -7.56300248182808e-009 -7.539283287487856e-009 -7.51209157272129e-009 -7.488670424472821e-009 -7.472343143168124e-009 -7.443223300709882e-009 -7.412742551460191e-009 -7.374291113128789e-009 -7.316357292883073e-009 -7.267456070025483e-009 -7.23082491777378e-009 -7.188016278430493e-009 -7.143518608987469e-009 -7.091958518582238e-009 -7.022192964658015e-009 -6.942785467334771e-009 -6.871091666802188e-009
-8.473088407242123e-009 -8.462338773685544e-009 -8.45094479756091e-009 -8.440503488909645e-009 -8.428678579210924e-009 -8.410828095389098e-009 -8.389681488461458e-009 -8.363022911270264e-009 -8.329621816651618e-009 -8.296047800945334e-009 -8.255352956887125e-009 -8.230086248994345e-009 -8.222204387668884e-009 -8.212496650567879e-009 -8.194507227966184e-009 -8.179191575819769e-009 -8.17153738968477e-009 -8.164469659521793e-009 -8.150715999027482e-009 -8.133964560393302e-009 -8.113599984669508e-009 -8.085896968974894e-009 -8.062630403415555e-009 -8.034395175832745e-009 -8.010648374143858e-009 -7.989002557215508e-009 -7.958122716419451e-009 -7.924100863148111e-009 -7.882214007258531e-009 -7.826372696993071e-009 -7.774983622869049e-009 -7.732731014517671e-009 -7.686980935427764e-009 -7.637623396400324e-009 -7.583102985839863e-009 -7.511281896474818e-009 -7.426611481124492e-009 -7.3452064287804e-009
-9.01024840483128e-009 -9.000116966501733e-009 -8.991541716379255e-009 -8.978248835245044e-009 -8.96305935850893e-009 -8.943397541588292e-009 -8.920693471743526e-009 -8.893049823452266e-009 -8.853307439397134e-009 -8.814102978035281e-009 -8.77735205760837e-009 -8.746996883159716e-009 -8.734043617073644e-009 -8.73041342535613e-009 -8.716833063688941e-009 -8.70077711251786e-009 -8.690886284016607e-009 -8.685365210978133e-009 -8.673238042158126e-009 -8.660660695102168e-009 -8.64255854015391e-009 -8.617998853770561e-009 -8.594518086046402e-009 -8.567021080321827e-009 -8.541537114411906e-009 -8.509405341011569e-009 -8.474123870233919e-009 -8.435205363345733e-009 -8.389017450325389e-009 -8.340568473000001e-009 -8.288053236490614e-009 -8.238192163358022e-009 -8.188283298661446e-009 -8.132502890602174e-009 -8.079429246231924e-009 -8.011465225805659e-009 -7.910942073693771e-009 -7.818273516617822e-009
-9.550135802749413e-009 -9.539344901755464e-009 -9.52932512834425e-009 -9.514357774004299e-009 -9.496892752254733e-009 -9.475665583988794e-009 -9.450201290654242e-009 -9.420684059720626e-009 -9.378149626670552e-009 -9.335945387358458e-009 -9.293205510143304e-009 -9.265676310064093e-009 -9.250586128500462e-009 -9.248431926210721e-009 -9.237073348267003e-009 -9.224743531020195e-009 -9.216646067269385e-009 -9.211059523706635e-009 -9.199907537577684e-009 -9.187351662136672e-009 -9.168539444138271e-009 -9.144828555055054e-009 -9.119767564131998e-009 -9.092887069234163e-009 -9.063868667479722e-009 -9.030348976146021e-009 -8.992837484553419e-009 -8.951851128627416e-009 -8.904125932435784e-009 -8.852723088814296e-009 -8.799189152872839e-009 -8.748008741515736e-009 -8.696285593531523e-009 -8.639158184216647e-009 -8.58093070263471e-009 -8.506449190833105e-009 -8.407507697852365e-009 -8.313148085800127e-009
-1.00931307748188e-008 -1.008080556922482e-008 -1.006654686683662e-008 -1.004857215319809e-008 -1.002864688380655e-008 -1.000571650526586e-008 -9.976805724074777e-009 -9.94513731504625e-009 -9.906732768851058e-009 -9.852981059745435e-009 -9.797887825401244e-009 -9.777218992108185e-009 -9.767405482756491e-009 -9.759681493091788e-009 -9.756736116069422e-009 -9.749998417899494e-009 -9.74836637281909e-009 -9.740201787692378e-009 -9.731359355433027e-009 -9.716744931090915e-009 -9.694969986308307e-009 -9.670223193150023e-009 -9.644895119316961e-009 -9.617740037783238e-009 -9.585934509564959e-009 -9.551604565853319e-009 -9.513647001058133e-009 -9.472695555488712e-009 -9.425172639966261e-009 -9.364230008370796e-009 -9.309916659244537e-009 -9.262448171672797e-009 -9.209286379060357e-009 -9.153775869717322e-009 -9.091517825718443e-009 -9.006303853573318e-009 -8.908568227437163e-009 -8.820915642752931e-009
-1.063173117831544e-008 -1.061906162575849e-008 -1.060393150871208e-008 -1.058535237152125e-008 -1.056521420010189e-008 -1.054166435958155e-008 -1.051115298189111e-008 -1.047718103288094e-008 -1.043524902861903e-008 -1.037730708080068e-008 -1.032389968344712e-008 -1.029910240675986e-008 -1.029090587891634e-008 -1.02869181393294e-008 -1.028700795140287e-008 -1.028244161652834e-008 -1.028096704059386e-008 -1.027267670602763e-008 -1.02633701750813e-008 -1.024669580750463e-008 -1.022305630300528e-008 -1.019758463683431e-008 -1.016983720681761e-008 -1.01414241067046e-008 -1.010746846861298e-008 -1.007265578641086e-008 -1.003449242328746e-008 -9.992543853382954e-009 -9.942889988141687e-009 -9.882709465440245e-009 -9.828019554793716e-009 -9.778005910524858e-009 -9.724279200126294e-009 -9.668320991523818e-009 -9.601370655840353e-009 -9.514821247761462e-009 -9.417952406980941e-009 -9.324966952319985e-009
-1.116632742769266e-008 -1.115401577623354e-008 -1.113926727924309e-008 -1.112148191227285e-008 -1.11060500629192e-008 -1.108347894694294e-008 -1.105254236710136e-008 -1.101715359630402e-008 -1.096517077574274e-008 -1.090270622173485e-008 -1.086008739912798e-008 -1.082403291201684e-008 -1.081068047423006e-008 -1.082874113314975e-008 -1.083037503172404e-008 -1.082363459796537e-008 -1.081798328059363e-008 -1.081025479336255e-008 -1.079942930044884e-008 -1.077839644782048e-008 -1.075106525050128e-008 -1.072466496287196e-008 -1.06944292979879e-008 -1.066261363027122e-008 -1.06271221882426e-008 -1.058984997785648e-008 -1.055654813376542e-008 -1.05155205701929e-008 -1.046058144737771e-008 -1.040167296255743e-008 -1.034990870754535e-008 -1.029593856329884e-008 -1.024074740050024e-008 -1.01894068621684e-008 -1.011769208594234e-008 -1.002820032564956e-008 -9.938020230863617e-009 -9.830563346466434e-009
-1.170683134985645e-008 -1.169513793160961e-008 -1.16807057536273e-008 -1.166290731570264e-008 -1.164736964316077e-008 -1.162406354121288e-008 -1.159369728258074e-008 -1.1554883315397e-008 -1.150265062341815e-008 -1.143777387555055e-008 -1.139137875208795e-008 -1.135569205487321e-008 -1.134403437564527e-008 -1.136010558268486e-008 -1.13647066038972e-008 -1.136151701539703e-008 -1.135536571631934e-008 -1.134792706733551e-008 -1.133491776983119e-008 -1.131273187531614e-008 -1.128484989562594e-008 -1.125583908480551e-008 -1.122423522856163e-008 -1.119047740585063e-008 -1.115375520094453e-008 -1.111633087757585e-008 -1.107968369910635e-008 -1.10394039176176e-008 -1.098651935526411e-008 -1.092960637583418e-008 -1.087790394531916e-008 -1.082173833827517e-008 -1.076531095974713e-008 -1.07087578937576e-008 -1.063791647035322e-008 -1.05513353762576e-008 -1.045342091363426e-008 -1.034463533224444e-008
-1.225261315077657e-008 -1.224304944098904e-008 -1.222846284679436e-008 -1.221009175788462e-008 -1.218934616646079e-008 -1.216848130680778e-008 -1.213758603849819e-008 -1.209613071795365e-008 -1.204981060891525e-008 -1.198586033823917e-008 -1.1916379036534e-008 -1.188863346541318e-008 -1.188780126958365e-008 -1.188630437393952e-008 -1.18995072432604e-008 -1.190101079158976e-008 -1.18970088515767e-008 -1.188757731700849e-008 -1.187207009883767e-008 -1.184913674731982e-008 -1.182275562225835e-008 -1.178906356323547e-008 -1.175649675202474e-008 -1.17207411217833e-008 -1.168338695110275e-008 -1.164526522503023e-008 -1.160350782329413e-008 -1.156328422215621e-008 -1.151804382299445e-008 -1.14656525509054e-008 -1.14128297435158e-008 -1.135482883450992e-008 -1.129441815789616e-008 -1.122777128186678e-008 -1.116595041174382e-008 -1.108861600789111e-008 -1.097277169865409e-008 -1.086021494207038e-008
-1.279573782426583e-008 -1.278677828781237e-008 -1.27735593240911e-008 -1.2756107784719e-008 -1.273478820535306e-008 -1.271373475388426e-008 -1.268040044258668e-008 -1.263872127903068e-008 -1.258799780501866e-008 -1.252486546990416e-008 -1.24520695290943e-008 -1.242281175058166e-008 -1.242268937454979e-008 -1.242374435377627e-008 -1.243797968037858e-008 -1.244200750480316e-008 -1.244066262373196e-008 -1.242990455725636e-008 -1.241503080993839e-008 -1.239078420343889e-008 -1.23641486171169e-008 -1.23292363012924e-008 -1.229510321256189e-008 -1.22581402933547e-008 -1.221964013539913e-008 -1.218025365778673e-008 -1.213805900597693e-008 -1.209602187815772e-008 -1.205063832863366e-008 -1.19992012235285e-008 -1.194573340383968e-008 -1.188761149369251e-008 -1.182509312105311e-008 -1.175660299689069e-008 -1.168739713536223e-008 -1.160554755089032e-008 -1.149377698486598e-008 -1.138223686564315e-008
-1.333718640932843e-008 -1.333182142219797e-008 -1.331992107009342e-008 -1.330744184917016e-008 -1.328933326103038e-008 -1.326231343302348e-008 -1.323081728437905e-008 -1.318381382522882e-008 -1.312594056937068e-008 -1.30677510247674e-008 -1.298865296503067e-008 -1.295321736025606e-008 -1.295910396877201e-008 -1.297062717338973e-008 -1.297988345154715e-008 -1.29930228356245e-008 -1.298931729418393e-008 -1.297893059967536e-008 -1.2963604088464e-008 -1.293841919040247e-008 -1.291189317091479e-008 -1.287566671927967e-008 -1.283923703855439e-008 -1.280169943071124e-008 -1.276172639378417e-008 -1.27210642192468e-008 -1.267918857865316e-008 -1.263379120058057e-008 -1.258609233255758e-008 -1.253390803777963e-008 -1.248203089943061e-008 -1.242408508611294e-008 -1.236026233367783e-008 -1.22875267775041e-008 -1.220891703937365e-008 -1.21147624799917e-008 -1.201652913383403e-008 -1.190788975276128e-008
-1.387874205966722e-008 -1.387360783819076e-008 -1.38619638180515e-008 -1.385059711485243e-008 -1.383095016599744e-008 -1.380467094448522e-008 -1.377000341518222e-008 -1.372278257884938e-008 -1.366078988794855e-008 -1.359567064257787e-008 -1.351690500596971e-008 -1.348111779865504e-008 -1.348171139579392e-008 -1.349992952118014e-008 -1.351777626813115e-008 -1.353229518957575e-008 -1.353224553090537e-008 -1.352277510230229e-008 -1.350791460536566e-008 -1.348452284119821e-008 -1.345682634871327e-008 -1.342318527414659e-008 -1.338480491662964e-008 -1.334850213893299e-008 -1.330653298301296e-008 -1.326564470904537e-008 -1.322237385905084e-008 -1.317554949899441e-008 -1.312791982184123e-008 -1.307431371978015e-008 -1.302290430204761e-008 -1.296344982562656e-008 -1.290237270705634e-008 -1.282875036726451e-008 -1.274698384643524e-008 -1.265221679762619e-008 -1.254913689564014e-008 -1.243772660592034e-008
-1.442292362289789e-008 -1.441455908150282e-008 -1.44041449457427e-008 -1.438925540198865e-008 -1.436924629852949e-008 -1.43421066407161e-008 -1.430554848428519e-008 -1.426186323090076e-008 -1.420304542069058e-008 -1.410203824132235e-008 -1.403375581829085e-008 -1.400119302632404e-008 -1.398493152340012e-008 -1.400789956736446e-008 -1.406070440229127e-008 -1.407336317898193e-008 -1.40729343488049e-008 -1.406664087173102e-008 -1.405261782789383e-008 -1.403195102931292e-008 -1.400536075295216e-008 -1.397351780417829e-008 -1.393835986926346e-008 -1.389996633531447e-008 -1.385996483803772e-008 -1.381588073933267e-008 -1.377207657482724e-008 -1.372339446320552e-008 -1.367560369828861e-008 -1.362172728261927e-008 -1.356754501242867e-008 -1.350835720520767e-008 -1.345270340956909e-008 -1.338558398032236e-008 -1.329620965949552e-008 -1.320449940252728e-008 -1.309507125159039e-008 -1.296773315395942e-008
-1.495927975718407e-008 -1.495007714169784e-008 -1.493956010890974e-008 -1.492352573237699e-008 -1.490453852755204e-008 -1.487629606895491e-008 -1.483911994728151e-008 -1.479258178333975e-008 -1.472925314334029e-008 -1.462413155678716e-008 -1.455607110059762e-008 -1.451978027668641e-008 -1.450679460682512e-008 -1.453237326261026e-008 -1.459145062320389e-008 -1.460984205760435e-008 -1.461332576253228e-008 -1.460790269304277e-008 -1.459655788731682e-008 -1.457533362589093e-008 -1.45511506924573e-008 -1.451857958676328e-008 -1.448442567955809e-008 -1.444519648389201e-008 -1.440353741522771e-008 -1.43600074308915e-008 -1.431298863277974e-008 -1.426473212807481e-008 -1.421354530736918e-008 -1.416009295042903e-008 -1.410528647863495e-008 -1.404653144313858e-008 -1.399006297670344e-008 -1.392087710595872e-008 -1.383478732002953e-008 -1.37383613169023e-008 -1.362940630645121e-008 -1.350225298903122e-008
-1.549353148651777e-008 -1.548351362316125e-008 -1.546985828273993e-008 -1.545269919527237e-008 -1.543839707562077e-008 -1.541307886381887e-008 -1.537220764687336e-008 -1.532286636568282e-008 -1.525338798447013e-008 -1.514101003439212e-008 -1.507955227916053e-008 -1.503674180753678e-008 -1.502210614289757e-008 -1.505789821374585e-008 -1.513170455069829e-008 -1.51503543307582e-008 -1.515441073828518e-008 -1.515274534862882e-008 -1.514015185712192e-008 -1.512273200909605e-008 -1.509615106084704e-008 -1.506635180678885e-008 -1.50311355388176e-008 -1.498909427121398e-008 -1.494753032540098e-008 -1.490130915628825e-008 -1.485456091701891e-008 -1.480281893445789e-008 -1.474812941000205e-008 -1.469380352471086e-008 -1.464055018984396e-008 -1.458130315406165e-008 -1.452194972299583e-008 -1.445345689823938e-008 -1.436873361063969e-008 -1.426989198215822e-008 -1.416620083193867e-008 -1.403570903322824e-008
