data/gpsIIR_gridfiles/GPSIIRnonapShroudZ-R100-Q43W19S0.grd
DSAA
361 181
-180 180
-90 90
-2.8090295443939E-008 2.8537563516632E-008
[rows 153 to 169 of 181, columns 152 to 189 of 361]
-2.64150706115693e-008 -2.637804466446868e-008 -2.633848411314643e-008 -2.629569837512208e-008 -2.625109303974905e-008 -2.620560148233242e-008 -2.615521393831476e-008 -2.610053676544192e-008 -2.604243065925498e-008 -2.598161850834589e-008 -2.592505765687101e-008 -2.587040995285742e-008 -2.581043490727717e-008 -2.574184795486665e-008 -2.567288378142775e-008 -2.561253415274871e-008 -2.555177163150979e-008 -2.54833188143864e-008 -2.54089478274442e-008 -2.534437510023381e-008 -2.52882212101547e-008 -2.523211010588195e-008 -2.517271609721536e-008 -2.511487917885305e-008 -2.505708846630273e-008 -2.49860395237795e-008 -2.491107041592207e-008 -2.484700685593742e-008 -2.482936958054655e-008 -2.48550028189744e-008 -2.490952014302805e-008 -2.497202066456803e-008 -2.502476419887273e-008 -2.507266130855898e-008 -2.512559256738918e-008 -2.517489319542297e-008 -2.522061137763644e-008 -2.527447003723217e-008
-2.656481369666329e-008 -2.653145256114731e-008 -2.649913887230745e-008 -2.646251719547129e-008 -2.641490235076663e-008 -2.636595857236583e-008 -2.631847521562241e-008 -2.62666968925545e-008 -2.621206108205187e-008 -2.615064145674878e-008 -2.609389891099521e-008 -2.604020794825997e-008 -2.598196650449283e-008 -2.591819706707275e-008 -2.584980246082448e-008 -2.578879555679757e-008 -2.572546363026051e-008 -2.565787305412565e-008 -2.559154813654811e-008 -2.55295688625144e-008 -2.547428345515088e-008 -2.541940480630047e-008 -2.536134768453467e-008 -2.530471237509129e-008 -2.524842297310776e-008 -2.517841587008628e-008 -2.509550971412124e-008 -2.503862820077122e-008 -2.502164028487534e-008 -2.503781065669301e-008 -2.509503851040832e-008 -2.516558962854397e-008 -2.52181515865516e-008 -2.526634468974416e-008 -2.531559005954434e-008 -2.536346677700618e-008 -2.540979194424917e-008 -2.54631354211813e-008
-2.67117259604637e-008 -2.667744807087368e-008 -2.66458331677199e-008 -2.661168953393955e-008 -2.657057410344549e-008 -2.652151941756314e-008 -2.647199274778828e-008 -2.64209924960356e-008 -2.637128682408954e-008 -2.631887401836525e-008 -2.626197625031916e-008 -2.620521432801088e-008 -2.614691433824096e-008 -2.609020519376056e-008 -2.60285480783441e-008 -2.59627245944586e-008 -2.589654687029436e-008 -2.582942725062841e-008 -2.576863224244183e-008 -2.57115448998292e-008 -2.565873248713368e-008 -2.560341339711849e-008 -2.554334940403875e-008 -2.548832661862793e-008 -2.543445404708861e-008 -2.536866741382418e-008 -2.529236516480627e-008 -2.522593093140657e-008 -2.520093369584647e-008 -2.522029978154419e-008 -2.528610352223644e-008 -2.535434323534939e-008 -2.540805303560005e-008 -2.545374967612972e-008 -2.549983974520618e-008 -2.554993397988667e-008 -2.559864452249635e-008 -2.564795047780197e-008
-2.683876827134112e-008 -2.680762775084009e-008 -2.677394302145992e-008 -2.673917088882081e-008 -2.670165485044431e-008 -2.665997766666482e-008 -2.661267253753475e-008 -2.656215729489783e-008 -2.651297818398827e-008 -2.64662205676684e-008 -2.641818471778392e-008 -2.636072794241665e-008 -2.629918367877057e-008 -2.624139119924767e-008 -2.618346008863063e-008 -2.612426318468204e-008 -2.60618893996984e-008 -2.599484358387624e-008 -2.593447148618299e-008 -2.588411392427547e-008 -2.58395659208347e-008 -2.578408390896168e-008 -2.571957582630277e-008 -2.566246094595605e-008 -2.560955655357391e-008 -2.555533079283461e-008 -2.550388556230876e-008 -2.543088290429468e-008 -2.539556337953528e-008 -2.542235462255974e-008 -2.549352708429457e-008 -2.554229395573528e-008 -2.558480267063173e-008 -2.562888238741133e-008 -2.5676474368473e-008 -2.573081658506184e-008 -2.578166227101109e-008 -2.582468524933942e-008
-2.694524429207368e-008 -2.691858748619055e-008 -2.688700230383524e-008 -2.685211975941622e-008 -2.68166087619131e-008 -2.677947998606622e-008 -2.673700355950523e-008 -2.669141348364208e-008 -2.664639549506794e-008 -2.660397839634822e-008 -2.655698982276978e-008 -2.650162509874555e-008 -2.644115121948058e-008 -2.638318277586731e-008 -2.632559370520687e-008 -2.627029153132152e-008 -2.621457321980377e-008 -2.615488452474514e-008 -2.610002476137083e-008 -2.605296162654868e-008 -2.600542258818493e-008 -2.595223997599685e-008 -2.589131361674065e-008 -2.583106772029602e-008 -2.577701374466038e-008 -2.573072630566565e-008 -2.569603885755535e-008 -2.564893163721469e-008 -2.561493393941236e-008 -2.563938963832003e-008 -2.568666342847362e-008 -2.571858244861801e-008 -2.575322576967402e-008 -2.579751010812696e-008 -2.584786902342971e-008 -2.590042945613677e-008 -2.594828171175614e-008 -2.599440752261073e-008
-2.703106559871045e-008 -2.701014050225518e-008 -2.69844406716921e-008 -2.695043059131549e-008 -2.691539765649816e-008 -2.688109182281054e-008 -2.684287508157313e-008 -2.680285865600491e-008 -2.676153625980854e-008 -2.671890059434057e-008 -2.667393379073665e-008 -2.662274936000814e-008 -2.656744075057036e-008 -2.65145200021023e-008 -2.645869521375792e-008 -2.640351058418871e-008 -2.635214195491421e-008 -2.630085539307706e-008 -2.625225569846358e-008 -2.620374344934957e-008 -2.615325983283925e-008 -2.610303855640976e-008 -2.604839619332179e-008 -2.599028153763422e-008 -2.593979836242328e-008 -2.589672756915426e-008 -2.586147231086464e-008 -2.583169358549115e-008 -2.581314234395103e-008 -2.582690736177539e-008 -2.585302925903893e-008 -2.587937385592663e-008 -2.591364319252615e-008 -2.595838468998514e-008 -2.600879339377296e-008 -2.605749688058124e-008 -2.610268778783477e-008 -2.614908642181039e-008
-2.70987016931817e-008 -2.708211510407442e-008 -2.706223306948268e-008 -2.703463443309429e-008 -2.70009285959163e-008 -2.696710374415062e-008 -2.693146023322064e-008 -2.689480014644195e-008 -2.68574997348991e-008 -2.681829044074766e-008 -2.677529236817088e-008 -2.67270773754613e-008 -2.667689505167686e-008 -2.662920045814164e-008 -2.658143484240852e-008 -2.652985687059294e-008 -2.647978187551199e-008 -2.643189251841685e-008 -2.638516118272031e-008 -2.633805366156173e-008 -2.629172392011512e-008 -2.624431791832059e-008 -2.619222879543396e-008 -2.613566527222959e-008 -2.608890924562633e-008 -2.605414798997998e-008 -2.601992687939946e-008 -2.599314534372397e-008 -2.597997177463674e-008 -2.598744831568082e-008 -2.600597253061196e-008 -2.602885989807156e-008 -2.606477969661473e-008 -2.611016113334436e-008 -2.615761137029797e-008 -2.620401968293871e-008 -2.624831220474358e-008 -2.629079354220573e-008
-2.714890833911995e-008 -2.713624001553155e-008 -2.711979129700469e-008 -2.70978559037353e-008 -2.706854929859599e-008 -2.703637964736489e-008 -2.700451354969612e-008 -2.697145785512816e-008 -2.693742402524968e-008 -2.690212012740715e-008 -2.686234269430983e-008 -2.68177395695044e-008 -2.67727875836187e-008 -2.672866720570044e-008 -2.668548167784211e-008 -2.664076913508694e-008 -2.659455342278739e-008 -2.654852356500415e-008 -2.650326126868072e-008 -2.645875907265966e-008 -2.641765590815016e-008 -2.637410202355952e-008 -2.632471289719608e-008 -2.626854714814441e-008 -2.621952190104525e-008 -2.618338938951806e-008 -2.615133662149318e-008 -2.613114200722536e-008 -2.612165236395158e-008 -2.612659932558137e-008 -2.614245182705705e-008 -2.616703576375773e-008 -2.621033477929782e-008 -2.625089404552918e-008 -2.62925712552686e-008 -2.633570528853193e-008 -2.637486408862263e-008 -2.64149010352257e-008
-2.718082380925136e-008 -2.717361526893425e-008 -2.716070953643569e-008 -2.714249282382237e-008 -2.711725078598817e-008 -2.708832683706269e-008 -2.706038774980158e-008 -2.703260095389999e-008 -2.700318962425894e-008 -2.697117295924346e-008 -2.693482567249388e-008 -2.689407639765506e-008 -2.685374949650112e-008 -2.681541783459737e-008 -2.677558966699494e-008 -2.673468574253589e-008 -2.669341864836303e-008 -2.66510209051273e-008 -2.660902948292989e-008 -2.656913652686644e-008 -2.652900159890597e-008 -2.64881863563682e-008 -2.644483679596724e-008 -2.639265105211328e-008 -2.633767074267598e-008 -2.629246728148401e-008 -2.626220163615818e-008 -2.624811640298456e-008 -2.624213433802646e-008 -2.624664944851795e-008 -2.626540601359706e-008 -2.629891658349757e-008 -2.633856537989723e-008 -2.637147699885305e-008 -2.641198858932987e-008 -2.645655306588613e-008 -2.649450634471206e-008 -2.652845138886949e-008
-2.719365297731636e-008 -2.719078201174658e-008 -2.718325179627375e-008 -2.717007431883742e-008 -2.714945416041883e-008 -2.712427632542713e-008 -2.709960923225828e-008 -2.707570132769795e-008 -2.70521059178954e-008 -2.70242072235028e-008 -2.699189639293397e-008 -2.695513460293809e-008 -2.691726084440998e-008 -2.688119214797944e-008 -2.684553039723891e-008 -2.680947743594209e-008 -2.677390318177756e-008 -2.673757398999726e-008 -2.669844310192274e-008 -2.665828366980436e-008 -2.662051442682479e-008 -2.658547591014072e-008 -2.654917260841641e-008 -2.650536851626212e-008 -2.64484516365863e-008 -2.63972797801316e-008 -2.636656325855932e-008 -2.635274664296646e-008 -2.634394998158673e-008 -2.634357257262564e-008 -2.636241251283578e-008 -2.640212375517602e-008 -2.644027106463959e-008 -2.647464662142685e-008 -2.651856423035914e-008 -2.656334277383456e-008 -2.660020523843428e-008 -2.662916905942576e-008
-2.718716343681621e-008 -2.718890963099699e-008 -2.718757129619587e-008 -2.718054221401488e-008 -2.716577694998373e-008 -2.714497881686704e-008 -2.712386801927237e-008 -2.710411881081131e-008 -2.708276236550376e-008 -2.705845096923679e-008 -2.703131691287965e-008 -2.700069670332842e-008 -2.696654203943523e-008 -2.693199402973493e-008 -2.689686677513271e-008 -2.686356890565834e-008 -2.683442670330873e-008 -2.68073679856126e-008 -2.677522213500458e-008 -2.673776018807182e-008 -2.670042944320229e-008 -2.666414214864306e-008 -2.662974778200001e-008 -2.65941346172324e-008 -2.65468337717192e-008 -2.650002154064361e-008 -2.646948670370419e-008 -2.644883049622668e-008 -2.642801536534063e-008 -2.642241703056754e-008 -2.64402977830887e-008 -2.648478489589271e-008 -2.653083878094721e-008 -2.657155262820996e-008 -2.661231433910378e-008 -2.664785526454437e-008 -2.668001281653065e-008 -2.670916595683929e-008
-2.716436836130659e-008 -2.717073116195505e-008 -2.717498250984753e-008 -2.717276516164513e-008 -2.716421881713512e-008 -2.714903153991605e-008 -2.712995776378823e-008 -2.711082934316028e-008 -2.709258812785698e-008 -2.70727652692534e-008 -2.705009475179736e-008 -2.702659210271579e-008 -2.699986308007262e-008 -2.696836785615845e-008 -2.693410394793544e-008 -2.69035980051128e-008 -2.688080661994258e-008 -2.686019738186902e-008 -2.683258223556646e-008 -2.680016568792723e-008 -2.676341946673541e-008 -2.672444636349141e-008 -2.669024009882672e-008 -2.665971032839619e-008 -2.662256743632709e-008 -2.658307035695144e-008 -2.655700768494156e-008 -2.653571748978195e-008 -2.650700664133537e-008 -2.649647749323239e-008 -2.651650151077111e-008 -2.656465749371931e-008 -2.661504101527791e-008 -2.665374975379793e-008 -2.668460923967673e-008 -2.671163804368978e-008 -2.673880836930654e-008 -2.676618192694408e-008
-2.712595956239716e-008 -2.713628762608953e-008 -2.714164206502581e-008 -2.714331494150943e-008 -2.714166826155265e-008 -2.713460319009589e-008 -2.712104393689702e-008 -2.710392588579596e-008 -2.708709330105758e-008 -2.706715606351134e-008 -2.704657199262651e-008 -2.702955964308196e-008 -2.701345550891309e-008 -2.699271972556304e-008 -2.696649938614573e-008 -2.693947355577282e-008 -2.691569490437528e-008 -2.688992798740142e-008 -2.686105385377983e-008 -2.683377588702498e-008 -2.680693235933408e-008 -2.67748903034355e-008 -2.674350307957397e-008 -2.671589036403172e-008 -2.668121381102863e-008 -2.663590001517255e-008 -2.66071592480741e-008 -2.659454566844121e-008 -2.658089589789409e-008 -2.657577349601257e-008 -2.659926908462501e-008 -2.664416577971628e-008 -2.668277899177037e-008 -2.67076194337048e-008 -2.672919971381187e-008 -2.675403818622803e-008 -2.678022540199087e-008 -2.680643382923158e-008
-2.706881122301534e-008 -2.707946478351909e-008 -2.708695523630041e-008 -2.709348304715652e-008 -2.709721821876868e-008 -2.709617864643943e-008 -2.709100772643637e-008 -2.708079873612297e-008 -2.706643674108608e-008 -2.704674932928408e-008 -2.702789707933986e-008 -2.701669807832692e-008 -2.700900475822743e-008 -2.699727751181351e-008 -2.697983035885587e-008 -2.695697516597436e-008 -2.692982175604482e-008 -2.689907253559563e-008 -2.686989314330105e-008 -2.684796224615241e-008 -2.683230928040648e-008 -2.681040466548646e-008 -2.678158155601527e-008 -2.675407944729847e-008 -2.672494796582618e-008 -2.667771513683737e-008 -2.663952201920367e-008 -2.662904383367048e-008 -2.66321990096674e-008 -2.664620519928287e-008 -2.667303826150106e-008 -2.670246070374022e-008 -2.672429832711972e-008 -2.674090896479815e-008 -2.675512219635326e-008 -2.677658054819541e-008 -2.680149785034264e-008 -2.682831468974532e-008
-2.699471758701523e-008 -2.700692137122777e-008 -2.701712568970944e-008 -2.702534460150653e-008 -2.702813873857215e-008 -2.702974892741619e-008 -2.703180120140023e-008 -2.703323026520932e-008 -2.703108431211743e-008 -2.702211423656362e-008 -2.700850839855848e-008 -2.699724627506869e-008 -2.6986523387306e-008 -2.697192044588935e-008 -2.695452962324257e-008 -2.693660321033436e-008 -2.691887271995969e-008 -2.689630003808329e-008 -2.687243662954865e-008 -2.685708801886547e-008 -2.684615709468025e-008 -2.682339275622549e-008 -2.678607866067774e-008 -2.675267050785339e-008 -2.673059738957704e-008 -2.670347918748559e-008 -2.667190997555497e-008 -2.66623212349065e-008 -2.667462862112093e-008 -2.669623937642623e-008 -2.671420330835126e-008 -2.672438489641348e-008 -2.673083478531847e-008 -2.674380422925508e-008 -2.676059767783631e-008 -2.677934977763955e-008 -2.680189422316802e-008 -2.682913467930154e-008
-2.689981429586703e-008 -2.691670015332276e-008 -2.693060207460796e-008 -2.693775735408735e-008 -2.693853285929748e-008 -2.69423246204807e-008 -2.695028462735462e-008 -2.696159589986793e-008 -2.697256314625508e-008 -2.697735959951307e-008 -2.697244990885311e-008 -2.695824229353537e-008 -2.69405130252742e-008 -2.692190294987503e-008 -2.690483707800258e-008 -2.689221930779926e-008 -2.688630598677516e-008 -2.687643014350865e-008 -2.685975578638236e-008 -2.684517266010235e-008 -2.683011776943152e-008 -2.680671519978161e-008 -2.676721957784684e-008 -2.672644062778875e-008 -2.670467117540731e-008 -2.669217990118888e-008 -2.668507241795855e-008 -2.668907169793358e-008 -2.670350444377265e-008 -2.671443283019399e-008 -2.671507405434066e-008 -2.671370491870942e-008 -2.671447988817596e-008 -2.672091711735962e-008 -2.673623253689088e-008 -2.675458239080596e-008 -2.677670768400731e-008 -2.680500946181723e-008
-2.677557024000478e-008 -2.680083986786297e-008 -2.682405813150034e-008 -2.683645320413331e-008 -2.683856978660264e-008 -2.684213402908518e-008 -2.685200464384901e-008 -2.686613062630041e-008 -2.687974244950674e-008 -2.688699261047533e-008 -2.688681527341695e-008 -2.687970151459441e-008 -2.686770928601781e-008 -2.685433869486508e-008 -2.684349617037592e-008 -2.683991889221344e-008 -2.684096937096912e-008 -2.683130242556261e-008 -2.680993279787628e-008 -2.678633312476301e-008 -2.676548831620726e-008 -2.674507264977584e-008 -2.671892658244965e-008 -2.668719343532468e-008 -2.666806520319257e-008 -2.666599346563438e-008 -2.667664672316597e-008 -2.668933490415122e-008 -2.669542209455785e-008 -2.669151788520063e-008 -2.667595459795782e-008 -2.665912139288727e-008 -2.666085696443568e-008 -2.667105274528247e-008 -2.668402943509558e-008 -2.670017823039574e-008 -2.672154478819752e-008 -2.675062884392594e-008
