data/gpsIIR_gridfiles/GPSIIRnapShroudY-R100-Q50W50S0.grd
DSAA
361 181
-180 180
-90 90
-3.6151337557612E-008 3.634507871166E-008
[rows 0 to 16 of 181, columns 234 to 272 of 361]
1.066787541859279e-012 1.066787541859279e-012 1.066787541859279e-012 1.066787541859279e-012 1.066787541859279e-012 1.066787541859279e-012 1.066787541859279e-012 1.066787541859279e-012 1.066787541859279e-012 1.066787541859279e-012 1.066787541859279e-012 1.066787541859279e-012 1.066787541859279e-012 1.066787541859279e-012 1.066787541859279e-012 1.066787541859279e-012 1.066787541859279e-012 1.066787541859279e-012 1.066787541859279e-012 1.066787541859279e-012 1.066787541859279e-012 1.066787541859279e-012 1.066787541859279e-012 1.066787541859279e-012 1.066787541859279e-012 1.066787541859279e-012 1.066787541859279e-012 1.066787541859279e-012 1.066787541859279e-012 1.066787541859279e-012 1.066787541859279e-012 1.066787541859279e-012 1.066787541859279e-012 1.066787541859279e-012 1.066787541859279e-012 1.066787541859279e-012 1.066787541859279e-012 1.066787541859279e-012 1.066787541859279e-012
-7.613278502249923e-011 -7.177277612877158e-011 -6.79638126902654e-011 -6.568089673281759e-011 -6.621319406751039e-011 -7.051309633728207e-011 -7.868248315381713e-011 -8.896939728451571e-011 -9.819234215177347e-011 -1.04014658106912e-010 -1.059919653547045e-010 -1.049881734101385e-010 -1.023638768665222e-010 -9.953111687573148e-011 -9.791110515419746e-011 -9.879602611970445e-011 -1.028554056011745e-010 -1.097631355843271e-010 -1.181595515908483e-010 -1.263726237833699e-010 -1.333043538577209e-010 -1.387513847962006e-010 -1.434804135020953e-010 -1.487518577851901e-010 -1.554618346560487e-010 -1.632920750653986e-010 -1.710294832392937e-010 -1.772598952116319e-010 -1.808368661153199e-010 -1.808489977344547e-010 -1.765731217184641e-010 -1.68445541095525e-010 -1.590596650905488e-010 -1.512719048345885e-010 -1.457616597662631e-010 -1.418731272813744e-010 -1.389902983635615e-010 -1.366008149520821e-010 -1.339805191807784e-010
-5.114379194456412e-010 -5.13920873285134e-010 -5.170427095246491e-010 -5.219160904481682e-010 -5.292080160745672e-010 -5.392356680759826e-010 -5.523148290938216e-010 -5.671044666444409e-010 -5.803971069375578e-010 -5.8987665905442e-010 -5.953568484839587e-010 -5.979402383906381e-010 -5.991204398047293e-010 -6.003016815415986e-010 -6.026414883322547e-010 -6.071766901834116e-010 -6.146010632026107e-010 -6.247333867695575e-010 -6.361732762683602e-010 -6.470023736860819e-010 -6.558958091131924e-010 -6.626148835749422e-010 -6.68031368024922e-010 -6.738003575880001e-010 -6.812758171255161e-010 -6.903428644253089e-010 -6.996036502527479e-010 -7.07374586962595e-010 -7.123357601022043e-010 -7.13528278007155e-010 -7.099609434199859e-010 -7.0198670766774e-010 -6.93048888128134e-010 -6.864917542370463e-010 -6.823553497377521e-010 -6.79618897416912e-010 -6.778962104422048e-010 -6.767688191793093e-010 -6.751769307515161e-010
-9.507952664335298e-010 -9.609666201973714e-010 -9.716456450941116e-010 -9.835557821674279e-010 -9.965307278142571e-010 -1.010796662110483e-009 -1.027526539445797e-009 -1.046147640232748e-009 -1.063432944046068e-009 -1.076850600134842e-009 -1.086251206027089e-009 -1.092843836948976e-009 -1.098300932788002e-009 -1.103987233908301e-009 -1.110623817700335e-009 -1.11883476261481e-009 -1.129486369959017e-009 -1.142727889858596e-009 -1.15719359183657e-009 -1.170779069527931e-009 -1.181913980689804e-009 -1.190186179845253e-009 -1.196507698731547e-009 -1.202803046984804e-009 -1.210870394508714e-009 -1.220836395104709e-009 -1.231256250342625e-009 -1.240266941759669e-009 -1.246321131488716e-009 -1.248437960591699e-009 -1.245653150223679e-009 -1.238571477763194e-009 -1.231097445772867e-009 -1.22622732139294e-009 -1.223282138058018e-009 -1.221368806740663e-009 -1.220810929007597e-009 -1.22118063758738e-009 -1.220555550164745e-009
-1.392478384168995e-009 -1.411059212965545e-009 -1.429966386799436e-009 -1.448594517063818e-009 -1.466279543779889e-009 -1.483966644709387e-009 -1.503786647815244e-009 -1.525967743096101e-009 -1.547395737756576e-009 -1.565224530324178e-009 -1.579098183129697e-009 -1.59018710205577e-009 -1.600457980875883e-009 -1.611161308591028e-009 -1.62231095354352e-009 -1.634110654450717e-009 -1.64771069894921e-009 -1.663838049142331e-009 -1.681311652563286e-009 -1.697737882111365e-009 -1.7112481477394e-009 -1.721295842487586e-009 -1.72876516703366e-009 -1.73577191539553e-009 -1.744360501853941e-009 -1.754812136395947e-009 -1.765755182945008e-009 -1.775439056025477e-009 -1.782258768780141e-009 -1.785108293363785e-009 -1.783602484274576e-009 -1.778923056914661e-009 -1.77414024723062e-009 -1.771020907065697e-009 -1.768800846115218e-009 -1.767295723274669e-009 -1.76809495266533e-009 -1.77027243715882e-009 -1.770161928622375e-009
-1.835085621696707e-009 -1.8618483235112e-009 -1.88924364404891e-009 -1.914985304713934e-009 -1.937727153829571e-009 -1.959108766485143e-009 -1.982028024533387e-009 -2.007497611844768e-009 -2.033017020639833e-009 -2.055580346105068e-009 -2.074370462505792e-009 -2.090446572877757e-009 -2.106153261453218e-009 -2.122315603070444e-009 -2.137991881161437e-009 -2.153169830576064e-009 -2.169453049476096e-009 -2.188233733379068e-009 -2.208570996139572e-009 -2.227768641214215e-009 -2.243678478393714e-009 -2.255665039700428e-009 -2.264566546939541e-009 -2.27264319966676e-009 -2.282064404408927e-009 -2.292950765316847e-009 -2.30391509785091e-009 -2.313572326181909e-009 -2.320796495231397e-009 -2.324776535301544e-009 -2.32558335458759e-009 -2.324310811061585e-009 -2.322495808542544e-009 -2.320873328909241e-009 -2.319186684518159e-009 -2.318144803399221e-009 -2.320621031553691e-009 -2.324187371998499e-009 -2.323486559568697e-009
-2.279349410790054e-009 -2.314061525928202e-009 -2.349992955872892e-009 -2.382942670190433e-009 -2.41121533455184e-009 -2.43698071661073e-009 -2.463521954184784e-009 -2.492189043080367e-009 -2.521380603638172e-009 -2.548547092574293e-009 -2.572433506058846e-009 -2.594095657437063e-009 -2.615852265230581e-009 -2.637610596544071e-009 -2.657669427000872e-009 -2.676091341958496e-009 -2.694932622130949e-009 -2.716104101468134e-009 -2.738900201454401e-009 -2.760555585994754e-009 -2.778758597648383e-009 -2.792862748265322e-009 -2.803686451981824e-009 -2.81350187388885e-009 -2.82437645541273e-009 -2.836224729613318e-009 -2.847559778660265e-009 -2.857253747893113e-009 -2.864833622033607e-009 -2.870101193698552e-009 -2.873242722103864e-009 -2.874824528419245e-009 -2.875349265259025e-009 -2.875110651601921e-009 -2.874393997017435e-009 -2.874520580477619e-009 -2.87785436314086e-009 -2.880891790956349e-009 -2.879007635166548e-009
-2.725887283531355e-009 -2.768284066856401e-009 -2.812588580946451e-009 -2.852154918066806e-009 -2.886163284882104e-009 -2.917329587055402e-009 -2.948658421293381e-009 -2.981197353956168e-009 -3.013929168838617e-009 -3.045228435949688e-009 -3.074224717332474e-009 -3.101828407984243e-009 -3.129660764553474e-009 -3.1566953009308e-009 -3.180958757709483e-009 -3.202808245441599e-009 -3.224480546622969e-009 -3.247871415406121e-009 -3.272462952291238e-009 -3.295945617537012e-009 -3.316233306621508e-009 -3.332721771253765e-009 -3.346223653560822e-009 -3.35868492529825e-009 -3.371686403159776e-009 -3.385049854568499e-009 -3.397412399410866e-009 -3.407725903118999e-009 -3.415756988460272e-009 -3.421869987721025e-009 -3.426550585887909e-009 -3.429972151670581e-009 -3.432046171660971e-009 -3.43293751309683e-009 -3.433255311101471e-009 -3.434105882956204e-009 -3.436378552444769e-009 -3.437773931932522e-009 -3.435347386046662e-009
-3.174618447444716e-009 -3.223071153738854e-009 -3.274321003514881e-009 -3.320760162351776e-009 -3.361635441712862e-009 -3.399711111071001e-009 -3.437204513425684e-009 -3.474777239547277e-009 -3.511893533236346e-009 -3.547600527824329e-009 -3.581452012364209e-009 -3.614265131913881e-009 -3.647205019943231e-009 -3.67880663142452e-009 -3.707268490987871e-009 -3.733192921787359e-009 -3.758481973742943e-009 -3.784356142534655e-009 -3.81039054860871e-009 -3.835062026701735e-009 -3.857166594795148e-009 -3.876419306042844e-009 -3.893286011582893e-009 -3.908871214946004e-009 -3.924168485183123e-009 -3.938980801922031e-009 -3.952343466958592e-009 -3.963469693590998e-009 -3.97219341227205e-009 -3.979134945434095e-009 -3.985021060771651e-009 -3.989694731289792e-009 -3.992649087177409e-009 -3.994051215967346e-009 -3.99470088627773e-009 -3.995340340645324e-009 -3.996173658770424e-009 -3.996011744830696e-009 -3.993247823429283e-009
-3.627175469355213e-009 -3.681149698084022e-009 -3.736957611186406e-009 -3.790165372001914e-009 -3.839067797513317e-009 -3.885110805451915e-009 -3.929547916510969e-009 -3.972874161563265e-009 -4.015253195431954e-009 -4.056118870844807e-009 -4.094715438801084e-009 -4.131745207121899e-009 -4.16849052897051e-009 -4.203882374364336e-009 -4.236751570319411e-009 -4.267723420119439e-009 -4.29751832333509e-009 -4.326368112571552e-009 -4.354429295384728e-009 -4.381120684913024e-009 -4.405498437315069e-009 -4.427101220733969e-009 -4.446495150834132e-009 -4.464647363836361e-009 -4.481871757873657e-009 -4.497565168271599e-009 -4.511356606745565e-009 -4.523197210194172e-009 -4.533033844028525e-009 -4.541272383210608e-009 -4.548380988654955e-009 -4.553929474671533e-009 -4.557233118684716e-009 -4.55859771640036e-009 -4.559067878138357e-009 -4.559176517625271e-009 -4.558941493473634e-009 -4.557851960209627e-009 -4.555210899094404e-009
-4.083584066452754e-009 -4.144622824841025e-009 -4.2057706884032e-009 -4.265224209158678e-009 -4.321730019377256e-009 -4.375544507663607e-009 -4.42687497504047e-009 -4.475852764408816e-009 -4.523447925957159e-009 -4.569711837751558e-009 -4.613438941249942e-009 -4.654852985237713e-009 -4.695054230576756e-009 -4.734030778601835e-009 -4.771751941873345e-009 -4.808281071259418e-009 -4.84244799127712e-009 -4.874114970085746e-009 -4.904485738019542e-009 -4.933821556803342e-009 -4.960772185919381e-009 -4.984268412287094e-009 -5.005559185196186e-009 -5.02602170486654e-009 -5.045157294935022e-009 -5.061647031085041e-009 -5.075538683550065e-009 -5.087923850751057e-009 -5.098951781015486e-009 -5.108337288789841e-009 -5.116063666005484e-009 -5.121928462492169e-009 -5.125333395747038e-009 -5.126608564659696e-009 -5.12699072175354e-009 -5.126629820728471e-009 -5.125545363997119e-009 -5.123863460047564e-009 -5.121300660997996e-009
-4.54398076801971e-009 -4.613061446403219e-009 -4.681204759962604e-009 -4.747468744227815e-009 -4.81109684544075e-009 -4.87205550495008e-009 -4.930004073929724e-009 -4.984350171639899e-009 -5.036408632963804e-009 -5.087576720111541e-009 -5.13682151561725e-009 -5.183858433734409e-009 -5.228817558848961e-009 -5.272279823632862e-009 -5.315063181580805e-009 -5.356147776234763e-009 -5.393394404486017e-009 -5.427258468695291e-009 -5.459489651980807e-009 -5.490407586243191e-009 -5.519124634847789e-009 -5.545265857475046e-009 -5.569526554592301e-009 -5.592770946044751e-009 -5.614217021858055e-009 -5.632206925876141e-009 -5.646657962531558e-009 -5.659359127373799e-009 -5.670805934956007e-009 -5.680177044613439e-009 -5.687358543198224e-009 -5.69293069878368e-009 -5.696521211049006e-009 -5.698171131800989e-009 -5.698891761348547e-009 -5.698142700056417e-009 -5.696174647111389e-009 -5.693808744329642e-009 -5.691058598168288e-009
-5.010515558209601e-009 -5.08762287671487e-009 -5.163323872543207e-009 -5.236503351600971e-009 -5.306609683019174e-009 -5.373999058280554e-009 -5.43839525818002e-009 -5.498662128551399e-009 -5.555481663796983e-009 -5.611250426383253e-009 -5.666149065812383e-009 -5.719371715479291e-009 -5.769662233463645e-009 -5.817467347175112e-009 -5.86412404081428e-009 -5.908463696186556e-009 -5.94854765895914e-009 -5.985190198728708e-009 -6.019988541448149e-009 -6.052669560277101e-009 -6.083024336119513e-009 -6.11186358750229e-009 -6.138970996467931e-009 -6.164385356124486e-009 -6.187540562695841e-009 -6.206913230734008e-009 -6.222513949247096e-009 -6.236368709565889e-009 -6.248369312112193e-009 -6.257279492738718e-009 -6.263395905371946e-009 -6.268132931055289e-009 -6.271595755414934e-009 -6.273641105403533e-009 -6.274678386380733e-009 -6.273417841613489e-009 -6.270512105366551e-009 -6.267510641911588e-009 -6.264536208310973e-009
-5.483769028878963e-009 -5.568912325499819e-009 -5.651949407660767e-009 -5.731661849911514e-009 -5.807513608602833e-009 -5.880355789745159e-009 -5.95047056240747e-009 -6.017232263859152e-009 -6.080814967656214e-009 -6.142489042923306e-009 -6.203293561920679e-009 -6.262162744384343e-009 -6.316760842065883e-009 -6.367514953985602e-009 -6.416262500663135e-009 -6.462751169719649e-009 -6.506372636258048e-009 -6.547414691479206e-009 -6.586565363573546e-009 -6.623336515034113e-009 -6.656331581956927e-009 -6.686200029671959e-009 -6.714162002254636e-009 -6.739996418193436e-009 -6.763338634166011e-009 -6.78362418550048e-009 -6.801440800275363e-009 -6.818020014101079e-009 -6.831323573062506e-009 -6.840255160497867e-009 -6.845668255578524e-009 -6.849098583108786e-009 -6.851265851782223e-009 -6.852509233811583e-009 -6.853183874104877e-009 -6.851398330598476e-009 -6.848065637312122e-009 -6.844842504942737e-009 -6.841707137149838e-009
-5.963944069821928e-009 -6.056417520324329e-009 -6.145925178480979e-009 -6.231857915565758e-009 -6.313667829801173e-009 -6.392010639837518e-009 -6.467709320107254e-009 -6.541263794822793e-009 -6.612133845046097e-009 -6.679984610375889e-009 -6.746089647088729e-009 -6.809647096991519e-009 -6.868131733176555e-009 -6.922325201450715e-009 -6.973991407030896e-009 -7.022870312635489e-009 -7.069936249834869e-009 -7.115055017153749e-009 -7.158274391179409e-009 -7.199137087826017e-009 -7.234724948317167e-009 -7.265691544261559e-009 -7.294687827626496e-009 -7.320718360224519e-009 -7.343813122975663e-009 -7.365100232358147e-009 -7.38546552708911e-009 -7.404028332316274e-009 -7.417906041115822e-009 -7.427516170604177e-009 -7.433291189673453e-009 -7.43547390289971e-009 -7.435533723410598e-009 -7.434978343739084e-009 -7.434157409396054e-009 -7.431873120075617e-009 -7.429128992768153e-009 -7.425782921422112e-009 -7.422479293814738e-009
-6.450844182495963e-009 -6.549533055721808e-009 -6.644274066654879e-009 -6.735675451745033e-009 -6.824137249985943e-009 -6.909901275105416e-009 -6.99289588546997e-009 -7.073689056327667e-009 -7.150471412180264e-009 -7.222574585219203e-009 -7.291900257057204e-009 -7.358559483685829e-009 -7.421387581764369e-009 -7.481372768902816e-009 -7.539344555811027e-009 -7.593005625105116e-009 -7.6420095285822e-009 -7.688366139234391e-009 -7.733079980620304e-009 -7.775523763557523e-009 -7.813431752277678e-009 -7.84810905311221e-009 -7.880419146318658e-009 -7.907846631126662e-009 -7.931363198220184e-009 -7.953213853574379e-009 -7.974009967527047e-009 -7.992042444639923e-009 -8.006111398747339e-009 -8.01828469669063e-009 -8.025424713659886e-009 -8.026703594684102e-009 -8.024615347226036e-009 -8.021846838249673e-009 -8.019291969435017e-009 -8.016709771115677e-009 -8.013957109107807e-009 -8.010138312700394e-009 -8.006823005465167e-009
-6.942787172288022e-009 -7.047764058671585e-009 -7.148479708162466e-009 -7.245928329604293e-009 -7.3412872304486e-009 -7.434354189217095e-009 -7.524580049662678e-009 -7.612097258117007e-009 -7.693806799328914e-009 -7.769809808500403e-009 -7.842569767260474e-009 -7.912138628862429e-009 -7.979484991569258e-009 -8.045625502125319e-009 -8.110138750079871e-009 -8.168462080495269e-009 -8.21893224638422e-009 -8.266207736335551e-009 -8.311691348348028e-009 -8.354998517094308e-009 -8.395837099906324e-009 -8.435187344606799e-009 -8.470322297856089e-009 -8.49921878805701e-009 -8.52390445272396e-009 -8.546120485892371e-009 -8.566576810079183e-009 -8.584616118405593e-009 -8.600962474838863e-009 -8.615287477871048e-009 -8.621541981020664e-009 -8.621609762272186e-009 -8.61779590390091e-009 -8.612927444362139e-009 -8.608690658215686e-009 -8.60505675288024e-009 -8.601228429394807e-009 -8.597584446532285e-009 -8.594679779566274e-009
