data/gpsIIR_gridfiles/GPSIIRnonapShroudX-R100-Q32W15S0.grd
DSAA
361 181
-180 180
-90 90
-2.7441317226243E-008 2.7499411072663E-008
[rows 153 to 169 of 181, columns 39 to 77 of 361]
1.12441620807278e-008 1.10442849808905e-008 1.08429204916119e-008 1.063440440842942e-008 1.04225439455461e-008 1.023047225674323e-008 1.004935642566435e-008 9.883013818711581e-009 9.736773556157491e-009 9.590596102189213e-009 9.448390139574278e-009 9.300511900777184e-009 9.145298914753049e-009 8.986803152003874e-009 8.81340475433751e-009 8.628458827185916e-009 8.439796288250039e-009 8.246222606621407e-009 8.045642201432089e-009 7.835660116925982e-009 7.621148598977686e-009 7.405744838783297e-009 7.186794766845532e-009 6.96251470023151e-009 6.732579771137343e-009 6.502741937330378e-009 6.272888360864299e-009 6.040474838932972e-009 5.804059792679114e-009 5.566114600484793e-009 5.328902463896804e-009 5.091010972311828e-009 4.852569970582654e-009 4.613476387209169e-009 4.374110857133319e-009 4.134679104796593e-009 3.895512536725664e-009 3.656424658439322e-009 3.415828882231923e-009
1.079876077355971e-008 1.060819087317727e-008 1.042130070708189e-008 1.022874287928335e-008 1.002351960677357e-008 9.830720466008633e-009 9.655163050067424e-009 9.492797006652477e-009 9.346990430881118e-009 9.214820544922355e-009 9.082753391923756e-009 8.936698745455245e-009 8.782897056669583e-009 8.627128456160572e-009 8.462977930490917e-009 8.289155505694919e-009 8.109599357134324e-009 7.923405935399465e-009 7.730160345374556e-009 7.528741105261932e-009 7.324711506457279e-009 7.118547402658693e-009 6.907809463260409e-009 6.692251497530103e-009 6.472239541102926e-009 6.252511939395351e-009 6.031694059523224e-009 5.808589959220003e-009 5.582994024060696e-009 5.355888555788927e-009 5.128952643704551e-009 4.901268156705451e-009 4.672792474488523e-009 4.443147327186463e-009 4.212928688312787e-009 3.982809872094208e-009 3.753689131762142e-009 3.523712774896482e-009 3.291414239731747e-009
1.035587454755201e-008 1.017724260046505e-008 9.998682694278257e-009 9.814228236341237e-009 9.619882530799734e-009 9.433343172526021e-009 9.265337253294654e-009 9.109071766021914e-009 8.965934289288758e-009 8.838836412869952e-009 8.711208671655253e-009 8.570359717967639e-009 8.421750791166354e-009 8.270030507304657e-009 8.113590283083175e-009 7.949391923407553e-009 7.777671900102163e-009 7.599421184423247e-009 7.414711356817947e-009 7.22217733251004e-009 7.027231314543846e-009 6.829369410774335e-009 6.628117543776559e-009 6.422814737370493e-009 6.212472120399625e-009 6.001966105316728e-009 5.790230469263932e-009 5.577210828371254e-009 5.362534880001242e-009 5.14584224179515e-009 4.928803753587234e-009 4.71116322498282e-009 4.492380652479844e-009 4.272542515415226e-009 4.051806490870734e-009 3.831655353518903e-009 3.612288996439579e-009 3.390482994110957e-009 3.16659762347938e-009
9.914561538561217e-009 9.745642787113742e-009 9.57556029508793e-009 9.395116403730594e-009 9.21243258108532e-009 9.036147867047728e-009 8.874480636978765e-009 8.724388529809826e-009 8.589359017131991e-009 8.464539104824932e-009 8.338116747893115e-009 8.204430274955769e-009 8.061556219697973e-009 7.915331877563616e-009 7.764998145943262e-009 7.608412555004555e-009 7.445311672932167e-009 7.275792904900988e-009 7.098877562648951e-009 6.913949287017781e-009 6.727975136463434e-009 6.540149895925398e-009 6.348957466381353e-009 6.153070892774219e-009 5.95164789839199e-009 5.750288807275765e-009 5.54909226956286e-009 5.346411303325713e-009 5.14192509372572e-009 4.935927351979104e-009 4.729044431539097e-009 4.520541830078377e-009 4.311128611639396e-009 4.101288268342845e-009 3.890660733006666e-009 3.680100449236214e-009 3.468753104945127e-009 3.255670100877116e-009 3.040818321549613e-009
9.47392158719078e-009 9.310549704897866e-009 9.143916242067831e-009 8.967427042548019e-009 8.802410281721286e-009 8.640621767553716e-009 8.485157222558198e-009 8.343906888804016e-009 8.219695869229319e-009 8.091924042698823e-009 7.962035448514348e-009 7.836403651179095e-009 7.701624006667734e-009 7.562034352639962e-009 7.418129089431706e-009 7.267682191654494e-009 7.112440138801216e-009 6.951020753203769e-009 6.780502677218784e-009 6.604281469956833e-009 6.42847827394553e-009 6.250427647222927e-009 6.068756452423846e-009 5.881565627164777e-009 5.689570326013888e-009 5.49842868505907e-009 5.307324974829585e-009 5.115050553360163e-009 4.920950339912665e-009 4.725773536025302e-009 4.529201103326641e-009 4.330785563830155e-009 4.130457410020444e-009 3.929779931810084e-009 3.72843458638584e-009 3.526464119995302e-009 3.323340710270995e-009 3.119150280293614e-009 2.913525772261998e-009
9.032796108512737e-009 8.871950209007351e-009 8.71045260184435e-009 8.546803150561243e-009 8.393818544769778e-009 8.244592105827182e-009 8.099837042889721e-009 7.967928785968338e-009 7.844027003348797e-009 7.717095128735187e-009 7.587910071338151e-009 7.464938068142273e-009 7.339326552847733e-009 7.207381234105269e-009 7.071527079337363e-009 6.927762540140304e-009 6.777696245552758e-009 6.623017727692027e-009 6.460657614205655e-009 6.295948291674756e-009 6.130313676764746e-009 5.96035026688715e-009 5.78717731243343e-009 5.60942793233477e-009 5.428429991071466e-009 5.247704409053475e-009 5.066157856304882e-009 4.883437349949111e-009 4.69970074181141e-009 4.514887284440142e-009 4.328017709310985e-009 4.139232276389189e-009 3.948961438299249e-009 3.757504942666251e-009 3.564746267410975e-009 3.371360855959048e-009 3.177298200005233e-009 2.98204143995484e-009 2.785203983548962e-009
8.589284950297738e-009 8.437214674446682e-009 8.290440790186796e-009 8.13899738126759e-009 7.990650279251865e-009 7.848915820381824e-009 7.712964909900776e-009 7.584388119437743e-009 7.45776806981188e-009 7.336052312947232e-009 7.213971070631946e-009 7.094926857136529e-009 6.975940770039655e-009 6.849445707741426e-009 6.717260273266852e-009 6.582416727443984e-009 6.440937039672194e-009 6.294033029008092e-009 6.141734553778783e-009 5.986653413962195e-009 5.829090820881709e-009 5.669251254866746e-009 5.505964735072563e-009 5.338615725784205e-009 5.168451151182552e-009 4.99758262748407e-009 4.825562483786272e-009 4.652247774205877e-009 4.478197764278001e-009 4.303029473738934e-009 4.125743453291534e-009 3.946632643420807e-009 3.766149472194262e-009 3.583813335374427e-009 3.399566527562346e-009 3.214804985135998e-009 3.029830148203206e-009 2.843330827091776e-009 2.656022749646583e-009
8.145769008709902e-009 8.005589778530731e-009 7.869805468433178e-009 7.731924470832702e-009 7.591298702255643e-009 7.454147373747798e-009 7.323312694378678e-009 7.198027112706586e-009 7.07463363265642e-009 6.955851314360688e-009 6.839990911909865e-009 6.726576434115487e-009 6.614006571333393e-009 6.494451715633891e-009 6.368190898168447e-009 6.238628274401928e-009 6.1044772093904e-009 5.966515158025948e-009 5.824573173412589e-009 5.679096066203275e-009 5.530726519976675e-009 5.380162354307007e-009 5.226488408831411e-009 5.069371865000563e-009 4.909264334482692e-009 4.747890564756215e-009 4.585263843759564e-009 4.421455169883158e-009 4.25704037740005e-009 4.090787633118588e-009 3.922768919398665e-009 3.753308612419605e-009 3.582082778241635e-009 3.40870661530872e-009 3.232683828666771e-009 3.056523020493527e-009 2.880919231454266e-009 2.704574315592566e-009 2.527201328649361e-009
7.704237053899593e-009 7.574100671598879e-009 7.446120754400314e-009 7.317381464226236e-009 7.186619018897735e-009 7.056771177524767e-009 6.932240647970316e-009 6.813137355856768e-009 6.696931630771946e-009 6.583144918136612e-009 6.470458355740899e-009 6.361127621140419e-009 6.253441738116408e-009 6.141769987563306e-009 6.023205987284163e-009 5.899041102439305e-009 5.772093747889349e-009 5.642474295983427e-009 5.509719468595546e-009 5.374081524285672e-009 5.235321053565882e-009 5.093777580622642e-009 4.949220294042561e-009 4.801530692119733e-009 4.65077768314066e-009 4.498629337604954e-009 4.345543162165993e-009 4.191514872319463e-009 4.036295617260166e-009 3.878539037580233e-009 3.719040532916896e-009 3.558435207365785e-009 3.396245582387799e-009 3.231429503517563e-009 3.064502478255086e-009 2.898095573893363e-009 2.731986273215487e-009 2.565657164809282e-009 2.398251847874493e-009
7.264059356322475e-009 7.143378305159757e-009 7.023999152462312e-009 6.901865914251538e-009 6.776365078216077e-009 6.655307972982636e-009 6.539670169698614e-009 6.428925060860993e-009 6.320629973703217e-009 6.212078029011686e-009 6.104593881776567e-009 5.999858561803448e-009 5.894861290617012e-009 5.789465549271624e-009 5.679225159706902e-009 5.563631645023301e-009 5.444447066016535e-009 5.322116587619625e-009 5.197463806175248e-009 5.070374305137771e-009 4.940827503888506e-009 4.808543861235768e-009 4.672995151014235e-009 4.534322074677324e-009 4.392633684387996e-009 4.249588792147852e-009 4.105724955689079e-009 3.961030880995447e-009 3.814854129673326e-009 3.666088907890684e-009 3.515123168110866e-009 3.362188495590612e-009 3.208096036308487e-009 3.05288558811216e-009 2.89703986581056e-009 2.740605069918786e-009 2.583743254265545e-009 2.426600292967293e-009 2.269374263861462e-009
6.824525125297774e-009 6.712169003253229e-009 6.599171531038956e-009 6.479498674828316e-009 6.362327698571126e-009 6.252551174911344e-009 6.145988234213376e-009 6.043310873554586e-009 5.942496030086507e-009 5.841131904596671e-009 5.741816548126327e-009 5.64257450704949e-009 5.540735131820447e-009 5.439748887872561e-009 5.337273990905854e-009 5.230036903042006e-009 5.11846611578669e-009 5.004237881937654e-009 4.888343266068526e-009 4.769041585726321e-009 4.647099704464519e-009 4.523426857863707e-009 4.396944872831587e-009 4.267122924895222e-009 4.134588761697666e-009 4.000709830184513e-009 3.865497123434076e-009 3.729310954564118e-009 3.592326232327218e-009 3.452751934568569e-009 3.310192287910775e-009 3.16527779735063e-009 3.020376914467769e-009 2.875529319698514e-009 2.72994114351795e-009 2.583190901320774e-009 2.43566948754485e-009 2.288062827842742e-009 2.140916884890024e-009
6.386653923232833e-009 6.280429697412266e-009 6.171941466507819e-009 6.061210210345483e-009 5.955781208338772e-009 5.854113046589349e-009 5.754186594681667e-009 5.656617556753301e-009 5.562533460223127e-009 5.471126419530175e-009 5.381111138566122e-009 5.287510638084288e-009 5.190976582076957e-009 5.094410276775559e-009 4.996855118572651e-009 4.895739107599952e-009 4.792017935322563e-009 4.687637992848545e-009 4.580969597336053e-009 4.46966275232558e-009 4.355000833533337e-009 4.238542973499496e-009 4.120456064427296e-009 3.999708794017627e-009 3.876951981820015e-009 3.752577903079503e-009 3.62633970215424e-009 3.498596206117114e-009 3.369458970825737e-009 3.238073315602886e-009 3.103770425966205e-009 2.968348613056063e-009 2.833758648108634e-009 2.699357708142708e-009 2.563198631770394e-009 2.425730555304478e-009 2.287753311376219e-009 2.15020162574679e-009 2.012822927416187e-009
5.954539625638451e-009 5.853981643284252e-009 5.752793882198862e-009 5.652718487606837e-009 5.555267419318171e-009 5.460250634168491e-009 5.36636873051497e-009 5.27386678980327e-009 5.184885922335008e-009 5.101880707945991e-009 5.020265776068432e-009 4.933587809298412e-009 4.84358144691949e-009 4.752563361784772e-009 4.66032474826189e-009 4.565075069628797e-009 4.467825048758948e-009 4.370932882382905e-009 4.27326960236851e-009 4.170473946393724e-009 4.063402247982389e-009 3.954356467497227e-009 3.844859269861189e-009 3.733871692101401e-009 3.620494896656438e-009 3.505049068066103e-009 3.387774313981165e-009 3.268661843528183e-009 3.147299587971058e-009 3.023351456552716e-009 2.897860302187429e-009 2.772436930471533e-009 2.647045203791543e-009 2.521714012095877e-009 2.395701106470944e-009 2.268049168523724e-009 2.140062306034355e-009 2.013013805129443e-009 1.885157090186745e-009
5.527924103325411e-009 5.433222573701559e-009 5.339729885099085e-009 5.248697268453408e-009 5.158818209178331e-009 5.07050244858745e-009 4.983188047886218e-009 4.897165614081869e-009 4.81420381637608e-009 4.736821535651635e-009 4.661363572942359e-009 4.581688152288493e-009 4.498414195143765e-009 4.413410866613022e-009 4.327747650208261e-009 4.23982894329597e-009 4.149199083568212e-009 4.057300858300224e-009 3.965083669144992e-009 3.869916362847847e-009 3.771152052341681e-009 3.671119554681381e-009 3.570696983023485e-009 3.469767002990861e-009 3.365739410318781e-009 3.258691676276113e-009 3.149735441742667e-009 3.038856674584325e-009 2.925361474512258e-009 2.809705483346789e-009 2.693832579312461e-009 2.578224592177525e-009 2.462349620592685e-009 2.345665179755151e-009 2.228311844144489e-009 2.110298552640559e-009 1.992564043961168e-009 1.876376799307965e-009 1.758440952484746e-009
5.104181527971591e-009 5.016480118341685e-009 4.931861514115451e-009 4.849646233809827e-009 4.767365548985146e-009 4.6855127052176e-009 4.604878043669076e-009 4.525883569111534e-009 4.45034041973978e-009 4.378651341187946e-009 4.307818827766981e-009 4.234573979433853e-009 4.157504747152102e-009 4.077987393975078e-009 3.997846486039172e-009 3.916953717508688e-009 3.833279556167825e-009 3.746996109715072e-009 3.659160615493313e-009 3.570246718660502e-009 3.480637114325405e-009 3.390662448392595e-009 3.298473354779487e-009 3.204970037449522e-009 3.110680569360357e-009 3.012798629730533e-009 2.912429610034777e-009 2.809609935681251e-009 2.704248303080814e-009 2.597778940865206e-009 2.491518307905024e-009 2.385150732670524e-009 2.278078165921993e-009 2.170355329410978e-009 2.061797734004324e-009 1.952875626357114e-009 1.845167947995236e-009 1.7400638157307e-009 1.632933010239209e-009
4.684020694505544e-009 4.604928261776388e-009 4.528681990903879e-009 4.454076783526195e-009 4.379504958266288e-009 4.30518672914809e-009 4.232423660538374e-009 4.162004538132549e-009 4.093777651719059e-009 4.025438937394393e-009 3.957825971359846e-009 3.890653911399702e-009 3.819945372301886e-009 3.746421543042093e-009 3.671318774662714e-009 3.595422105519757e-009 3.517711005226603e-009 3.437401154765135e-009 3.35590078243393e-009 3.274306519546787e-009 3.192871697739014e-009 3.112753907627394e-009 3.029977777841286e-009 2.943354344023255e-009 2.856106115231302e-009 2.767275453785608e-009 2.675792779723772e-009 2.581444204162432e-009 2.484870844449311e-009 2.387749615854281e-009 2.290650653157666e-009 2.193289646492026e-009 2.095230790977142e-009 1.995768981894292e-009 1.895731631300062e-009 1.795706373525155e-009 1.697600361093566e-009 1.603412587331887e-009 1.507967831065626e-009
4.269517294394774e-009 4.19872183138819e-009 4.129887193092433e-009 4.062335301704811e-009 3.995237149367021e-009 3.928860647491499e-009 3.864558707933905e-009 3.802261967044422e-009 3.739146544753298e-009 3.674162969135812e-009 3.610069415153619e-009 3.548254582986133e-009 3.484254513414546e-009 3.417089207778145e-009 3.347506514595803e-009 3.276056003921267e-009 3.203268653272279e-009 3.129799165554054e-009 3.056772875960523e-009 2.983540062815868e-009 2.908695583675071e-009 2.834356635497297e-009 2.761279115596817e-009 2.683774154335355e-009 2.60427994667325e-009 2.523534534099334e-009 2.440654066922879e-009 2.355091971854503e-009 2.267636292284915e-009 2.179565693522151e-009 2.091144385665132e-009 2.002088078836416e-009 1.912102843042077e-009 1.821525725759142e-009 1.730184596487623e-009 1.638789079378713e-009 1.549601027004528e-009 1.465564503166285e-009 1.382117748854151e-009
