data/gpsIIR_gridfiles/GPSIIRnonapShroudZ-R100-Q43W19S0.grd
DSAA
361 181
-180 180
-90 90
-2.8090295443939E-008 2.8537563516632E-008
[rows 51 to 67 of 181, columns 266 to 303 of 361]
1.971280983609833e-008 1.963319945203082e-008 1.956485209801055e-008 1.946472820180605e-008 1.941147260626336e-008 1.942822474416111e-008 1.95113499053444e-008 1.956637019261643e-008 1.962013251645686e-008 1.967908335437797e-008 1.973423620014254e-008 1.979170320484706e-008 1.984763331592005e-008 1.990054056159695e-008 1.995090655845573e-008 1.999812913584993e-008 2.004597823812714e-008 2.009081310319198e-008 2.013338570474264e-008 2.017624517606725e-008 2.021608008964899e-008 2.024994755854814e-008 2.028140743283571e-008 2.031275758230704e-008 2.033684319763144e-008 2.036229854336823e-008 2.038831451966546e-008 2.041290747553432e-008 2.043996948748037e-008 2.046234517156077e-008 2.048500563596056e-008 2.050699362848023e-008 2.052765694453243e-008 2.054667139618866e-008 2.056011663293587e-008 2.057038253789351e-008 2.057629568151406e-008 2.057924737540979e-008
1.926417589589186e-008 1.918790921996788e-008 1.911171973152039e-008 1.900992271962251e-008 1.896716334577172e-008 1.899523241976585e-008 1.906819311453688e-008 1.911649906739949e-008 1.917263003798197e-008 1.922736924368935e-008 1.928374057374055e-008 1.93409517880143e-008 1.939507106247516e-008 1.945029479868678e-008 1.950380253074983e-008 1.954968002610603e-008 1.959252022563199e-008 1.963517856966351e-008 1.967700688758295e-008 1.971652192092623e-008 1.975287534250095e-008 1.978453854730143e-008 1.981296221060934e-008 1.984315816950811e-008 1.986602376677357e-008 1.989160493531409e-008 1.991961541685315e-008 1.994297578857963e-008 1.996955191817983e-008 1.999459897336779e-008 2.001632184535518e-008 2.004217300685466e-008 2.006557152893319e-008 2.008228532278575e-008 2.009750786301673e-008 2.010881052427335e-008 2.011439587435905e-008 2.011734427084088e-008
1.881076159282493e-008 1.873659392395094e-008 1.866160066424884e-008 1.855833581864111e-008 1.851533877525037e-008 1.85503574075585e-008 1.861998813966928e-008 1.866439670598767e-008 1.872032887377746e-008 1.877276695198789e-008 1.882800681571833e-008 1.888446141782937e-008 1.893733530400543e-008 1.899198524331847e-008 1.904567785689089e-008 1.909096208425145e-008 1.913192990197402e-008 1.917313174119992e-008 1.921366882271351e-008 1.925129172023699e-008 1.928546761556868e-008 1.931502513856233e-008 1.934358955429733e-008 1.937146579502506e-008 1.939519112461249e-008 1.942093011742156e-008 1.944827842264444e-008 1.947244123425844e-008 1.949807207531023e-008 1.952342363848193e-008 1.954557467489459e-008 1.957014805281545e-008 1.959358546559104e-008 1.960870397897237e-008 1.962304216780604e-008 1.963602777549167e-008 1.963993769452722e-008 1.964409794622696e-008
1.835302529699961e-008 1.827772368894156e-008 1.819120379390407e-008 1.813090294620795e-008 1.80923562125226e-008 1.810536205481906e-008 1.81436280522942e-008 1.820979857580004e-008 1.826598346681604e-008 1.831597387227406e-008 1.836859562626357e-008 1.842083248823247e-008 1.847343122412063e-008 1.85240502893687e-008 1.857509212095703e-008 1.8621376254558e-008 1.86645268656316e-008 1.870557161569075e-008 1.874447160915051e-008 1.877912240698581e-008 1.881023910453793e-008 1.884063241854701e-008 1.886871262751356e-008 1.889635409962836e-008 1.892206622951505e-008 1.894878148592286e-008 1.897450508671621e-008 1.899895480355413e-008 1.902400847234952e-008 1.904731258959765e-008 1.907133917619924e-008 1.909170015434813e-008 1.910817830884119e-008 1.911914115981508e-008 1.913449856892384e-008 1.9146274063333e-008 1.915156235567869e-008 1.915706330820644e-008
1.788816153571317e-008 1.781533205445189e-008 1.772588030879064e-008 1.767428262501625e-008 1.764421872347654e-008 1.764552292729918e-008 1.767613644188646e-008 1.774766665740729e-008 1.780224366168304e-008 1.785084903704859e-008 1.790150362279972e-008 1.795175645659612e-008 1.80027830963182e-008 1.805231719720745e-008 1.810046371798616e-008 1.814748008031093e-008 1.818988587090129e-008 1.823023807493766e-008 1.826809162221183e-008 1.830082948003093e-008 1.833091254773188e-008 1.836052658878767e-008 1.838724799979657e-008 1.841532670822964e-008 1.84410285494849e-008 1.846797518394303e-008 1.849338586617915e-008 1.851802439478075e-008 1.854191584726543e-008 1.856444761062777e-008 1.858741430488251e-008 1.860658131719261e-008 1.862104130984258e-008 1.863208405791112e-008 1.864530723224589e-008 1.865629055464183e-008 1.866190510667024e-008 1.866521739973948e-008
1.741458185489697e-008 1.734491726371606e-008 1.725904767956535e-008 1.720183486667954e-008 1.717703941185082e-008 1.71837366856821e-008 1.721137714327352e-008 1.727276719319605e-008 1.732708594249291e-008 1.737734288630475e-008 1.742588166871692e-008 1.747517618342615e-008 1.752479160907665e-008 1.75719229936703e-008 1.762029679568553e-008 1.76655836485327e-008 1.770744699197552e-008 1.774713236289387e-008 1.778308452416153e-008 1.781554661446825e-008 1.784502207962777e-008 1.787355973006459e-008 1.789776795656499e-008 1.792362013162237e-008 1.795253803521727e-008 1.797910817685014e-008 1.800474113034672e-008 1.803053675782978e-008 1.805350914264065e-008 1.807445708425816e-008 1.809405800445529e-008 1.81129305779374e-008 1.813103680240109e-008 1.814448734664609e-008 1.815322308848423e-008 1.816105080490438e-008 1.816579849606512e-008 1.816742992294996e-008
1.693732423958133e-008 1.687025913687919e-008 1.678312483604357e-008 1.672348961318574e-008 1.669418102813204e-008 1.670782481717304e-008 1.673546772738171e-008 1.679621318566044e-008 1.685050589996714e-008 1.690043535491078e-008 1.694750294496744e-008 1.69958398054895e-008 1.704422620996478e-008 1.708996159690615e-008 1.713719212151524e-008 1.718097673040009e-008 1.722112797075147e-008 1.725941752346861e-008 1.729469818094947e-008 1.732532489534376e-008 1.735503482864903e-008 1.738261585499242e-008 1.740656211967428e-008 1.743233719755177e-008 1.746108799891978e-008 1.748725573876676e-008 1.751196340815714e-008 1.753687207220067e-008 1.755893009693826e-008 1.757806396362356e-008 1.759753562327528e-008 1.761481536711769e-008 1.763300701306342e-008 1.764606928679261e-008 1.765383227214869e-008 1.76611004056777e-008 1.766454673004605e-008 1.766552071220979e-008
1.645615012090622e-008 1.638216536060342e-008 1.631421623115062e-008 1.623063512211004e-008 1.617623240157038e-008 1.620333377072542e-008 1.626274199727885e-008 1.631041411092317e-008 1.636934802879326e-008 1.642241292096863e-008 1.646827667220328e-008 1.651446083896441e-008 1.656080607412899e-008 1.660783278232759e-008 1.665234718821782e-008 1.669188140159549e-008 1.672988753253801e-008 1.676598505181304e-008 1.679845211951054e-008 1.682937721111688e-008 1.68582776458479e-008 1.688536286506645e-008 1.691312413013848e-008 1.694152495399962e-008 1.696718757269588e-008 1.699140567357694e-008 1.701487966958058e-008 1.70362098927295e-008 1.705451836397498e-008 1.707464246439517e-008 1.709404947171915e-008 1.711014613554524e-008 1.712581094288034e-008 1.71366114296184e-008 1.714715442744953e-008 1.715449985259191e-008 1.71577250738655e-008 1.715741640863914e-008
1.596864383212266e-008 1.589378632369339e-008 1.583186979514755e-008 1.573918168348329e-008 1.568046699664845e-008 1.571055308367069e-008 1.578015577767803e-008 1.58239061483581e-008 1.588338325667809e-008 1.593639659195175e-008 1.598193756139333e-008 1.602649110014683e-008 1.607178236138103e-008 1.611789367829859e-008 1.616061267807286e-008 1.619738437604703e-008 1.623480800646238e-008 1.626920189514805e-008 1.630066852286189e-008 1.633111584008788e-008 1.635892807424145e-008 1.638655186766334e-008 1.641451592833761e-008 1.644274594434127e-008 1.646735619277006e-008 1.649054880739598e-008 1.651329550425175e-008 1.653339575170519e-008 1.655063145599541e-008 1.656983573850185e-008 1.658813978606847e-008 1.660336112446788e-008 1.661741503749503e-008 1.66281327473073e-008 1.663822626382657e-008 1.664507366990573e-008 1.664787685608359e-008 1.664703148597634e-008
1.546933807047279e-008 1.540180973642746e-008 1.532537974242554e-008 1.525653577133803e-008 1.522561224240717e-008 1.524598620277366e-008 1.528046413054079e-008 1.533598152280393e-008 1.538914004331328e-008 1.5440587284397e-008 1.548874071483079e-008 1.553403100899321e-008 1.557744870765365e-008 1.561977306590851e-008 1.565951462827223e-008 1.569515434255786e-008 1.573335798852273e-008 1.576829707046268e-008 1.57998189831348e-008 1.582770786032084e-008 1.585562585543474e-008 1.588450016612831e-008 1.591182923409603e-008 1.593754413328922e-008 1.596032118582851e-008 1.598345075312005e-008 1.600757877003159e-008 1.602828942895656e-008 1.604587010737431e-008 1.606387878719017e-008 1.607938666988517e-008 1.609363569551542e-008 1.610614169686916e-008 1.611804524933397e-008 1.612743856004165e-008 1.613244345099662e-008 1.613568461482047e-008 1.613413800530531e-008
1.496942125861575e-008 1.490634681857964e-008 1.482762223595882e-008 1.476369985209154e-008 1.474121020013607e-008 1.475779536119468e-008 1.478572604289292e-008 1.484230777651775e-008 1.489357526626723e-008 1.494290028911677e-008 1.499178272099561e-008 1.503640628187384e-008 1.507898470960509e-008 1.512027777003906e-008 1.515850761307479e-008 1.519321259649856e-008 1.523025198728354e-008 1.526486356040121e-008 1.529547430102988e-008 1.532249013899863e-008 1.535015179837769e-008 1.537911029349074e-008 1.540547533651908e-008 1.543074143201643e-008 1.545223253375108e-008 1.547458164126111e-008 1.549800301744887e-008 1.551738236547632e-008 1.553446133425446e-008 1.555095856319617e-008 1.556562650555896e-008 1.557863195581299e-008 1.559006538652308e-008 1.560122272130919e-008 1.5609476014171e-008 1.561362989298364e-008 1.561612530595895e-008 1.561390098412233e-008
1.446791707265301e-008 1.439969791481563e-008 1.433145327821664e-008 1.427726683207197e-008 1.423590498161743e-008 1.424010000358652e-008 1.429119537186844e-008 1.434136624825212e-008 1.439180269228931e-008 1.444206882510273e-008 1.448886010349771e-008 1.453347898524215e-008 1.457632390560174e-008 1.461910482703605e-008 1.4658598785065e-008 1.46921249721368e-008 1.47259397112772e-008 1.475758076483691e-008 1.478641847371744e-008 1.481499624425295e-008 1.484376194620306e-008 1.487132534832919e-008 1.489721281484535e-008 1.492310053684436e-008 1.4944217990462e-008 1.496590721440492e-008 1.49851547544355e-008 1.500111112662848e-008 1.501692160843996e-008 1.503274132224384e-008 1.504728200408655e-008 1.50590462089341e-008 1.506958007198192e-008 1.507813637886899e-008 1.508500737798805e-008 1.508838948336391e-008 1.50892473138542e-008 1.508623995154724e-008
1.396321110399501e-008 1.389500986810719e-008 1.382986438057444e-008 1.37794080935708e-008 1.373131209819754e-008 1.373338685002987e-008 1.379143132605939e-008 1.384030289560457e-008 1.388864015717325e-008 1.393877732952465e-008 1.3983618850715e-008 1.402820514482134e-008 1.40704640255628e-008 1.411323707555346e-008 1.415194375133941e-008 1.418471507647019e-008 1.421688610049572e-008 1.424739870309116e-008 1.427526301773715e-008 1.430338489632955e-008 1.433179062654571e-008 1.43579315027764e-008 1.438306031478929e-008 1.440770286939441e-008 1.442791055796716e-008 1.444836616214281e-008 1.446599904030194e-008 1.448019846205112e-008 1.449501275258059e-008 1.45091642848493e-008 1.45234075441552e-008 1.453368695867633e-008 1.454359227535083e-008 1.455082582842891e-008 1.455663542905328e-008 1.455967425363141e-008 1.455879574904425e-008 1.45560146609492e-008
1.345178119288534e-008 1.339104527993094e-008 1.332085802382632e-008 1.326154292856223e-008 1.323907960148502e-008 1.324925552355734e-008 1.327965877695198e-008 1.333640421495751e-008 1.338420180220333e-008 1.343050015367984e-008 1.347403177957742e-008 1.351922498244132e-008 1.356260609794921e-008 1.360182148650487e-008 1.363770894016698e-008 1.367133530585208e-008 1.370333721744135e-008 1.373328691931211e-008 1.376187748932858e-008 1.378966183829894e-008 1.381513829326251e-008 1.383963494552435e-008 1.38627186540391e-008 1.388368437983221e-008 1.390311624558632e-008 1.392269436764282e-008 1.393895065001469e-008 1.39536247323736e-008 1.396568817228546e-008 1.397916858374049e-008 1.399176158298389e-008 1.400183495693517e-008 1.401084597270909e-008 1.401675065920548e-008 1.402272125954685e-008 1.402519046401873e-008 1.402387403805729e-008 1.40180658106762e-008
1.294083019689253e-008 1.288398222322562e-008 1.28124177408235e-008 1.275158432544504e-008 1.27356901165505e-008 1.274763503308748e-008 1.277246108754639e-008 1.283158695663696e-008 1.28773158260564e-008 1.29219513898885e-008 1.296415577467305e-008 1.300840074931544e-008 1.305081867557694e-008 1.308811374767171e-008 1.312241414905135e-008 1.315536854493329e-008 1.318663280019639e-008 1.321592510320244e-008 1.324387632796058e-008 1.327042906976741e-008 1.329400454265589e-008 1.331702749091713e-008 1.33387442061776e-008 1.335842071312727e-008 1.337738096216447e-008 1.339515482395109e-008 1.341132717853263e-008 1.342442728494193e-008 1.343602994143779e-008 1.3448094145186e-008 1.345975600424258e-008 1.346916056763577e-008 1.347706345833077e-008 1.348259930244449e-008 1.34867833958418e-008 1.348932315053302e-008 1.348713916738219e-008 1.348148115596622e-008
1.243009431519297e-008 1.237307433755242e-008 1.230511833014649e-008 1.224873838159099e-008 1.223016779365706e-008 1.224040068580085e-008 1.226691185659352e-008 1.232202486877007e-008 1.236736451685253e-008 1.241368833783282e-008 1.245741868048627e-008 1.249682819782599e-008 1.253525700598353e-008 1.257090274379177e-008 1.260404734657852e-008 1.263604412903669e-008 1.2666810592421e-008 1.269538419742831e-008 1.27217393749202e-008 1.274633466019674e-008 1.276735543146477e-008 1.278549652685468e-008 1.280852020186667e-008 1.283056518749069e-008 1.284887849850819e-008 1.286438425889594e-008 1.287908646602854e-008 1.289235649062207e-008 1.290342887123452e-008 1.291486114250343e-008 1.292463205307896e-008 1.293365300104842e-008 1.294154716316629e-008 1.294622882823234e-008 1.294741094548542e-008 1.294760489457395e-008 1.294805896025425e-008 1.294437186786238e-008
1.191610484265298e-008 1.186137038939286e-008 1.179524139363653e-008 1.173644887295601e-008 1.171684722853405e-008 1.172955593590785e-008 1.175613165627888e-008 1.181228526039031e-008 1.185551057253876e-008 1.190134556258162e-008 1.19434375657356e-008 1.198069566022599e-008 1.201713351525099e-008 1.205076347780455e-008 1.208289543827675e-008 1.211352135372545e-008 1.214342050771424e-008 1.217111504448169e-008 1.219628097293756e-008 1.222001145629961e-008 1.223985434862972e-008 1.225655042040865e-008 1.22789331112512e-008 1.230032523612562e-008 1.231790262030314e-008 1.233289598294067e-008 1.234698028344151e-008 1.236002799035545e-008 1.236925773582057e-008 1.238000982197994e-008 1.238809377558389e-008 1.239630648968003e-008 1.240357787437179e-008 1.240786232635356e-008 1.240819454383658e-008 1.240760833891169e-008 1.24075234429726e-008 1.240325890132361e-008
