data/gpsIIR_gridfiles/GPSIIRnapShroudZ-R100-Q43W19S0.grd
DSAA
361 181
-180 180
-90 90
-2.8840487393059E-008 2.9294798529163E-008
[rows 85 to 101 of 181, columns 114 to 151 of 361]
2.382994973448934e-009 2.386054628289516e-009 2.389575377489241e-009 2.390123978739606e-009 2.391982217001468e-009 2.391234554841637e-009 2.391218651278739e-009 2.389461315991555e-009 2.389049230326615e-009 2.389799977283916e-009 2.386735989498124e-009 2.382527031267217e-009 2.377334301769229e-009 2.370297061107994e-009 2.363977979470873e-009 2.357065430804455e-009 2.349517694338364e-009 2.34112674302549e-009 2.332439287751662e-009 2.321865827176444e-009 2.313213045153819e-009 2.309485718782737e-009 2.303708887677238e-009 2.297293373888245e-009 2.289692640674182e-009 2.282176430466526e-009 2.277722734948568e-009 2.278683638032005e-009 2.279682563994071e-009 2.277310465093637e-009 2.274289239003537e-009 2.270436873111366e-009 2.265344211064661e-009 2.25844255848178e-009 2.249489016872044e-009 2.241849393476746e-009 2.233338304616697e-009 2.224476454740021e-009
1.788629983219279e-009 1.790752313527792e-009 1.794080197077135e-009 1.794400663555626e-009 1.796491930120126e-009 1.796145072161306e-009 1.796982536703087e-009 1.795771090791111e-009 1.796444160731212e-009 1.797601561898936e-009 1.795806420988628e-009 1.792819423927329e-009 1.789441644443191e-009 1.784352907268718e-009 1.780092281643476e-009 1.774753138007832e-009 1.768990144400586e-009 1.762553419160533e-009 1.755894630361608e-009 1.747776832516499e-009 1.741307969666521e-009 1.739625857931562e-009 1.735987235996844e-009 1.73208374010778e-009 1.726159790836832e-009 1.721718869339001e-009 1.717438518802913e-009 1.719680630932087e-009 1.72044363666511e-009 1.719983985742177e-009 1.717429229675506e-009 1.715905654480876e-009 1.712006791084883e-009 1.708179952418735e-009 1.70014872009457e-009 1.695038108229499e-009 1.687013573207877e-009 1.680582235785367e-009
1.197334298340351e-009 1.199643860784967e-009 1.201468269131828e-009 1.202107145143054e-009 1.203748033406209e-009 1.203375111229467e-009 1.205211402205928e-009 1.203938111280764e-009 1.205976631484924e-009 1.202196243244505e-009 1.202761618335447e-009 1.19921350883176e-009 1.199907577068403e-009 1.1970540585448e-009 1.199284208114719e-009 1.191314251338037e-009 1.19054590533117e-009 1.182575783488521e-009 1.181941301445938e-009 1.173303993216561e-009 1.1723386612977e-009 1.168758738428425e-009 1.174152340399378e-009 1.166895130136658e-009 1.165401090203619e-009 1.159825646299534e-009 1.161762820394054e-009 1.159102201473434e-009 1.163143320262689e-009 1.160874175067624e-009 1.161587792117787e-009 1.159559062700295e-009 1.161648952681434e-009 1.158599005319479e-009 1.15374202196941e-009 1.149733990750138e-009 1.141697881842062e-009 1.137480460224719e-009
5.982294067061613e-010 6.004822948391572e-010 6.018750915438576e-010 6.010161886969771e-010 6.041188647379192e-010 6.007684260438241e-010 6.062366974639488e-010 6.006634147428815e-010 6.080269491521542e-010 5.983944084827024e-010 6.063669425101239e-010 5.964448527667509e-010 6.062077980193414e-010 5.965941396486904e-010 6.086648471624975e-010 5.940266954407064e-010 6.037549244580864e-010 5.89358495037185e-010 5.995436747946812e-010 5.855839823118506e-010 5.946076480544795e-010 5.84918333982967e-010 5.987841595764511e-010 5.861302338753253e-010 5.932020329253591e-010 5.822170571518695e-010 5.909576750357601e-010 5.832592250734413e-010 5.921638676059084e-010 5.860107909166122e-010 5.910504328748321e-010 5.870441261904111e-010 5.912763207231795e-010 5.884181905831795e-010 5.854888701636678e-010 5.836009093977789e-010 5.760351460007232e-010 5.759284638379359e-010
-3.475995202524507e-011 -3.043940052865863e-011 -3.152359116401046e-011 -3.015455553919457e-011 -3.058567154537862e-011 -3.175186554227097e-011 -2.812653148453318e-011 -3.136148195120656e-011 -2.546948675920536e-011 -3.105389125282699e-011 -2.293931930072358e-011 -2.999378872004341e-011 -2.002134651077384e-011 -2.846739349513817e-011 -1.676996537453142e-011 -2.714248490322577e-011 -1.537412996500191e-011 -2.627391348035193e-011 -1.269283473930856e-011 -2.194517364070568e-011 -9.848782269264232e-012 -1.97454387266982e-011 -6.269618482959602e-012 -1.6913115783728e-011 -6.170990668058979e-012 -1.885398976298939e-011 -7.344137764974303e-012 -1.633381859944705e-011 -5.901296313309702e-012 -1.39774198025223e-011 -5.524003200423798e-012 -1.208569667449967e-011 -5.861504299566113e-012 -1.10159179178602e-011 -8.106581197208709e-012 -1.126903577848266e-011 -1.172558482141851e-011 -1.365429637469014e-011
-5.95502133895734e-010 -5.913355147424733e-010 -5.920154387655381e-010 -5.905459321799786e-010 -5.90682501364307e-010 -5.913603953223735e-010 -5.874424507766887e-010 -5.898213680261519e-010 -5.835820531723683e-010 -5.876111447237973e-010 -5.788874713134572e-010 -5.84213904471058e-010 -5.738048222969049e-010 -5.801932448362505e-010 -5.682659058669954e-010 -5.755663089000379e-010 -5.629857296727975e-010 -5.702698006584299e-010 -5.554975069689489e-010 -5.610146766336777e-010 -5.468996006072077e-010 -5.534549332623396e-010 -5.383730608162461e-010 -5.453627633085606e-010 -5.321464047695463e-010 -5.416094965443525e-010 -5.287742391335672e-010 -5.35666574665524e-010 -5.247514552658467e-010 -5.304968746946708e-010 -5.214372989852512e-010 -5.255800003803272e-010 -5.186047903310207e-010 -5.209874572644993e-010 -5.164426907873503e-010 -5.165824972399483e-010 -5.145745793915232e-010 -5.130348106851603e-010
-1.087077852034577e-009 -1.082866338383063e-009 -1.082840832276884e-009 -1.082643288151357e-009 -1.08101920047205e-009 -1.082089227380928e-009 -1.077955812580598e-009 -1.080858249748305e-009 -1.074856120357729e-009 -1.077978012051454e-009 -1.06984480864967e-009 -1.074208478964687e-009 -1.064660109863086e-009 -1.069243297919631e-009 -1.058336458990463e-009 -1.063421613895885e-009 -1.051645066953804e-009 -1.05562383084809e-009 -1.042225566308383e-009 -1.043902659143111e-009 -1.029024544998836e-009 -1.029907858625023e-009 -1.013722818115382e-009 -1.01534548143699e-009 -9.99998206473309e-010 -1.002692881712626e-009 -9.917417366811725e-010 -9.941150483852799e-010 -9.855077758195424e-010 -9.868450493214079e-010 -9.789948896506498e-010 -9.790804515492287e-010 -9.729604485317623e-010 -9.714308433512919e-010 -9.666963107499502e-010 -9.634517240548971e-010 -9.595953399677557e-010 -9.545405462332506e-010
-1.59716673383444e-009 -1.595248701157294e-009 -1.594786614724264e-009 -1.594987220799648e-009 -1.594237488449515e-009 -1.593473232579707e-009 -1.591625396567083e-009 -1.590871882966278e-009 -1.588916557045356e-009 -1.586819903270512e-009 -1.584048782117179e-009 -1.581712665073222e-009 -1.578407130188441e-009 -1.575113193770237e-009 -1.571077652838395e-009 -1.567363492585084e-009 -1.562421566560329e-009 -1.556862686627821e-009 -1.549907402842146e-009 -1.541687372830253e-009 -1.533094179417467e-009 -1.524270481924085e-009 -1.514721638970789e-009 -1.506934772699755e-009 -1.495254496451621e-009 -1.486324755086011e-009 -1.480373695350415e-009 -1.473766778532932e-009 -1.470147229458969e-009 -1.464646587682714e-009 -1.460544572799352e-009 -1.455261280446642e-009 -1.450818296275221e-009 -1.445111242631424e-009 -1.440063474214191e-009 -1.434112371656995e-009 -1.428557252307674e-009 -1.422865357265753e-009
-2.102535353171979e-009 -2.103863026074692e-009 -2.102551739218769e-009 -2.103618048766218e-009 -2.102640215959522e-009 -2.101800655260052e-009 -2.097240452657705e-009 -2.096191848752086e-009 -2.093713819547972e-009 -2.091708886852102e-009 -2.089135403676941e-009 -2.085883125141005e-009 -2.082311998671385e-009 -2.077869817120153e-009 -2.07430891087557e-009 -2.068577778863808e-009 -2.063946701845264e-009 -2.056062191256009e-009 -2.047431702014344e-009 -2.037056527732555e-009 -2.027365952495635e-009 -2.01653227935046e-009 -2.01151210548609e-009 -2.003090638010648e-009 -1.984075359959515e-009 -1.966627007473599e-009 -1.958671674882479e-009 -1.949086544776004e-009 -1.944584413434227e-009 -1.937349126358053e-009 -1.932980240412517e-009 -1.925959686885091e-009 -1.920383707305768e-009 -1.911962945376436e-009 -1.905743819747771e-009 -1.89659755389426e-009 -1.89107065885981e-009 -1.885706460256687e-009
-2.61717726668592e-009 -2.618427894780047e-009 -2.618634132020178e-009 -2.619375594608938e-009 -2.619517732825166e-009 -2.618277155444159e-009 -2.614382029620578e-009 -2.612672087095775e-009 -2.610268554459482e-009 -2.607549891290018e-009 -2.604557430774797e-009 -2.600579913480762e-009 -2.596040974641975e-009 -2.591099419516282e-009 -2.586263301930783e-009 -2.579965440804782e-009 -2.572979188225739e-009 -2.564114892972452e-009 -2.552286124857404e-009 -2.541216173391321e-009 -2.528660601549646e-009 -2.518112638641357e-009 -2.511100627718079e-009 -2.501210701144171e-009 -2.478746844916519e-009 -2.459586667623488e-009 -2.447386184449811e-009 -2.438573736052831e-009 -2.430600921438786e-009 -2.423603833026417e-009 -2.416139714953608e-009 -2.409059038959805e-009 -2.400410512195514e-009 -2.39149402158748e-009 -2.382518770228661e-009 -2.373215913751644e-009 -2.365142169322067e-009 -2.357661202772748e-009
-3.135702539528178e-009 -3.1371374067476e-009 -3.138794203660035e-009 -3.139499436033122e-009 -3.14068116631977e-009 -3.13978245085847e-009 -3.139014886243328e-009 -3.136497349892362e-009 -3.133180258032229e-009 -3.129611252068838e-009 -3.124736469351303e-009 -3.119934186566915e-009 -3.113341321843347e-009 -3.107457716945053e-009 -3.102156573938331e-009 -3.094476838093349e-009 -3.085052099726036e-009 -3.073491124072788e-009 -3.059051753740894e-009 -3.044585573674021e-009 -3.031796336724702e-009 -3.018858450268715e-009 -3.013413434690152e-009 -3.003373469400739e-009 -2.975771210989549e-009 -2.950148115137737e-009 -2.940912751744981e-009 -2.932896629130619e-009 -2.923061062517776e-009 -2.913332448872438e-009 -2.904992484338421e-009 -2.896144378986675e-009 -2.885878445428583e-009 -2.874468062460928e-009 -2.864385355001999e-009 -2.856079021082463e-009 -2.844659976324886e-009 -2.834485231769801e-009
-3.655487705716177e-009 -3.657811146843992e-009 -3.660046721690568e-009 -3.66150544368024e-009 -3.663130154745866e-009 -3.663015108764722e-009 -3.662958396226793e-009 -3.661370987085928e-009 -3.657932483739517e-009 -3.654596648283198e-009 -3.649318310917147e-009 -3.644306110306137e-009 -3.637358544053442e-009 -3.630874014496628e-009 -3.624903297641924e-009 -3.616018785523469e-009 -3.605471689415175e-009 -3.591309067690097e-009 -3.575046018837746e-009 -3.557600111313496e-009 -3.542434824715279e-009 -3.528467639531394e-009 -3.519972871839795e-009 -3.507922729223789e-009 -3.480915602003072e-009 -3.454761426342043e-009 -3.443742809732463e-009 -3.433438153233074e-009 -3.423841384523699e-009 -3.411678331255624e-009 -3.402936701761106e-009 -3.390530835165991e-009 -3.379128075545096e-009 -3.364598819677849e-009 -3.352991926962107e-009 -3.340396825811504e-009 -3.326622317010884e-009 -3.31273110661684e-009
-4.176872698946439e-009 -4.179973670610935e-009 -4.183090839979754e-009 -4.185184400428808e-009 -4.18695475654441e-009 -4.187049503271292e-009 -4.188611856267616e-009 -4.189225283500679e-009 -4.187086478132856e-009 -4.184400741091944e-009 -4.179939495453177e-009 -4.175490388696071e-009 -4.169223491031995e-009 -4.163257560369185e-009 -4.155333194292109e-009 -4.147973616451518e-009 -4.135620600447831e-009 -4.1182768613203e-009 -4.101029732417839e-009 -4.076193121872277e-009 -4.057805230858712e-009 -4.045240003351392e-009 -4.030467057456434e-009 -4.013742169071881e-009 -3.992963456792229e-009 -3.970823506531465e-009 -3.954282657290597e-009 -3.942545226932981e-009 -3.933360175156403e-009 -3.920419100979954e-009 -3.910083023832835e-009 -3.894276167897139e-009 -3.87994502239574e-009 -3.862860772354376e-009 -3.848681863828551e-009 -3.83015610160506e-009 -3.811600984017848e-009 -3.793534514926693e-009
-4.701069843454713e-009 -4.705187045639765e-009 -4.709529014658561e-009 -4.712186289207011e-009 -4.715227606820806e-009 -4.715505061613389e-009 -4.718293228259178e-009 -4.718667425374651e-009 -4.717389432688574e-009 -4.71429685967363e-009 -4.710494116273981e-009 -4.705593804845139e-009 -4.699836203628709e-009 -4.693109932374008e-009 -4.684836739493792e-009 -4.67607926229393e-009 -4.662370722326961e-009 -4.643979453235069e-009 -4.624613040011787e-009 -4.599566204543139e-009 -4.578415635137822e-009 -4.56422712510436e-009 -4.547798493176041e-009 -4.532135546006728e-009 -4.507294865928158e-009 -4.483317923568399e-009 -4.463985830694603e-009 -4.451397589647332e-009 -4.43946599467257e-009 -4.426124669593243e-009 -4.412343232132579e-009 -4.395400803499127e-009 -4.377043983686559e-009 -4.356405942681304e-009 -4.338285764277332e-009 -4.317009223417999e-009 -4.296051015474362e-009 -4.274438074465113e-009
-5.227409633302134e-009 -5.233691854432999e-009 -5.240149132913189e-009 -5.244036295435391e-009 -5.248800867372253e-009 -5.250625098098197e-009 -5.253390323851002e-009 -5.252781818858808e-009 -5.25032377282747e-009 -5.247349425519579e-009 -5.243064664353902e-009 -5.238154676149292e-009 -5.232885699224436e-009 -5.225582024155109e-009 -5.217189877180237e-009 -5.205675003227517e-009 -5.190268501025964e-009 -5.172083769846072e-009 -5.151540144354788e-009 -5.13063041091824e-009 -5.106567059998038e-009 -5.086600305935752e-009 -5.074541827935242e-009 -5.066649299332929e-009 -5.03139408992223e-009 -4.993435194922544e-009 -4.975369081137175e-009 -4.962792185088439e-009 -4.947325041968564e-009 -4.932547971953427e-009 -4.915640582156102e-009 -4.897656291307768e-009 -4.876072466556457e-009 -4.846817353128224e-009 -4.823840113431775e-009 -4.803171701610848e-009 -4.779905110203758e-009 -4.755173644838399e-009
-5.756830386403642e-009 -5.764156083244272e-009 -5.770546351080181e-009 -5.775302230749725e-009 -5.780189368808225e-009 -5.782935189362962e-009 -5.785373110305254e-009 -5.785005744890019e-009 -5.782470405851617e-009 -5.779768901482706e-009 -5.775717196573857e-009 -5.770787071841814e-009 -5.76571669739986e-009 -5.757713563526873e-009 -5.749243976431953e-009 -5.736071587097843e-009 -5.720435439483844e-009 -5.700028169976146e-009 -5.678898193121237e-009 -5.6548081330223e-009 -5.629547845301164e-009 -5.607279010311359e-009 -5.594147425528077e-009 -5.581217032324371e-009 -5.54463867483773e-009 -5.508012141686122e-009 -5.489480400608494e-009 -5.474696435597455e-009 -5.458182819944439e-009 -5.441180599712076e-009 -5.422438585768223e-009 -5.401820520206828e-009 -5.376896788411925e-009 -5.346531151934799e-009 -5.321289285599798e-009 -5.298611869171998e-009 -5.273576858274156e-009 -5.247537320553641e-009
-6.293377094828572e-009 -6.297220963675603e-009 -6.302423909016668e-009 -6.306679642564831e-009 -6.310826101859074e-009 -6.315001939183142e-009 -6.31647030169593e-009 -6.316445543200731e-009 -6.315010887634264e-009 -6.3134000770354e-009 -6.310282958009871e-009 -6.306018402820829e-009 -6.300773581923275e-009 -6.292724510708277e-009 -6.283728024688763e-009 -6.26973467117318e-009 -6.25388860745184e-009 -6.231826654109743e-009 -6.208148361928049e-009 -6.179746079056669e-009 -6.148423023576837e-009 -6.127012656677153e-009 -6.112421615229923e-009 -6.08778803956297e-009 -6.046845710052077e-009 -6.02106583768333e-009 -6.008830475942572e-009 -5.991085940577312e-009 -5.972146483593327e-009 -5.952928968416272e-009 -5.932515235237209e-009 -5.9102257348634e-009 -5.87928169517582e-009 -5.849608416363594e-009 -5.824728345008992e-009 -5.801150789454299e-009 -5.77465077581663e-009 -5.749145628284198e-009
