data/gpsIIR_gridfiles/GPSIIRnonapShroudY-R100-Q50W50S0.grd
DSAA
361 181
-180 180
-90 90
-3.5245714920859E-008 3.544718437806E-008
[rows 51 to 67 of 181, columns 156 to 194 of 361]
1.080125789394848e-008 1.032730791418068e-008 9.849026655004397e-009 9.373047031937352e-009 8.898519238436874e-009 8.421417754162273e-009 7.945869981320166e-009 7.467199278904974e-009 6.995680835482617e-009 6.536159435346037e-009 6.080925262235798e-009 5.622193525904594e-009 5.161975760938751e-009 4.704641567362451e-009 4.247984612827481e-009 3.788354620760023e-009 3.340264950826548e-009 2.902826806267421e-009 2.469888169654238e-009 2.040654192380907e-009 1.624808934138229e-009 1.208224480732815e-009 7.704563211611354e-010 3.289449617834677e-010 -9.315294529390657e-011 -5.116859763690375e-010 -9.19745090943068e-010 -1.33471271433741e-009 -1.747915452116864e-009 -2.168257822008159e-009 -2.595999572652641e-009 -3.031515702706167e-009 -3.471671135772199e-009 -3.920044688142932e-009 -4.374329645627837e-009 -4.829188427540865e-009 -5.291526008065132e-009 -5.759277435832411e-009 -6.221831765125129e-009
1.094873228949639e-008 1.04677274839468e-008 9.982604957829483e-009 9.499013616095435e-009 9.015546291185617e-009 8.530303451720777e-009 8.04681203703041e-009 7.561822286209011e-009 7.084236922556924e-009 6.616779944815833e-009 6.154184864284748e-009 5.689757660182601e-009 5.224797588283758e-009 4.761142414879531e-009 4.299090764354557e-009 3.837128118886358e-009 3.381524687679084e-009 2.9327439332431e-009 2.490466766054463e-009 2.05848575898105e-009 1.638341483114397e-009 1.212254444126927e-009 7.676800893471309e-010 3.168536338040191e-010 -1.075537380608712e-010 -5.266604266001886e-010 -9.4179693111325e-010 -1.358632106959095e-009 -1.775868886734625e-009 -2.201068817718814e-009 -2.63557596581419e-009 -3.077351747390869e-009 -3.523040030841445e-009 -3.978951753127135e-009 -4.437040470242827e-009 -4.896508604860782e-009 -5.360994542663265e-009 -5.832643470692493e-009 -6.30266147774811e-009
1.109266238386509e-008 1.060357351146939e-008 1.011329762972827e-008 9.624113939007342e-009 9.129405864163483e-009 8.636084696853866e-009 8.144977663271855e-009 7.650715902756069e-009 7.165648842744917e-009 6.693070034242142e-009 6.224500462670011e-009 5.753907824459237e-009 5.283748436359576e-009 4.814279533900868e-009 4.347830862702429e-009 3.88400821453167e-009 3.425030771515931e-009 2.959504468181734e-009 2.501114334895884e-009 2.068917602321106e-009 1.655425873767274e-009 1.228132004704402e-009 7.642238235739048e-010 2.849403046577105e-010 -1.334132537630529e-010 -5.370077489809848e-010 -9.637940690695684e-010 -1.381309918429527e-009 -1.797266192262608e-009 -2.229370220028544e-009 -2.671485232939242e-009 -3.121624909488287e-009 -3.569749412393351e-009 -4.034356073155099e-009 -4.498980827531315e-009 -4.957271771432666e-009 -5.423986233245375e-009 -5.900769443235915e-009 -6.377541708260964e-009
1.122527421390267e-008 1.073004046782933e-008 1.023368991101778e-008 9.736814125218576e-009 9.237280985841258e-009 8.735688931877807e-009 8.235233934823582e-009 7.735756277026527e-009 7.245297150789765e-009 6.765599690781687e-009 6.28956448830445e-009 5.814606381038146e-009 5.340580132417195e-009 4.864803138018483e-009 4.391926198019312e-009 3.921389255873408e-009 3.453983392231259e-009 2.986328730134119e-009 2.526498488124133e-009 2.083627781367466e-009 1.655428332601723e-009 1.225742354531052e-009 7.769721856468583e-010 3.162824524022746e-010 -1.065581905122594e-010 -5.278476980713111e-010 -9.672974747773693e-010 -1.39795299534388e-009 -1.822435070240746e-009 -2.255360998332404e-009 -2.697963332080029e-009 -3.14936570158748e-009 -3.601263231234913e-009 -4.070238052089885e-009 -4.540786599312534e-009 -5.010287315835242e-009 -5.488426053142652e-009 -5.97142251003898e-009 -6.455944197172982e-009
1.134814261665078e-008 1.08486909456451e-008 1.034646002467006e-008 9.843100893220127e-009 9.340899054662747e-009 8.833865683845383e-009 8.317770871825668e-009 7.812870569711029e-009 7.31941117448336e-009 6.833796228990953e-009 6.349602596260831e-009 5.87195143288124e-009 5.394850830036162e-009 4.912804365600753e-009 4.430447869186024e-009 3.955623984750806e-009 3.478906639804002e-009 3.011246903821505e-009 2.548918074858484e-009 2.092728555881924e-009 1.650344503267852e-009 1.226980833545132e-009 7.982723669470295e-010 3.537401302927827e-010 -6.338130140196696e-011 -5.005535194601643e-010 -9.666402484736257e-010 -1.418768862457399e-009 -1.84509296107856e-009 -2.274110726188077e-009 -2.720331085523842e-009 -3.170514174242007e-009 -3.624061014325725e-009 -4.099887327422889e-009 -4.578402549004004e-009 -5.05778487412875e-009 -5.548219092335206e-009 -6.041185539468076e-009 -6.531496758583189e-009
1.146835227531185e-008 1.096128044858676e-008 1.045234590243632e-008 9.941530852660149e-009 9.431138006520019e-009 8.916727617350566e-009 8.396346965957452e-009 7.884919383558338e-009 7.384053363065538e-009 6.892310419035892e-009 6.403495278561908e-009 5.921306247710316e-009 5.439177900430009e-009 4.953813174172665e-009 4.467386023664723e-009 3.986010840420823e-009 3.503758474951334e-009 3.03025739712454e-009 2.564249447803619e-009 2.106474585205139e-009 1.660592674555791e-009 1.228832480778606e-009 7.962847149512901e-010 3.605854753669849e-010 -6.939108434730561e-011 -5.099128144103021e-010 -9.65873823741481e-010 -1.417788361119853e-009 -1.854384038160396e-009 -2.291128936611065e-009 -2.741795495611538e-009 -3.198348161566022e-009 -3.662523961292113e-009 -4.139087314250436e-009 -4.622614421260142e-009 -5.10947996945223e-009 -5.603772085188149e-009 -6.101317138558952e-009 -6.600566489570973e-009
1.158234401684857e-008 1.106770782305924e-008 1.05495854486109e-008 1.003238889990533e-008 9.513148865642258e-009 8.993567919308577e-009 8.467470276379841e-009 7.945490039570545e-009 7.440000334964615e-009 6.943509764313571e-009 6.449270985295529e-009 5.964650945211078e-009 5.480559605227872e-009 4.989838320259215e-009 4.499764784482448e-009 4.01537362577544e-009 3.524349128511227e-009 3.044386722031946e-009 2.57707235546225e-009 2.117295198526503e-009 1.667147941338827e-009 1.230009975370309e-009 7.8787079496764e-010 3.598254373922887e-010 -7.934757462340261e-011 -5.190244873435179e-010 -9.689590519637607e-010 -1.422303390157442e-009 -1.863118836773472e-009 -2.300742712596658e-009 -2.76009251255586e-009 -3.227145766795174e-009 -3.698209893781869e-009 -4.178842046038539e-009 -4.666600873971888e-009 -5.157987623014861e-009 -5.657414687932635e-009 -6.15872426123682e-009 -6.665777850788628e-009
1.16929323583572e-008 1.117090737380029e-008 1.064571748055963e-008 1.012001430507497e-008 9.592786500888778e-009 9.0650711769075e-009 8.533861374925955e-009 8.00660286104059e-009 7.490683801664432e-009 6.988834206019098e-009 6.492662406468596e-009 6.001135096110054e-009 5.511460248318971e-009 5.016684185137584e-009 4.525057182065108e-009 4.03588456536713e-009 3.544642608038407e-009 3.060013970454102e-009 2.587403784526592e-009 2.126492954353068e-009 1.674808886240842e-009 1.234172992663725e-009 7.96776122960466e-010 3.654086030918396e-010 -6.96247869139871e-011 -5.047946875901933e-010 -9.669710151260701e-010 -1.431087269890513e-009 -1.88118729846584e-009 -2.326128658274294e-009 -2.78605430620035e-009 -3.25588216405827e-009 -3.732318471911837e-009 -4.216598034208667e-009 -4.70764775156621e-009 -5.204321551407762e-009 -5.708509458264182e-009 -6.216378463760217e-009 -6.727418420776314e-009
1.179964200432472e-008 1.127024728974073e-008 1.07377267445349e-008 1.020240341441606e-008 9.668124114246354e-009 9.130620103586254e-009 8.598384691146261e-009 8.060247039947753e-009 7.529954300391748e-009 7.02519347677435e-009 6.53280939456732e-009 6.033789649894071e-009 5.534425399619099e-009 5.036222807623696e-009 4.544114332174154e-009 4.054810387773335e-009 3.564499720390005e-009 3.070012142642559e-009 2.593523985238458e-009 2.133562830445221e-009 1.679029006981773e-009 1.235661068551102e-009 8.086734123858564e-010 3.671956884240277e-010 -5.547611371435815e-011 -4.634994985814482e-010 -9.65983735212183e-010 -1.45652763320143e-009 -1.90792009350985e-009 -2.349300736302451e-009 -2.809319058753262e-009 -3.284958888992445e-009 -3.766273979657347e-009 -4.252753670900642e-009 -4.746846420550721e-009 -5.245946022395686e-009 -5.756936367836067e-009 -6.272484893002938e-009 -6.783425341963344e-009
1.190122866593274e-008 1.136390739768495e-008 1.082480662382553e-008 1.028180189877757e-008 9.738398193139556e-009 9.193714997739307e-009 8.65260933942346e-009 8.110198066870147e-009 7.578330725423644e-009 7.064145641755694e-009 6.562646848514299e-009 6.060920877199389e-009 5.558292403134152e-009 5.057926143921299e-009 4.559389185546008e-009 4.066871703763326e-009 3.573339991820714e-009 3.082263005032913e-009 2.603932375820556e-009 2.139872892170627e-009 1.685126280127212e-009 1.239321494123493e-009 7.943496439217872e-010 3.395996503666377e-010 -9.971248139838894e-011 -5.231494362947248e-010 -1.003242817790856e-009 -1.467652529997928e-009 -1.92049607660593e-009 -2.372795245942693e-009 -2.836863329507516e-009 -3.313370646013458e-009 -3.79665215092117e-009 -4.288116361745841e-009 -4.783697609804593e-009 -5.286331653487721e-009 -5.796411263998016e-009 -6.311484944587868e-009 -6.828356641509658e-009
1.199802744103291e-008 1.145421631691049e-008 1.090680339475013e-008 1.035806610155161e-008 9.802688450074624e-009 9.253393561129833e-009 8.700295877983445e-009 8.155583562089646e-009 7.622297288674691e-009 7.099268263936553e-009 6.586658103046779e-009 6.08567268894529e-009 5.581664220629997e-009 5.074402830942812e-009 4.570289586271166e-009 4.075408452496891e-009 3.579486179864707e-009 3.092199386858248e-009 2.611768341759635e-009 2.143175404726046e-009 1.691541597762958e-009 1.249616140524456e-009 7.806446379352458e-010 2.806541533269513e-010 -1.657628246429187e-010 -5.913121202462657e-010 -1.054609229880309e-009 -1.486812305989387e-009 -1.930439159677713e-009 -2.391625020079921e-009 -2.862439589236558e-009 -3.339255693539491e-009 -3.825537880142491e-009 -4.322461371661728e-009 -4.816679008248029e-009 -5.322223906586483e-009 -5.831909139645418e-009 -6.345268775905008e-009 -6.86811273081032e-009
1.208678068914948e-008 1.15387041600583e-008 1.098353840478344e-008 1.042760318743978e-008 9.866398493806179e-009 9.307614549597757e-009 8.749470719840996e-009 8.198633754800579e-009 7.6582698318476e-009 7.131976151577835e-009 6.615147606033315e-009 6.107205142715462e-009 5.599721560038321e-009 5.091277605911856e-009 4.588239620167651e-009 4.08984643103889e-009 3.5894788510918e-009 3.096206597052407e-009 2.614483970936863e-009 2.145089355357291e-009 1.688318451042433e-009 1.240912146447944e-009 7.789978022217397e-010 2.986719696383164e-010 -1.53015090334591e-010 -6.005915168695518e-010 -1.05860654168307e-009 -1.50231822553622e-009 -1.945349711251753e-009 -2.40212899042309e-009 -2.873309844514288e-009 -3.351244034273427e-009 -3.8412585030911e-009 -4.340199496903797e-009 -4.840835860079593e-009 -5.349656181167297e-009 -5.862223683928166e-009 -6.381284423670686e-009 -6.90726645748529e-009
1.21700914513536e-008 1.161982634969442e-008 1.105627798961806e-008 1.049253846375066e-008 9.928273397007428e-009 9.355799355501703e-009 8.797012861026778e-009 8.235977281210473e-009 7.686209135963971e-009 7.160404522255619e-009 6.642821089811153e-009 6.12745543367265e-009 5.613685603389043e-009 5.103994632846468e-009 4.607516799644468e-009 4.110653695846217e-009 3.599753178445682e-009 3.093665009282647e-009 2.612900860991779e-009 2.14266647328958e-009 1.679014223324009e-009 1.238627655092524e-009 7.904719685933284e-010 3.23569153110727e-010 -1.250728653958503e-010 -5.919745371859953e-010 -1.064503247550289e-009 -1.518583464014002e-009 -1.950517443380763e-009 -2.404534979694746e-009 -2.87890750798599e-009 -3.356434961697303e-009 -3.851864729065949e-009 -4.355311453970615e-009 -4.861045642686667e-009 -5.373008645125884e-009 -5.889591137947272e-009 -6.414513950145171e-009 -6.943784540874984e-009
1.223983373060173e-008 1.168249012266162e-008 1.111434803963675e-008 1.054535792264289e-008 9.974454817436392e-009 9.400656652015667e-009 8.835812609145799e-009 8.272808756466801e-009 7.720644061743424e-009 7.189029646560967e-009 6.669360965939151e-009 6.153091600170788e-009 5.637880047285252e-009 5.12717549556083e-009 4.623055684392855e-009 4.118362264581493e-009 3.60807321457169e-009 3.101430183753357e-009 2.615190648669581e-009 2.143367032481683e-009 1.680125533655542e-009 1.23224888255269e-009 7.81275437369212e-010 3.239899982404502e-010 -1.291062275601491e-010 -5.924312049459005e-010 -1.063308088063281e-009 -1.518793945749457e-009 -1.959617175144007e-009 -2.415565968618598e-009 -2.88880509787755e-009 -3.372786789820566e-009 -3.868171976007014e-009 -4.373641760926852e-009 -4.883446808071694e-009 -5.399920379787946e-009 -5.921412176679394e-009 -6.449008571125375e-009 -6.983170689399074e-009
1.229873379600673e-008 1.173262265324611e-008 1.11622502741672e-008 1.058763884053308e-008 1.001149487690795e-008 9.438938720259903e-009 8.87315734147768e-009 8.30704694502186e-009 7.749076815726664e-009 7.212517153241284e-009 6.698961826700828e-009 6.182609124128305e-009 5.663048939534393e-009 5.152394992037116e-009 4.638246532042744e-009 4.128520156894456e-009 3.617865375995967e-009 3.103173378581611e-009 2.614156522986158e-009 2.144047811698157e-009 1.676897884926247e-009 1.225403513243425e-009 7.731818284965973e-010 3.147652780755511e-010 -1.205143842606684e-010 -5.890826165496515e-010 -1.069140449561572e-009 -1.527322690998982e-009 -1.963960544337337e-009 -2.417815571812712e-009 -2.899113066029255e-009 -3.388999827179868e-009 -3.884271901104357e-009 -4.392670128814537e-009 -4.904388485663578e-009 -5.426364034310794e-009 -5.952331516521756e-009 -6.482010218068084e-009 -7.021722940573744e-009
1.235987474568163e-008 1.178892919690654e-008 1.121301318348172e-008 1.063229127068577e-008 1.005107566099985e-008 9.469754764092781e-009 8.897973120630036e-009 8.328163660918291e-009 7.770516658789588e-009 7.232664871722753e-009 6.712009337107079e-009 6.194523716692008e-009 5.677395886195551e-009 5.163489171044977e-009 4.64878109450148e-009 4.134960819716355e-009 3.620476928437397e-009 3.109757159206161e-009 2.617413377248948e-009 2.141415731519621e-009 1.675294866472974e-009 1.21923237978599e-009 7.569791208185887e-010 2.849159833449222e-010 -1.621238479093953e-010 -6.177153446026353e-010 -1.079225387850918e-009 -1.531500213669323e-009 -1.97740617407138e-009 -2.434974949348014e-009 -2.911320022532526e-009 -3.400693326166912e-009 -3.89976238653663e-009 -4.408559968138507e-009 -4.92435934973687e-009 -5.447517996690564e-009 -5.976146324575551e-009 -6.509982180894245e-009 -7.051250128157729e-009
1.241829027577067e-008 1.184453407446742e-008 1.126205393823036e-008 1.067402323199838e-008 1.008815822556974e-008 9.491935417662616e-009 8.914058894137017e-009 8.340553637018533e-009 7.779364689485143e-009 7.246561465706644e-009 6.719291237587344e-009 6.199665409601551e-009 5.687483773821487e-009 5.170723740155815e-009 4.656507204922022e-009 4.142981451840189e-009 3.619560207360953e-009 3.11269618423571e-009 2.618405112982089e-009 2.134524555211133e-009 1.672338115190615e-009 1.223518785222408e-009 7.429239676857463e-010 2.33545959793312e-010 -2.243182328806453e-010 -6.467279674374163e-010 -1.096254219809744e-009 -1.538826456820967e-009 -1.991334492209996e-009 -2.450999328394072e-009 -2.923435874160424e-009 -3.412223068546923e-009 -3.916224433927497e-009 -4.423775200940184e-009 -4.943226028219514e-009 -5.467403860745744e-009 -5.997491660580171e-009 -6.535259657965906e-009 -7.077982863402877e-009
