data/gpsIIR_gridfiles/no_nap_antenna/gpsiirY-R100-Q50W50S0.grd
DSAA
361 181
-180 180
-90 90
-3.5245714920859E-008 3.544718437806E-008
[rows 102 to 118 of 181, columns 78 to 116 of 361]
3.525809945311397e-008 3.531330431167161e-008 3.533721839405572e-008 3.533166322721048e-008 3.53109914606831e-008 3.52702466574509e-008 3.521242052240934e-008 3.512689147794986e-008 3.503034245127007e-008 3.490928583408649e-008 3.480196342502982e-008 3.464446278541587e-008 3.45098149048943e-008 3.458927526451425e-008 3.472999712518554e-008 3.481572935355091e-008 3.492272154365189e-008 3.499501618457898e-008 3.505470065712749e-008 3.50919298010972e-008 3.510933374723548e-008 3.511245826320015e-008 3.510519461773548e-008 3.507507370421317e-008 3.50201821105581e-008 3.495265482028599e-008 3.487213125953969e-008 3.47732493367765e-008 3.464577669263147e-008 3.450843709288918e-008 3.435091836331533e-008 3.41831112523241e-008 3.400749823230001e-008 3.382402327760661e-008 3.361717819324374e-008 3.339886517495243e-008 3.315694991820461e-008 3.289960312063808e-008 3.262701714771215e-008
3.516836888384791e-008 3.522218524614392e-008 3.524915879332755e-008 3.524987025405806e-008 3.522487044431621e-008 3.518886212683231e-008 3.512935380083684e-008 3.5052186120048e-008 3.49519190060663e-008 3.483902434011026e-008 3.470166700252578e-008 3.459508710984129e-008 3.45095147557769e-008 3.45258246189784e-008 3.464223302527457e-008 3.474860202887404e-008 3.484376298397818e-008 3.49209269501903e-008 3.497694029545369e-008 3.501011588969668e-008 3.502861820170291e-008 3.502571507413255e-008 3.501410790325458e-008 3.498302915295611e-008 3.49326783634462e-008 3.486492179748487e-008 3.477937813362442e-008 3.467386376645733e-008 3.455215266027934e-008 3.441549303222537e-008 3.426279796840418e-008 3.409463274122932e-008 3.391513011559732e-008 3.373091438502378e-008 3.352704400357049e-008 3.330446269163843e-008 3.306357662791562e-008 3.280729406729005e-008 3.253329454831937e-008
3.507196531446701e-008 3.512602478932225e-008 3.515764709848731e-008 3.515663955885193e-008 3.513120151754876e-008 3.509769933522524e-008 3.503996462405683e-008 3.496659478962034e-008 3.486784800802258e-008 3.476132330012696e-008 3.461740482295364e-008 3.45253684689177e-008 3.443669651222917e-008 3.444003017428138e-008 3.456238677878636e-008 3.466827470244781e-008 3.475635149561972e-008 3.483350914137011e-008 3.488605325180627e-008 3.491830838006296e-008 3.493512199188214e-008 3.492989084855968e-008 3.491489007878771e-008 3.488349801438109e-008 3.483049304215178e-008 3.47624466978736e-008 3.467452785327356e-008 3.456751019608047e-008 3.444671645490737e-008 3.431014776664805e-008 3.41594744367223e-008 3.398984747896282e-008 3.381098994201188e-008 3.362460031340642e-008 3.342242401045578e-008 3.31958788741909e-008 3.295774041480469e-008 3.269979207426626e-008 3.242937606721852e-008
3.497698293930055e-008 3.502408135547417e-008 3.504994677126449e-008 3.505309653983222e-008 3.50351456661383e-008 3.500075323677151e-008 3.494713863963772e-008 3.487219106212653e-008 3.47803222339e-008 3.466325760250991e-008 3.454007804122098e-008 3.442875609895168e-008 3.432548146651544e-008 3.434519921365207e-008 3.446708958173703e-008 3.455817221709587e-008 3.465457614528814e-008 3.47264961280878e-008 3.478258933549757e-008 3.481581062545317e-008 3.483131327236932e-008 3.482852374113602e-008 3.48053521961062e-008 3.476437813320754e-008 3.471140431965642e-008 3.463685620521281e-008 3.455035962256189e-008 3.444255393983832e-008 3.432273684599385e-008 3.418607416986892e-008 3.403462619567141e-008 3.386735920668252e-008 3.368807594217139e-008 3.350117711259202e-008 3.32944997797659e-008 3.306807447047335e-008 3.282401535093302e-008 3.257462711877756e-008 3.230775860902995e-008
3.486527318795539e-008 3.491185502882743e-008 3.493573790761255e-008 3.493992130506285e-008 3.492205911224564e-008 3.489027882880123e-008 3.483741265256647e-008 3.4764604064837e-008 3.467681110100612e-008 3.455995818286824e-008 3.444052113348102e-008 3.432988183192113e-008 3.420628431106149e-008 3.423069900595667e-008 3.436801775543644e-008 3.444894917636388e-008 3.454406490096204e-008 3.461174980995562e-008 3.466736304466136e-008 3.469873543097183e-008 3.471387155583691e-008 3.470946212058362e-008 3.468405571684218e-008 3.463947551598991e-008 3.458563938384672e-008 3.450884645740554e-008 3.442197733742619e-008 3.431325534436055e-008 3.419314270427761e-008 3.405586836077023e-008 3.390385073975816e-008 3.37364451866318e-008 3.3556915841429e-008 3.336904740598093e-008 3.316228353926135e-008 3.293398299324415e-008 3.269070687627746e-008 3.244060843582997e-008 3.217692188102602e-008
3.474397130431276e-008 3.479103199869231e-008 3.482030786736545e-008 3.481918186951919e-008 3.480000359331854e-008 3.476706704420103e-008 3.471427164025272e-008 3.464324494591121e-008 3.454950138565575e-008 3.444249535341217e-008 3.430642808002442e-008 3.421012831534962e-008 3.413330539774824e-008 3.413660303807449e-008 3.423342674324189e-008 3.433456174696138e-008 3.441828084205208e-008 3.449173065057099e-008 3.454103652283161e-008 3.45718918833022e-008 3.45832718467013e-008 3.457625667527852e-008 3.455230738122464e-008 3.451180572034522e-008 3.445550036399196e-008 3.438008064722236e-008 3.429192824056849e-008 3.418163897940424e-008 3.406110597311269e-008 3.39185336838645e-008 3.376377062090744e-008 3.35973024020741e-008 3.341940583669322e-008 3.322647826286525e-008 3.30191893956317e-008 3.279358558739025e-008 3.254806697642924e-008 3.229446537289995e-008 3.203186037408343e-008
3.460250656836083e-008 3.465263628059656e-008 3.468372160168726e-008 3.46806625706392e-008 3.465837407813436e-008 3.462853742386263e-008 3.457501949917041e-008 3.450757527540701e-008 3.441388628104222e-008 3.431379992604968e-008 3.416895451458101e-008 3.408030638197316e-008 3.401027237093713e-008 3.400424913825978e-008 3.410571599206431e-008 3.420523344640746e-008 3.428422254277723e-008 3.43533882245092e-008 3.440001622053028e-008 3.442720262699811e-008 3.443667786340363e-008 3.442796207144985e-008 3.440360975662429e-008 3.43633079676238e-008 3.430578937236155e-008 3.423026026903777e-008 3.414082851996798e-008 3.403065837270139e-008 3.390919057252465e-008 3.37669901644231e-008 3.361003285977415e-008 3.344402673846806e-008 3.326567102144398e-008 3.30729736649993e-008 3.28654320357819e-008 3.264057514174717e-008 3.239546590932347e-008 3.214206834505713e-008 3.188010975682102e-008
3.444868160482694e-008 3.449454527623749e-008 3.451869737886442e-008 3.452253298434424e-008 3.450807995496116e-008 3.447723522893983e-008 3.442730258712343e-008 3.436026452525197e-008 3.426918337769426e-008 3.416789158485652e-008 3.404044806809892e-008 3.391187241810794e-008 3.386793988712848e-008 3.390054331830223e-008 3.396369451052488e-008 3.406120188606153e-008 3.414352131446593e-008 3.420256305674664e-008 3.424535597324394e-008 3.426840634883991e-008 3.427210149777996e-008 3.426411229112554e-008 3.424007110511604e-008 3.419730170462887e-008 3.413728995942724e-008 3.406170837171647e-008 3.396823197733316e-008 3.386042673839012e-008 3.37401859955096e-008 3.360363983073155e-008 3.344572594412707e-008 3.327568725628736e-008 3.309860695686758e-008 3.291007347619029e-008 3.270102606808071e-008 3.247657662887849e-008 3.223786376016538e-008 3.198768501769087e-008 3.172494760393482e-008
3.427454178227407e-008 3.431833725449435e-008 3.434029584109405e-008 3.434616695313901e-008 3.433444124610371e-008 3.430492963340386e-008 3.425740989094583e-008 3.419219495565807e-008 3.410427514976721e-008 3.400783185778795e-008 3.388271686427307e-008 3.373272395476099e-008 3.369369465191185e-008 3.37440202726092e-008 3.380055039912428e-008 3.389986987561722e-008 3.397802669348879e-008 3.403162857929905e-008 3.407075398055566e-008 3.409133644250595e-008 3.409221004021565e-008 3.408321470443463e-008 3.405852854176855e-008 3.401382142239854e-008 3.39527761041256e-008 3.387686895034158e-008 3.378286490153182e-008 3.367627435297328e-008 3.355751697235332e-008 3.342200025862164e-008 3.326482300414109e-008 3.309369420362167e-008 3.291737746859469e-008 3.272949315111625e-008 3.252110122600765e-008 3.229679402313319e-008 3.205875846229878e-008 3.180963082578534e-008 3.154799145065006e-008
3.406884049404189e-008 3.411633269529949e-008 3.414319457405734e-008 3.414788495620937e-008 3.413933878359013e-008 3.411025495448656e-008 3.406549158356438e-008 3.400266274868357e-008 3.391918656517424e-008 3.380636580012868e-008 3.369796601977857e-008 3.355802582915521e-008 3.347155466360491e-008 3.352623211630545e-008 3.363007176729842e-008 3.370401395941064e-008 3.378361662016197e-008 3.383780066394239e-008 3.387686074170342e-008 3.389543337658237e-008 3.389937020695801e-008 3.388581261475833e-008 3.385668641952079e-008 3.380837447642656e-008 3.374890389798667e-008 3.367073946688546e-008 3.358133464742679e-008 3.348013571744926e-008 3.336038505092531e-008 3.322167084106934e-008 3.306870741183921e-008 3.290108330273767e-008 3.272071563428792e-008 3.253102688259959e-008 3.232722634562833e-008 3.210184593547129e-008 3.185721614376149e-008 3.160800921275745e-008 3.134726615536558e-008
3.385609756482308e-008 3.390571227015051e-008 3.393220227245108e-008 3.39364839774821e-008 3.392966745687613e-008 3.390092208652708e-008 3.38578476370546e-008 3.37972622084668e-008 3.371807657768719e-008 3.360019270757645e-008 3.350509871380045e-008 3.335245927551514e-008 3.324520179066036e-008 3.330887324186174e-008 3.343683956541513e-008 3.349843686336243e-008 3.357790342263656e-008 3.362877377161284e-008 3.366677028715288e-008 3.368474450773714e-008 3.368818391881223e-008 3.367362193485321e-008 3.364237419860062e-008 3.359343891559723e-008 3.353334821777662e-008 3.345514281402147e-008 3.336626124566824e-008 3.326655633325789e-008 3.314732523255822e-008 3.300886630130978e-008 3.285746579068699e-008 3.269126961244119e-008 3.25104347294333e-008 3.232026050721187e-008 3.211753060216286e-008 3.189187902668923e-008 3.16484403209794e-008 3.140077905456773e-008 3.11424317057422e-008
3.363401340299567e-008 3.368454761038107e-008 3.370949308963808e-008 3.371620392854586e-008 3.370850474782512e-008 3.368402071443897e-008 3.363977382929526e-008 3.357382033375436e-008 3.34913686591863e-008 3.33757091665921e-008 3.32676979739116e-008 3.313980278859081e-008 3.30457958185222e-008 3.30866410746208e-008 3.320369382726052e-008 3.327501322645094e-008 3.335054952284134e-008 3.340265911774283e-008 3.344173215652932e-008 3.346033167309962e-008 3.346156804751167e-008 3.344411597426473e-008 3.341427914445793e-008 3.336815289917757e-008 3.330648974215388e-008 3.322937145050966e-008 3.313940483899591e-008 3.303500751430349e-008 3.291482579731939e-008 3.278134281784722e-008 3.263212964727988e-008 3.246766705462551e-008 3.228816240850957e-008 3.20957146334385e-008 3.188612939416656e-008 3.166352596143296e-008 3.143009605975548e-008 3.118468520215387e-008 3.092810013522752e-008
3.33971533846626e-008 3.344918164495623e-008 3.347184431115595e-008 3.34778562773976e-008 3.347083209274518e-008 3.344767294533676e-008 3.340318108538699e-008 3.333608022866583e-008 3.32585602154319e-008 3.314104456260132e-008 3.304185684368308e-008 3.29132766935246e-008 3.280625074717726e-008 3.285491688103524e-008 3.297890126760172e-008 3.30403700670532e-008 3.311269804464418e-008 3.316276715684428e-008 3.320052773242468e-008 3.32197634830453e-008 3.322032131861759e-008 3.320214603873785e-008 3.317274624528078e-008 3.3126599888138e-008 3.306414340581668e-008 3.29860710283023e-008 3.289615873431665e-008 3.279095188986317e-008 3.267171859815094e-008 3.253951805010104e-008 3.239189948281067e-008 3.222876023398726e-008 3.205020235828104e-008 3.185859130981525e-008 3.164926957547196e-008 3.142856414047834e-008 3.119730313950932e-008 3.095442306313364e-008 3.070025827228204e-008
3.313849720368027e-008 3.318899285629059e-008 3.321805726053074e-008 3.322719622304989e-008 3.321678670054656e-008 3.31911833004899e-008 3.314464864220287e-008 3.308018688159072e-008 3.299953449765988e-008 3.290389438770352e-008 3.278538876679887e-008 3.266849181120965e-008 3.262186671762551e-008 3.265434132445152e-008 3.27098173310373e-008 3.278879947578074e-008 3.285517450246549e-008 3.290693941142376e-008 3.294143793700333e-008 3.296176791668974e-008 3.296494492894897e-008 3.294980978283123e-008 3.291888861220154e-008 3.287205582955517e-008 3.280462335077738e-008 3.272315505190599e-008 3.263538026068399e-008 3.253283914227725e-008 3.241515141811739e-008 3.228394129740299e-008 3.213732512389084e-008 3.197458696560037e-008 3.17980579035259e-008 3.160838004612859e-008 3.140482222280853e-008 3.118515843647345e-008 3.095041100969485e-008 3.070944292463977e-008 3.045975413849327e-008
3.286783327393874e-008 3.291932207754967e-008 3.295101336054443e-008 3.296084518536565e-008 3.294881329987425e-008 3.292342267376548e-008 3.287630945815376e-008 3.281449627412421e-008 3.273702644632428e-008 3.265184911163119e-008 3.253168610500971e-008 3.241034006383974e-008 3.237938644883642e-008 3.241175050204915e-008 3.245013480747508e-008 3.252813805438281e-008 3.259107031724027e-008 3.263850002866277e-008 3.267202283647978e-008 3.269071915441042e-008 3.269540732536668e-008 3.268016435664011e-008 3.264855627414495e-008 3.260152538076701e-008 3.253199241429733e-008 3.244996780388326e-008 3.236212196431777e-008 3.226084856933713e-008 3.214320639011391e-008 3.201294935209962e-008 3.186761854919163e-008 3.170608771492341e-008 3.153183563722527e-008 3.13446771672196e-008 3.114377750932752e-008 3.092691616019183e-008 3.069313618883903e-008 3.045426363929379e-008 3.020716608061649e-008
3.25835983533547e-008 3.26389042150444e-008 3.26736855262617e-008 3.268132257642005e-008 3.267069853935156e-008 3.264568833984359e-008 3.260132817843353e-008 3.254316825983206e-008 3.246594898539499e-008 3.238237986553286e-008 3.226106607296885e-008 3.215321395138994e-008 3.211953328984323e-008 3.213797249280723e-008 3.217427247352745e-008 3.225185802053249e-008 3.231438368363904e-008 3.235827774005476e-008 3.238792425516163e-008 3.240613680448437e-008 3.241090660178973e-008 3.239502873330752e-008 3.236049819965786e-008 3.23102142211942e-008 3.224575945871048e-008 3.216617585869382e-008 3.207589195216497e-008 3.197350402945823e-008 3.185593107477738e-008 3.172494946590577e-008 3.158102101834794e-008 3.142254761827265e-008 3.125142045078157e-008 3.106662583964456e-008 3.086882963693722e-008 3.065620012922472e-008 3.042599537133008e-008 3.018792140566303e-008 2.994258511984343e-008
3.228346955884838e-008 3.23431611138056e-008 3.238090522336612e-008 3.2386056413952e-008 3.237555970227479e-008 3.235260350273968e-008 3.23095595946984e-008 3.225442692295231e-008 3.217961239677105e-008 3.210468692518493e-008 3.197867551819961e-008 3.186423241296344e-008 3.18347027623394e-008 3.185534883129359e-008 3.188665568257116e-008 3.196630331884885e-008 3.202672222049873e-008 3.206619808042988e-008 3.209251229521545e-008 3.210916439867398e-008 3.211354844844664e-008 3.209659556951516e-008 3.206034471206944e-008 3.201021686539614e-008 3.194600652805127e-008 3.18670891841022e-008 3.177592163197583e-008 3.167267337031924e-008 3.155414967147649e-008 3.14223539633411e-008 3.128170084072085e-008 3.112321222531059e-008 3.095662506989484e-008 3.077357922475097e-008 3.057939987017921e-008 3.0370004883768e-008 3.014336766347642e-008 2.990781317357302e-008 2.966514002517132e-008
