data/gpsIIR_gridfiles/no_nap_antenna/gpsiirZ-R100-Q32W11S0.grd
DSAA
361 181
-180 180
-90 90
-2.8090124359031E-008 2.8537123952444E-008
[rows 102 to 118 of 181, columns 266 to 303 of 361]
-6.388610296845319e-009 -6.36078935979292e-009 -6.324480119553966e-009 -6.303412846415049e-009 -6.291715068924417e-009 -6.296152238544677e-009 -6.324685014992956e-009 -6.353186000390777e-009 -6.382559691827119e-009 -6.410124903690724e-009 -6.437341140486012e-009 -6.462332981217281e-009 -6.487186506438299e-009 -6.510129817754462e-009 -6.531428915803755e-009 -6.550000064107219e-009 -6.567588319208102e-009 -6.582633894251786e-009 -6.595890536228004e-009 -6.60655445358128e-009 -6.61535865445933e-009 -6.620157330060105e-009 -6.6282357599644e-009 -6.641393661479629e-009 -6.651914882478524e-009 -6.661211571204683e-009 -6.670351805563505e-009 -6.678275019702338e-009 -6.685647957232391e-009 -6.690465304463596e-009 -6.693567741489955e-009 -6.695642018928295e-009 -6.69551821909989e-009 -6.696529603518483e-009 -6.696532531877586e-009 -6.694683475290456e-009 -6.690639239170318e-009 -6.686715258257057e-009
-6.890105284153951e-009 -6.860405822148668e-009 -6.819450775678373e-009 -6.796206287878706e-009 -6.781920325947719e-009 -6.788038204781363e-009 -6.820360852307036e-009 -6.85001887535596e-009 -6.881491525333416e-009 -6.91071506606123e-009 -6.940234047217928e-009 -6.966928810146722e-009 -6.993222732055366e-009 -7.017670693349265e-009 -7.040421468345822e-009 -7.060994521163771e-009 -7.080095915792256e-009 -7.096287371172931e-009 -7.110819676168764e-009 -7.123368635393554e-009 -7.133360876875898e-009 -7.138678480510134e-009 -7.147735540921196e-009 -7.162723337287915e-009 -7.174599903599095e-009 -7.185686003533485e-009 -7.195410943184102e-009 -7.204867740235302e-009 -7.21186062071956e-009 -7.217754860917567e-009 -7.219828957368147e-009 -7.22201414661051e-009 -7.221114278751383e-009 -7.222192781301865e-009 -7.221618865063573e-009 -7.219638327977044e-009 -7.214971511610145e-009 -7.210418838087981e-009
-7.395788549072293e-009 -7.361352868713717e-009 -7.329396561353672e-009 -7.29013078776914e-009 -7.273273701773242e-009 -7.291671435179386e-009 -7.324276898739892e-009 -7.353675755360668e-009 -7.387587990309056e-009 -7.418167620563535e-009 -7.449933019869094e-009 -7.477624165981532e-009 -7.503889044698403e-009 -7.529395294457883e-009 -7.553791519116082e-009 -7.576375247811658e-009 -7.598228291392719e-009 -7.61675185205282e-009 -7.631581590304412e-009 -7.645093919021807e-009 -7.654943832104053e-009 -7.664873630440467e-009 -7.674718349753683e-009 -7.68702744207588e-009 -7.699579674533148e-009 -7.712379813602975e-009 -7.723324835490097e-009 -7.73463077181377e-009 -7.74255168077755e-009 -7.750331163938905e-009 -7.75371025854853e-009 -7.753625694798137e-009 -7.754149377732625e-009 -7.754381785175954e-009 -7.753663671877497e-009 -7.750771745795926e-009 -7.747423013277163e-009 -7.740236319194484e-009
-7.898786313935886e-009 -7.862507736569858e-009 -7.83104517508509e-009 -7.785073823270598e-009 -7.767839947256452e-009 -7.790531398194283e-009 -7.825468570050269e-009 -7.856596673408068e-009 -7.891933386885479e-009 -7.924985295983645e-009 -7.95832566620148e-009 -7.988256375859037e-009 -8.015264428465772e-009 -8.042573673244161e-009 -8.068733221919357e-009 -8.093057790342018e-009 -8.116795223381938e-009 -8.13648435296614e-009 -8.152926602077385e-009 -8.166996189296314e-009 -8.178341558341496e-009 -8.188623987766552e-009 -8.200328057848753e-009 -8.211920908804769e-009 -8.225492520580201e-009 -8.238415421815338e-009 -8.250359066018998e-009 -8.261797448157656e-009 -8.270516923906221e-009 -8.278645754563965e-009 -8.282765551675219e-009 -8.282698709122582e-009 -8.283212383846184e-009 -8.283286870462035e-009 -8.281724636256907e-009 -8.278832854543193e-009 -8.274426571995133e-009 -8.26694392711022e-009
-8.398243571325094e-009 -8.361435001911561e-009 -8.326877578568551e-009 -8.280956786241681e-009 -8.257481491750196e-009 -8.28289086002776e-009 -8.323294098564189e-009 -8.357718238570592e-009 -8.394780419699812e-009 -8.43091849207471e-009 -8.467614657881381e-009 -8.499804742602044e-009 -8.529044857144079e-009 -8.558121758144815e-009 -8.587685646311129e-009 -8.614407480274101e-009 -8.637477352160115e-009 -8.658493425121861e-009 -8.676943147604266e-009 -8.693366420423329e-009 -8.70453216822973e-009 -8.715073403823111e-009 -8.727088366186757e-009 -8.740829536900556e-009 -8.75348070799258e-009 -8.766279103357636e-009 -8.77792571092362e-009 -8.788019037481107e-009 -8.796725751514126e-009 -8.804741811759529e-009 -8.809612197929413e-009 -8.811558273911686e-009 -8.812201034385897e-009 -8.811045721669429e-009 -8.808273851217162e-009 -8.805097259199657e-009 -8.799960333031176e-009 -8.792474311080641e-009
-8.898535485575702e-009 -8.859991903833599e-009 -8.826371776479376e-009 -8.778723647794656e-009 -8.753910552587891e-009 -8.780748918463214e-009 -8.82511724160905e-009 -8.861048337068893e-009 -8.900139232770385e-009 -8.938929940301656e-009 -8.977422770891182e-009 -9.011365282688206e-009 -9.042172532088539e-009 -9.072733082490549e-009 -9.104659426807233e-009 -9.132451045181328e-009 -9.157388251299642e-009 -9.178644046956519e-009 -9.199221832164438e-009 -9.215191338361153e-009 -9.227461636884421e-009 -9.237569236287536e-009 -9.250209655621428e-009 -9.264469390140485e-009 -9.27777962908966e-009 -9.291015689081484e-009 -9.303245483484339e-009 -9.313551793901104e-009 -9.322269801962293e-009 -9.330482674677746e-009 -9.335821938743808e-009 -9.338666338825513e-009 -9.33915394885125e-009 -9.33832076393232e-009 -9.334934959691679e-009 -9.331749880276309e-009 -9.325930996481218e-009 -9.318287217564793e-009
-9.39791226482113e-009 -9.359231287877361e-009 -9.316610962360561e-009 -9.287250476395646e-009 -9.269212973329348e-009 -9.28333095621786e-009 -9.327454825194964e-009 -9.369054819871825e-009 -9.411293110360981e-009 -9.454211288015932e-009 -9.489848806193066e-009 -9.524797387868163e-009 -9.557372415376333e-009 -9.589655870488258e-009 -9.62078480333103e-009 -9.651691979222911e-009 -9.678086954295186e-009 -9.701970236377529e-009 -9.722394500580736e-009 -9.735385330810391e-009 -9.748181122515948e-009 -9.758505679743971e-009 -9.769816685095488e-009 -9.7844401545364e-009 -9.799335937855208e-009 -9.813819950212996e-009 -9.828920281190936e-009 -9.839876725022036e-009 -9.847970148501042e-009 -9.855534903189287e-009 -9.861638167108127e-009 -9.86527058706266e-009 -9.866003354656038e-009 -9.865600681873267e-009 -9.862745160093972e-009 -9.859388869110269e-009 -9.852822026870253e-009 -9.845245637534272e-009
-9.896787797777895e-009 -9.858387670083363e-009 -9.813047065524702e-009 -9.788099018113426e-009 -9.772778878351074e-009 -9.784167019761666e-009 -9.82986960711587e-009 -9.872110653863855e-009 -9.917163857239206e-009 -9.960664202241366e-009 -9.998072328817417e-009 -1.00332886207566e-008 -1.006787836982331e-008 -1.010098514243365e-008 -1.013332747621709e-008 -1.016549298972323e-008 -1.019274740723408e-008 -1.021792623887385e-008 -1.02384585429265e-008 -1.025166901371915e-008 -1.02648653149903e-008 -1.027599062865421e-008 -1.028752549233517e-008 -1.030274291899022e-008 -1.031840486866809e-008 -1.033378647632069e-008 -1.034972445274314e-008 -1.036157072331608e-008 -1.037020419751014e-008 -1.037816440488568e-008 -1.03848635479652e-008 -1.038862851672511e-008 -1.038977936023774e-008 -1.038945027820261e-008 -1.038654226224367e-008 -1.038325694308342e-008 -1.037610759664632e-008 -1.036897836651353e-008
-1.039677577426487e-008 -1.03586962642148e-008 -1.031532456341095e-008 -1.0281993170817e-008 -1.027489755915486e-008 -1.029236311119011e-008 -1.032442352994139e-008 -1.037354118358736e-008 -1.041725033175676e-008 -1.046133931780793e-008 -1.050157544870498e-008 -1.053858655107053e-008 -1.057420623437988e-008 -1.060925844643429e-008 -1.064342672258164e-008 -1.067442636808435e-008 -1.070256393600994e-008 -1.07271263067608e-008 -1.074737200516972e-008 -1.076423218176279e-008 -1.077731185053648e-008 -1.079074745888212e-008 -1.08041447112587e-008 -1.081940748780904e-008 -1.083507173243154e-008 -1.085157707931902e-008 -1.086624724915941e-008 -1.087988946314078e-008 -1.089054543887752e-008 -1.089972903372497e-008 -1.090664606773745e-008 -1.090910048456484e-008 -1.091072374210705e-008 -1.090984525527171e-008 -1.090632774524198e-008 -1.090253029909507e-008 -1.089471343864602e-008 -1.088795755860165e-008
-1.089217693391247e-008 -1.085358648323114e-008 -1.08101646915961e-008 -1.077274747835998e-008 -1.076632644216494e-008 -1.078802989506e-008 -1.081874167347755e-008 -1.087000870890501e-008 -1.091394443762358e-008 -1.095891196794527e-008 -1.100138719883872e-008 -1.103992808735669e-008 -1.107698529174669e-008 -1.111329005592387e-008 -1.114886065405524e-008 -1.118040411071276e-008 -1.120959301619076e-008 -1.123469899953144e-008 -1.125528287796961e-008 -1.127335760079018e-008 -1.128682114649384e-008 -1.130192520865179e-008 -1.13159210847542e-008 -1.133241486626691e-008 -1.134794835498837e-008 -1.136589463902646e-008 -1.138036923893112e-008 -1.139522199062434e-008 -1.140632749410376e-008 -1.141635518646709e-008 -1.142440406016951e-008 -1.142744380439708e-008 -1.143119299549049e-008 -1.143130007533049e-008 -1.142879935957358e-008 -1.142535325118269e-008 -1.14187896011664e-008 -1.141279813289375e-008
-1.138279746474353e-008 -1.134029381912702e-008 -1.130003208197166e-008 -1.125056809228262e-008 -1.124051823096596e-008 -1.127526826039243e-008 -1.131335427409949e-008 -1.135815617838365e-008 -1.140472796081794e-008 -1.145082641516191e-008 -1.149634783492585e-008 -1.153742672747689e-008 -1.157529982939046e-008 -1.161244667012953e-008 -1.164906310534293e-008 -1.168193746881308e-008 -1.171278984391075e-008 -1.17390811064294e-008 -1.175991819072262e-008 -1.177519795723378e-008 -1.179204106270115e-008 -1.180613201560703e-008 -1.182205599594452e-008 -1.183901174189053e-008 -1.18550694821911e-008 -1.187418020273505e-008 -1.18894173866405e-008 -1.190405866043734e-008 -1.191412640808028e-008 -1.192556333163936e-008 -1.193349804337349e-008 -1.194084990435249e-008 -1.195042321869007e-008 -1.195388905924055e-008 -1.195255103528116e-008 -1.195040392299363e-008 -1.194687366990286e-008 -1.194288986048398e-008
-1.187028363915929e-008 -1.182647066491908e-008 -1.178705910124175e-008 -1.173082110982099e-008 -1.17219142638836e-008 -1.176094615069253e-008 -1.18016873325128e-008 -1.184589138538284e-008 -1.189529767145704e-008 -1.194225339397519e-008 -1.199045484724401e-008 -1.2033123545533e-008 -1.207231652204949e-008 -1.211101461158453e-008 -1.214851327816922e-008 -1.218335558014598e-008 -1.221548570412882e-008 -1.224356277674819e-008 -1.226518694778225e-008 -1.228120302959316e-008 -1.229933042318039e-008 -1.231450831131713e-008 -1.233192569349375e-008 -1.234985567514905e-008 -1.236731944485913e-008 -1.238692471469638e-008 -1.240363917524917e-008 -1.241821558564696e-008 -1.242970351996647e-008 -1.244154697274545e-008 -1.245116912219978e-008 -1.245988985132453e-008 -1.247043756363695e-008 -1.247545814947501e-008 -1.24760970639626e-008 -1.247535866790479e-008 -1.247359106365891e-008 -1.246979500395141e-008
-1.235129248566511e-008 -1.230429225352425e-008 -1.226175344533534e-008 -1.221828263247993e-008 -1.221227936794067e-008 -1.224106080365299e-008 -1.227753869493619e-008 -1.23310001538175e-008 -1.238144944799898e-008 -1.243220835634598e-008 -1.248054417886457e-008 -1.252545813204248e-008 -1.256668408624431e-008 -1.260707660352551e-008 -1.26455325605285e-008 -1.268130632964518e-008 -1.271781716770724e-008 -1.274824804558028e-008 -1.277076994460582e-008 -1.278950365242866e-008 -1.280857806041531e-008 -1.282635886965377e-008 -1.284531815384223e-008 -1.286484852837557e-008 -1.288452081714757e-008 -1.290363423025761e-008 -1.292212109954442e-008 -1.293687782743577e-008 -1.294982305490264e-008 -1.296238333009326e-008 -1.297545556347301e-008 -1.298469408701685e-008 -1.298948737437023e-008 -1.299369267157685e-008 -1.300001584265752e-008 -1.300294281224583e-008 -1.300057130384718e-008 -1.299490100104693e-008
-1.283674148819185e-008 -1.278888828820266e-008 -1.274623150874996e-008 -1.27015340469241e-008 -1.269449809998943e-008 -1.272416571692218e-008 -1.276150389077903e-008 -1.281911221246993e-008 -1.287086774407764e-008 -1.292409552566437e-008 -1.297305746766324e-008 -1.301945183341027e-008 -1.30622968436629e-008 -1.310455138679663e-008 -1.314443178283515e-008 -1.318116094812023e-008 -1.321997702691902e-008 -1.325112854412277e-008 -1.327567768239271e-008 -1.329519456038314e-008 -1.331626154628978e-008 -1.333543753939059e-008 -1.335619177340447e-008 -1.33775839192947e-008 -1.339838526973555e-008 -1.34196539301962e-008 -1.343881105941824e-008 -1.345647768862423e-008 -1.346919908103275e-008 -1.348326164448918e-008 -1.349683132937273e-008 -1.350653284097513e-008 -1.351192441314812e-008 -1.351647555825007e-008 -1.352515718425016e-008 -1.3527896779209e-008 -1.352702211027885e-008 -1.352125691382061e-008
-1.33302693942309e-008 -1.328223810704958e-008 -1.324256139064502e-008 -1.318650772330779e-008 -1.316222930678504e-008 -1.319752659567837e-008 -1.32605390103758e-008 -1.331125466474423e-008 -1.336820495705484e-008 -1.342102924488553e-008 -1.346843322131279e-008 -1.35159715564604e-008 -1.356131087033465e-008 -1.360750395509763e-008 -1.364789127134702e-008 -1.368787621801987e-008 -1.372394009529486e-008 -1.37535344803069e-008 -1.378092290740333e-008 -1.38019652412279e-008 -1.382279189048213e-008 -1.384462266006e-008 -1.386715060845206e-008 -1.388997779122641e-008 -1.391302599166075e-008 -1.393560189778576e-008 -1.395799634085712e-008 -1.397958840081794e-008 -1.399386150935194e-008 -1.400646602675752e-008 -1.401867386696952e-008 -1.402933396859533e-008 -1.403800142430022e-008 -1.404569093939981e-008 -1.405380101605344e-008 -1.405475382107068e-008 -1.405418333746479e-008 -1.405112094840366e-008
-1.381711243673092e-008 -1.37696491268158e-008 -1.373004545948201e-008 -1.367008749626688e-008 -1.364149800060713e-008 -1.36783133320998e-008 -1.374861323020287e-008 -1.379910249206675e-008 -1.385832492688156e-008 -1.391087504827004e-008 -1.395997271196241e-008 -1.400724818307609e-008 -1.405532066424656e-008 -1.410171569305526e-008 -1.414351017817192e-008 -1.418434734269997e-008 -1.422072503732487e-008 -1.425101489872159e-008 -1.42802480768155e-008 -1.430351201951881e-008 -1.432556974826328e-008 -1.434946927428227e-008 -1.437357041531356e-008 -1.439833450424373e-008 -1.442398107283959e-008 -1.444745628862806e-008 -1.447285322260811e-008 -1.449483123424809e-008 -1.451220680384121e-008 -1.452464441151221e-008 -1.453752701991068e-008 -1.454893211820875e-008 -1.455743402270609e-008 -1.456649441375639e-008 -1.457347350714718e-008 -1.45755783027687e-008 -1.457507320040658e-008 -1.457325633967332e-008
-1.429746636370606e-008 -1.425203660320825e-008 -1.420059309967421e-008 -1.415901874772237e-008 -1.414623217322306e-008 -1.417649509720449e-008 -1.422052437305276e-008 -1.428574034586204e-008 -1.434313971433545e-008 -1.439665247735202e-008 -1.44483385051663e-008 -1.449713805834439e-008 -1.454552728947029e-008 -1.459075541753894e-008 -1.463198545190732e-008 -1.467143474330076e-008 -1.470933302391178e-008 -1.474195108892668e-008 -1.47733231166202e-008 -1.479997895052815e-008 -1.482627008316092e-008 -1.485032298718206e-008 -1.487562703583508e-008 -1.490439086292684e-008 -1.493372221331357e-008 -1.495879141762079e-008 -1.498484714461079e-008 -1.500696004389704e-008 -1.502740188305465e-008 -1.504512250725587e-008 -1.505653226629491e-008 -1.506733528271134e-008 -1.507562064136624e-008 -1.508118570609604e-008 -1.508645855784664e-008 -1.509112071987846e-008 -1.509246272621352e-008 -1.509154808938205e-008
