data/gpsIIR_gridfiles/no_nap_antenna/gpsiirZ-R100-Q32W11S0.grd
DSAA
361 181
-180 180
-90 90
-2.8090124359031E-008 2.8537123952444E-008
[rows 68 to 84 of 181, columns 266 to 303 of 361]
1.140051105026995e-008 1.134377218620448e-008 1.128922716104742e-008 1.122299827868142e-008 1.118145130486586e-008 1.12037294333185e-008 1.125708767746745e-008 1.129821759540579e-008 1.134398018261198e-008 1.138521261013422e-008 1.142350004291648e-008 1.145943163933801e-008 1.149407513159109e-008 1.152590555468581e-008 1.155738956674361e-008 1.158603039601137e-008 1.161495522363877e-008 1.164227524892916e-008 1.166712399284276e-008 1.169090300490437e-008 1.171194362164673e-008 1.173088612360506e-008 1.175093776380499e-008 1.176784042803107e-008 1.178436492401922e-008 1.180148510118451e-008 1.182014249438223e-008 1.183004282126101e-008 1.183663183387755e-008 1.184460872073568e-008 1.184999989423111e-008 1.185658125819744e-008 1.186439294432771e-008 1.18695260505024e-008 1.186968698464712e-008 1.186935207735605e-008 1.18656003548467e-008 1.185900966256703e-008
1.088003519625054e-008 1.082518747995751e-008 1.077452210909317e-008 1.070734665751354e-008 1.066175050963901e-008 1.068554017916268e-008 1.074465826877336e-008 1.078239214855785e-008 1.082686470512366e-008 1.086592480512184e-008 1.090211996466211e-008 1.093684486356822e-008 1.097024219399446e-008 1.100086745753803e-008 1.103175488475898e-008 1.105842196642982e-008 1.108594755156084e-008 1.111181883007869e-008 1.113529796962317e-008 1.115828302098755e-008 1.117868838315283e-008 1.119774848236347e-008 1.121575867004274e-008 1.123124276231301e-008 1.124646232656177e-008 1.126311386894157e-008 1.128105851007236e-008 1.12899214129255e-008 1.129559951866822e-008 1.130265111882967e-008 1.130720658010227e-008 1.131304623589272e-008 1.132008444402904e-008 1.132476069584652e-008 1.132474112187136e-008 1.132394161573665e-008 1.131993868580529e-008 1.131279587161844e-008
1.035668344117369e-008 1.030581215333912e-008 1.025029382301145e-008 1.019169954962914e-008 1.01680259100806e-008 1.01868838980209e-008 1.021794397537282e-008 1.026517701235433e-008 1.030582642843295e-008 1.034407979407144e-008 1.03803189855027e-008 1.041398258652207e-008 1.044718898872825e-008 1.047750907476712e-008 1.050870863400302e-008 1.053376716996743e-008 1.055764528201496e-008 1.058042338910832e-008 1.060105426744855e-008 1.062139428742639e-008 1.064100937227278e-008 1.065882671171166e-008 1.067475170821544e-008 1.068949104523384e-008 1.070425641528865e-008 1.071785850088242e-008 1.07304612762465e-008 1.073779520999945e-008 1.074633640016475e-008 1.075322739696445e-008 1.075932901266872e-008 1.076579311714103e-008 1.077019478349763e-008 1.077338528989088e-008 1.077339441522213e-008 1.077334476058848e-008 1.077060743023068e-008 1.076482515859936e-008
9.829263247087755e-009 9.780865732326806e-009 9.727685482757559e-009 9.671131758558819e-009 9.65480724554507e-009 9.669804739092593e-009 9.694815273727041e-009 9.74262240076908e-009 9.78060234155122e-009 9.817272593596162e-009 9.852438267540392e-009 9.885510790760035e-009 9.917086001103224e-009 9.946992417084074e-009 9.976422382286364e-009 1.000082694783818e-008 1.002223914416215e-008 1.004339921340715e-008 1.006208156665595e-008 1.008088046117666e-008 1.00989824704363e-008 1.011578606703584e-008 1.013002909946212e-008 1.014435236772538e-008 1.015788400278095e-008 1.0170454971267e-008 1.018065148993109e-008 1.018851026453042e-008 1.019696966223741e-008 1.020408283740992e-008 1.021002022319887e-008 1.021590068470798e-008 1.021940102735474e-008 1.022109501123561e-008 1.022114745129032e-008 1.02198658147139e-008 1.021764480006645e-008 1.021127195899885e-008
9.297664746604627e-009 9.251420048912943e-009 9.198562672416719e-009 9.159983933848507e-009 9.133212530259595e-009 9.136803101347037e-009 9.174134486684786e-009 9.21516779497887e-009 9.250270994942355e-009 9.284109464090378e-009 9.318805069257465e-009 9.35155812006307e-009 9.38142930377593e-009 9.408995391418084e-009 9.435591955304743e-009 9.459575909272416e-009 9.481297234454262e-009 9.500166749156251e-009 9.51839659723363e-009 9.535755710458559e-009 9.551987438791897e-009 9.566850864950085e-009 9.58014401943681e-009 9.594561738452062e-009 9.60788194644291e-009 9.619086665970691e-009 9.627937612167245e-009 9.637383667756007e-009 9.647322267415445e-009 9.65429564869716e-009 9.659477002754747e-009 9.663753400430806e-009 9.665728691970301e-009 9.666360902812242e-009 9.665363667785012e-009 9.662440601311302e-009 9.658713682182727e-009 9.651787736549092e-009
8.761437110703817e-009 8.717231470330303e-009 8.665348716024162e-009 8.631130479518376e-009 8.601292801918182e-009 8.604017103851528e-009 8.644473708857113e-009 8.683288682221434e-009 8.716382186388346e-009 8.748604235582043e-009 8.781911588291588e-009 8.81332305346818e-009 8.84112067384375e-009 8.867346566345357e-009 8.892107864578595e-009 8.915472042609609e-009 8.936516304842122e-009 8.954226569311157e-009 8.971620837629046e-009 8.987509779188563e-009 9.003038496998169e-009 9.016141604663944e-009 9.029337973436778e-009 9.04244659484205e-009 9.055739150135551e-009 9.06582431508845e-009 9.074870300839885e-009 9.084120719144383e-009 9.09398357157656e-009 9.100579605806709e-009 9.105442450121901e-009 9.109335450481892e-009 9.110581237682699e-009 9.110755686770273e-009 9.108655464390664e-009 9.10564032635055e-009 9.100538875672076e-009 9.094274831473347e-009
8.220566446080889e-009 8.172467825544724e-009 8.127825515762303e-009 8.077368036841319e-009 8.058667706195051e-009 8.07586634414398e-009 8.103176856717736e-009 8.143490230006423e-009 8.179008330568947e-009 8.211322245049755e-009 8.242693162027789e-009 8.269930011799384e-009 8.294798597363217e-009 8.320159624207205e-009 8.343261220574751e-009 8.365965216404991e-009 8.386723940784842e-009 8.40487352128263e-009 8.420076201642749e-009 8.435331133263884e-009 8.449299757588266e-009 8.462403310243449e-009 8.475357402492338e-009 8.487244778869706e-009 8.499144108293985e-009 8.509024760003309e-009 8.519608489131092e-009 8.528757901846706e-009 8.536557687930957e-009 8.541741589614541e-009 8.547412333111378e-009 8.551825689235128e-009 8.553543367585952e-009 8.552408137733642e-009 8.550391343693139e-009 8.546835101610354e-009 8.541648741669143e-009 8.535204479256672e-009
7.6764017242644e-009 7.628934687145242e-009 7.587970002228006e-009 7.532161144031285e-009 7.516577983169928e-009 7.539701106371358e-009 7.563733637645867e-009 7.602832773670298e-009 7.637647598696725e-009 7.668361961951382e-009 7.698469265063277e-009 7.723091554873979e-009 7.747128747201233e-009 7.770966249320189e-009 7.793941272913885e-009 7.815657655200297e-009 7.835895586944201e-009 7.853470000776667e-009 7.867973201565101e-009 7.882871886892345e-009 7.896333265971789e-009 7.909036440088853e-009 7.921288825587062e-009 7.932466953676312e-009 7.943678706723066e-009 7.953482674138887e-009 7.964250631869356e-009 7.972899829813542e-009 7.980287421935702e-009 7.984944435170428e-009 7.990463437326121e-009 7.99487979835701e-009 7.996718074361451e-009 7.995594824952361e-009 7.993302234408574e-009 7.989385448396842e-009 7.983878322172735e-009 7.977786401340466e-009
7.124233839622574e-009 7.083600876174126e-009 7.044606447572379e-009 6.993262197012087e-009 6.975135233864569e-009 6.997707067415097e-009 7.02504378759605e-009 7.057057117183958e-009 7.088699599222358e-009 7.118733725184349e-009 7.145390399909684e-009 7.170901881697513e-009 7.193476743037845e-009 7.218294772789104e-009 7.243817864518418e-009 7.264449048265946e-009 7.282181864739402e-009 7.29928923772869e-009 7.314971591577758e-009 7.329854319692844e-009 7.34472077949909e-009 7.357725637894883e-009 7.367593828965839e-009 7.378197561216607e-009 7.389225375272156e-009 7.40014019409502e-009 7.409770878818894e-009 7.419443158418768e-009 7.425135220187909e-009 7.430386738277877e-009 7.434909107174109e-009 7.439371465424091e-009 7.441131144443214e-009 7.442546590627444e-009 7.439791397841284e-009 7.433849288425232e-009 7.428603584089891e-009 7.422922217422765e-009
6.575850901506873e-009 6.53876878585985e-009 6.504136377023705e-009 6.453500358110547e-009 6.43430879369372e-009 6.458152120735023e-009 6.483898098455676e-009 6.513081841319776e-009 6.542769330674064e-009 6.570681348866006e-009 6.59609146851908e-009 6.620154970925586e-009 6.641819496180073e-009 6.665684163888075e-009 6.690975496842688e-009 6.710554695884369e-009 6.72717884548387e-009 6.743731350612562e-009 6.759299035133197e-009 6.773859884018244e-009 6.788772622297012e-009 6.800808868382022e-009 6.810213208188356e-009 6.8198053982344e-009 6.830777878735448e-009 6.840727409358067e-009 6.849970723879621e-009 6.858967836799303e-009 6.86445431267414e-009 6.869473868718377e-009 6.874438406892812e-009 6.8782242732341e-009 6.880254384793674e-009 6.880917723461064e-009 6.877716147641451e-009 6.871731657413722e-009 6.866726230870623e-009 6.861409570839814e-009
6.029924289435392e-009 5.996732626439893e-009 5.958753218671836e-009 5.929659139945705e-009 5.908901411712199e-009 5.915258452382472e-009 5.941511904646012e-009 5.96959583492736e-009 5.997989524706803e-009 6.025376816430631e-009 6.048644742403939e-009 6.071333360365532e-009 6.092365901757287e-009 6.1140836681982e-009 6.134752319432511e-009 6.153767884716061e-009 6.17076011081598e-009 6.186900389273913e-009 6.201987587348178e-009 6.217855587569405e-009 6.230570167037355e-009 6.240334942557998e-009 6.250317237100147e-009 6.259664514137737e-009 6.269292575173803e-009 6.277347110008849e-009 6.284962409690585e-009 6.292422931301806e-009 6.297885109757744e-009 6.304920591350352e-009 6.310907401350199e-009 6.314198017206009e-009 6.316640703107655e-009 6.313896463668435e-009 6.30732284738202e-009 6.303928678406156e-009 6.300036970406843e-009 6.294723097138352e-009
5.482040166877584e-009 5.45209802584733e-009 5.415845885338602e-009 5.391388792093397e-009 5.371211152471445e-009 5.373497714750626e-009 5.399926169561934e-009 5.425316084879759e-009 5.45196502140784e-009 5.477257095221918e-009 5.498822120385495e-009 5.519591785676083e-009 5.53941727453981e-009 5.558967233443221e-009 5.577566558976645e-009 5.595330244180373e-009 5.611023838455902e-009 5.626148649647955e-009 5.640052589253343e-009 5.655071650146113e-009 5.66655879015175e-009 5.675081314187644e-009 5.68482363205078e-009 5.693670252419219e-009 5.703212621356859e-009 5.710952297949516e-009 5.718003443716142e-009 5.724799770944818e-009 5.729659058922604e-009 5.735637992776436e-009 5.741447772927832e-009 5.743436209766118e-009 5.746190285632507e-009 5.742317890441544e-009 5.736868536723882e-009 5.733726854150465e-009 5.730897900122213e-009 5.726167393793731e-009
4.931974320755342e-009 4.90355084556962e-009 4.874893847653681e-009 4.844973720883168e-009 4.8222106731697e-009 4.831855588327613e-009 4.860389085971175e-009 4.881337651613183e-009 4.904438353974934e-009 4.92600244978392e-009 4.946153760300287e-009 4.965268267391318e-009 4.983173690927073e-009 5.0008754362596e-009 5.018426824398321e-009 5.034031333572641e-009 5.047373315082407e-009 5.060268554738831e-009 5.072648099131407e-009 5.083663387174365e-009 5.093813178532719e-009 5.101867835672156e-009 5.111900047923405e-009 5.120149654759971e-009 5.131884860563656e-009 5.142065187336626e-009 5.149316790850629e-009 5.156244032378038e-009 5.159241275615243e-009 5.160533414910754e-009 5.163971698153833e-009 5.164339666408074e-009 5.165668192679698e-009 5.16376119393391e-009 5.161968105566553e-009 5.160479337149743e-009 5.157689248203041e-009 5.155220821042535e-009
4.38099753230435e-009 4.355288913331505e-009 4.329965877276355e-009 4.300377451461122e-009 4.277063415341402e-009 4.289254589133687e-009 4.317331763225217e-009 4.335389728586117e-009 4.355593594940823e-009 4.374027674424935e-009 4.392445260984693e-009 4.409542917499378e-009 4.42579289471629e-009 4.441732878979317e-009 4.457726114382798e-009 4.471692364091671e-009 4.48309702819895e-009 4.494738615612715e-009 4.505227229896785e-009 4.515184152529983e-009 4.523509025925021e-009 4.531470751233947e-009 4.540238557180005e-009 4.548302223592474e-009 4.558702126170051e-009 4.569189294791559e-009 4.575319381771689e-009 4.582489110189951e-009 4.584676122398002e-009 4.585882663468628e-009 4.588533616745929e-009 4.58908879110285e-009 4.589605195474394e-009 4.588600286631665e-009 4.58717709300961e-009 4.586250051060345e-009 4.583877614672343e-009 4.581785845651872e-009
3.828365505510161e-009 3.806736602336302e-009 3.783052932925891e-009 3.754582478076929e-009 3.743634143246923e-009 3.753762309540879e-009 3.768048309830584e-009 3.787232862060963e-009 3.8041881111635e-009 3.819345756192475e-009 3.834665248685671e-009 3.850880515451104e-009 3.865569428371049e-009 3.880415722982838e-009 3.893665608641667e-009 3.906095713654068e-009 3.916605415057285e-009 3.927480614540798e-009 3.936923832789111e-009 3.946028311137357e-009 3.954279103357547e-009 3.961696837484583e-009 3.969401299134863e-009 3.975877337106713e-009 3.981882475092446e-009 3.989293362335164e-009 3.994380148896289e-009 4.000561870651212e-009 4.005044815819399e-009 4.009030748223631e-009 4.014288436124038e-009 4.015865222676683e-009 4.015076512337384e-009 4.014212114873469e-009 4.011549672893686e-009 4.009621401044012e-009 4.007817696129576e-009 4.004398504903194e-009
3.275932943062359e-009 3.257534145781369e-009 3.236935495648641e-009 3.209437241434386e-009 3.201804461273602e-009 3.211144867933548e-009 3.221688963981911e-009 3.239277525780002e-009 3.254017083306195e-009 3.266683523251069e-009 3.280075551469407e-009 3.294301478675153e-009 3.307498034003714e-009 3.32030677714782e-009 3.332151776481472e-009 3.342559282290326e-009 3.352142689691429e-009 3.361456226985531e-009 3.369710886953753e-009 3.377110646130926e-009 3.38449691497807e-009 3.390397305271334e-009 3.39738834224336e-009 3.402380592203039e-009 3.407367593148142e-009 3.412891161739992e-009 3.417957219857331e-009 3.423097457209173e-009 3.428178032686927e-009 3.432104959148329e-009 3.437681484030442e-009 3.439294043996765e-009 3.43858771491557e-009 3.43793319695424e-009 3.435649631859225e-009 3.434349912814198e-009 3.432812985710912e-009 3.429739474506032e-009
2.723403377321625e-009 2.706227346946285e-009 2.685881739905892e-009 2.669243176071399e-009 2.657750585345431e-009 2.661321277099752e-009 2.676220714164776e-009 2.68927961719062e-009 2.703655353062725e-009 2.715889001330001e-009 2.727236100563994e-009 2.738771807199595e-009 2.750137491914488e-009 2.760718634727527e-009 2.771047325376185e-009 2.780125458019425e-009 2.788916238334538e-009 2.796574127677719e-009 2.802364064316612e-009 2.807540343229557e-009 2.812428101714331e-009 2.816362933928734e-009 2.822380212396173e-009 2.827023217752518e-009 2.83255486450537e-009 2.837556287402349e-009 2.842620444588054e-009 2.847472464411382e-009 2.851274608325889e-009 2.854109773340625e-009 2.857237006918172e-009 2.858614265760322e-009 2.859289820910476e-009 2.858279108254327e-009 2.858357300133646e-009 2.860127164269497e-009 2.858752823780098e-009 2.855182109566966e-009
