data/gpsIIR_gridfiles/no_nap_antenna/gpsiirY-R100-Q50W50S0.grd
DSAA
361 181
-180 180
-90 90
-3.5245714920859E-008 3.544718437806E-008
[rows 68 to 84 of 181, columns 234 to 272 of 361]
-2.82648568200453e-008 -2.865701749670506e-008 -2.903607950748921e-008 -2.940124475096622e-008 -2.97508074379677e-008 -3.008590818603492e-008 -3.040796466301731e-008 -3.071296695061835e-008 -3.100370396399593e-008 -3.128262732081686e-008 -3.154421554842492e-008 -3.178632667796826e-008 -3.201361771682805e-008 -3.223061166145836e-008 -3.243411241027706e-008 -3.261369417015972e-008 -3.278022541409398e-008 -3.293084454122684e-008 -3.306662698232968e-008 -3.318875158572173e-008 -3.329431673697951e-008 -3.338811269265081e-008 -3.347175533479005e-008 -3.354575164092613e-008 -3.361908054460699e-008 -3.367725266516718e-008 -3.370442834715021e-008 -3.370497561393963e-008 -3.369138273301673e-008 -3.365797244274371e-008 -3.360931497236481e-008 -3.354305320522943e-008 -3.345921293089997e-008 -3.335060649490617e-008 -3.324636723049353e-008 -3.311226779476472e-008 -3.301989914375442e-008 -3.306595677236789e-008 -3.31661973947701e-008
-2.8433157646459e-008 -2.882986370515863e-008 -2.92127695139617e-008 -2.958169505336965e-008 -2.993225845265728e-008 -3.026918258836737e-008 -3.059300807394413e-008 -3.090247184718869e-008 -3.119715290783018e-008 -3.148010887294682e-008 -3.174260390893959e-008 -3.198400869321022e-008 -3.221266027023547e-008 -3.243608261573844e-008 -3.264227713906854e-008 -3.282084930562384e-008 -3.298572889102332e-008 -3.313791441659913e-008 -3.327187181291819e-008 -3.339444513254615e-008 -3.349852923362466e-008 -3.359273377152685e-008 -3.367559656177697e-008 -3.374730917820994e-008 -3.382737773549274e-008 -3.388664440726786e-008 -3.390890693939651e-008 -3.390517961463048e-008 -3.389341632713392e-008 -3.385800832546243e-008 -3.380872239664042e-008 -3.374253166978262e-008 -3.366077519319193e-008 -3.354841562936097e-008 -3.345388882651836e-008 -3.330446045267847e-008 -3.31921079810541e-008 -3.325273535935439e-008 -3.337380517635043e-008
-2.85868028151161e-008 -2.8987429924465e-008 -2.937575608981803e-008 -2.974678572261187e-008 -3.009983452195548e-008 -3.043914810725302e-008 -3.076582306909123e-008 -3.107738639387811e-008 -3.137750654723888e-008 -3.166228111349724e-008 -3.192518757953243e-008 -3.217092086659945e-008 -3.240335886366436e-008 -3.262368118841539e-008 -3.282594788125717e-008 -3.300948756281848e-008 -3.31774978300362e-008 -3.33312060915663e-008 -3.346968353560831e-008 -3.359003225067823e-008 -3.369844479129298e-008 -3.37873352770645e-008 -3.386710177910835e-008 -3.394547466935898e-008 -3.402066829735799e-008 -3.407140289417746e-008 -3.410137160850347e-008 -3.410492454668409e-008 -3.408500101669391e-008 -3.404932593919217e-008 -3.399642856261305e-008 -3.392652980811432e-008 -3.383693049655259e-008 -3.373349757010096e-008 -3.360874964062363e-008 -3.347594992243094e-008 -3.342565020622116e-008 -3.345966216157184e-008 -3.352401815212435e-008
-2.872974588390945e-008 -2.913348960053787e-008 -2.95286077654822e-008 -2.990212077443231e-008 -3.02560021825167e-008 -3.059675289355429e-008 -3.092686834972498e-008 -3.123881338058005e-008 -3.154384960310684e-008 -3.183239277084231e-008 -3.209465055693103e-008 -3.234108383910942e-008 -3.257553231367604e-008 -3.279661188151947e-008 -3.29981867096921e-008 -3.318237693240632e-008 -3.335175244376585e-008 -3.350723191300803e-008 -3.364823537260348e-008 -3.376859361556756e-008 -3.387921907473817e-008 -3.396458239147639e-008 -3.404057366701836e-008 -3.412106370481397e-008 -3.419794683004578e-008 -3.424547303288896e-008 -3.427752501066562e-008 -3.428105198910409e-008 -3.425655497219197e-008 -3.421943936532752e-008 -3.416420611246064e-008 -3.409355130098284e-008 -3.400092719744394e-008 -3.390268746803088e-008 -3.376946093421874e-008 -3.36331217958931e-008 -3.359442533715985e-008 -3.362806510997663e-008 -3.368186277707054e-008
-2.886770019287508e-008 -2.927235775208947e-008 -2.966405559513729e-008 -3.004246644886814e-008 -3.04063113649962e-008 -3.074982415675837e-008 -3.107820660796723e-008 -3.139334572300955e-008 -3.169733256853371e-008 -3.198283085997408e-008 -3.224727496663837e-008 -3.249600900512986e-008 -3.273271498913632e-008 -3.295274366120817e-008 -3.315405974406504e-008 -3.333840935014929e-008 -3.350824018827524e-008 -3.36614062470992e-008 -3.380248040120424e-008 -3.392852446764591e-008 -3.403481396203509e-008 -3.411925626087026e-008 -3.420082061061094e-008 -3.428308167672071e-008 -3.435123455905369e-008 -3.440564209939158e-008 -3.443688618216554e-008 -3.443304021539615e-008 -3.440568939351354e-008 -3.436955235139231e-008 -3.431117732798049e-008 -3.42406157641616e-008 -3.414817024935228e-008 -3.403888016931919e-008 -3.389637926108254e-008 -3.379790384585706e-008 -3.373156815537914e-008 -3.373476607315627e-008 -3.383102586697274e-008
-2.899275601862107e-008 -2.940021951819033e-008 -2.97912449731658e-008 -3.017300859048925e-008 -3.054445079720534e-008 -3.088864870308806e-008 -3.121541407824715e-008 -3.153143004959783e-008 -3.183762636832938e-008 -3.212360754565249e-008 -3.238701289566956e-008 -3.263590320129585e-008 -3.287541316415351e-008 -3.309645476805019e-008 -3.329595824222971e-008 -3.34809010427858e-008 -3.364993442976996e-008 -3.380266930426451e-008 -3.394370051083412e-008 -3.407430036048768e-008 -3.418029332328075e-008 -3.425999916994168e-008 -3.434209035257075e-008 -3.44270188670732e-008 -3.449339663507687e-008 -3.454929081560823e-008 -3.458305933936392e-008 -3.457210784212806e-008 -3.454223961001267e-008 -3.450615674403233e-008 -3.444682546757048e-008 -3.437624402686441e-008 -3.428506808463142e-008 -3.417615000247646e-008 -3.40234169967241e-008 -3.39327184534175e-008 -3.385553578790615e-008 -3.38546005653943e-008 -3.39676242306102e-008
-2.911317732731925e-008 -2.952022143840356e-008 -2.991365823367064e-008 -3.029590199726743e-008 -3.066171878201511e-008 -3.100940904847081e-008 -3.134062634164467e-008 -3.165681386053441e-008 -3.195911278808837e-008 -3.224745951836687e-008 -3.251706094287581e-008 -3.276845280399949e-008 -3.300490330909305e-008 -3.322283288108427e-008 -3.342194997948313e-008 -3.360803357988903e-008 -3.37770952468174e-008 -3.393187567842604e-008 -3.407142140036229e-008 -3.419569619414584e-008 -3.430089286546951e-008 -3.439204647283111e-008 -3.447217846683899e-008 -3.454659184253585e-008 -3.462124568699481e-008 -3.467347442781541e-008 -3.469863621506965e-008 -3.469544106835655e-008 -3.467262213848484e-008 -3.462988812902818e-008 -3.457538233001762e-008 -3.450276104336495e-008 -3.440671810853139e-008 -3.428737996879178e-008 -3.416266322204903e-008 -3.402026745072692e-008 -3.396778094223676e-008 -3.401483645652662e-008 -3.409125244700926e-008
-2.92210983410987e-008 -2.962770218178565e-008 -3.002238295222813e-008 -3.040584376311005e-008 -3.077028720695896e-008 -3.11186766176068e-008 -3.145180231604985e-008 -3.176791072637739e-008 -3.206927663508762e-008 -3.23606189608839e-008 -3.263296920533319e-008 -3.288537410274252e-008 -3.312165628721803e-008 -3.333872657689745e-008 -3.353664330917557e-008 -3.372408852658169e-008 -3.389321337578088e-008 -3.404835936633905e-008 -3.41878569582977e-008 -3.431143896184361e-008 -3.441602165109995e-008 -3.451034754857832e-008 -3.458797688426225e-008 -3.465857364483921e-008 -3.473814515049383e-008 -3.479106295142139e-008 -3.48115149727827e-008 -3.480968079325272e-008 -3.478744644175611e-008 -3.474258531119221e-008 -3.468934913611533e-008 -3.461741705823979e-008 -3.452085315540904e-008 -3.439970081052762e-008 -3.428219042275086e-008 -3.411267531584319e-008 -3.406450652841292e-008 -3.413463562004264e-008 -3.42069416267405e-008
-2.932259290241008e-008 -2.972759336618157e-008 -3.012176642241906e-008 -3.050041290808428e-008 -3.086463337160751e-008 -3.121456667420471e-008 -3.154870481012777e-008 -3.186773751274169e-008 -3.217198037046495e-008 -3.246118916849948e-008 -3.273457359327508e-008 -3.298866613868087e-008 -3.322416281129727e-008 -3.34433974229758e-008 -3.364628357416303e-008 -3.383276978014207e-008 -3.400025006846109e-008 -3.415441344881074e-008 -3.42938697312198e-008 -3.441731776550209e-008 -3.452275869960319e-008 -3.461595075789634e-008 -3.4697741836408e-008 -3.477078042164884e-008 -3.484260252510187e-008 -3.489729993402014e-008 -3.491765647314554e-008 -3.491183043563572e-008 -3.48915915240535e-008 -3.48501799286275e-008 -3.479340210903032e-008 -3.471655572424744e-008 -3.461982077555154e-008 -3.449407486630573e-008 -3.437440871679587e-008 -3.421325223974152e-008 -3.414768484481327e-008 -3.422171639959857e-008 -3.430972302963787e-008
-2.940776541317692e-008 -2.981078179521628e-008 -3.020511414383988e-008 -3.058216106112219e-008 -3.0945806006222e-008 -3.12982384102356e-008 -3.163243177064132e-008 -3.195396688697635e-008 -3.225871286009646e-008 -3.25482522777587e-008 -3.282311681358628e-008 -3.307840183866439e-008 -3.331320701927003e-008 -3.353421826467796e-008 -3.373992427339266e-008 -3.39272723079096e-008 -3.409369926318626e-008 -3.424730590568207e-008 -3.438925380082719e-008 -3.451234191704152e-008 -3.461948513618009e-008 -3.471054635147884e-008 -3.479455684491448e-008 -3.486352939009356e-008 -3.493959195440386e-008 -3.499522379953316e-008 -3.501500140126715e-008 -3.50029430417167e-008 -3.498637956126317e-008 -3.494231177639318e-008 -3.488600116474653e-008 -3.480719451850617e-008 -3.471195952902489e-008 -3.458409132697683e-008 -3.447262651763666e-008 -3.429558159330607e-008 -3.421737334408606e-008 -3.430817449225778e-008 -3.44002945671906e-008
-2.946745638156531e-008 -2.987386839744829e-008 -3.026901314947683e-008 -3.064949221216684e-008 -3.101720356731975e-008 -3.137253723112246e-008 -3.17079455907804e-008 -3.202884477670217e-008 -3.233288569459869e-008 -3.262179791109036e-008 -3.28962183349608e-008 -3.315745677215642e-008 -3.339639710651873e-008 -3.361513284373947e-008 -3.381973929378817e-008 -3.400784337100753e-008 -3.418081841413578e-008 -3.433563734769174e-008 -3.447861655404952e-008 -3.460199089374444e-008 -3.471495232674929e-008 -3.480017516014735e-008 -3.488021147169296e-008 -3.495992570252259e-008 -3.503749627206577e-008 -3.508174124889337e-008 -3.510749782929282e-008 -3.510308022279772e-008 -3.508213197986001e-008 -3.503883762124226e-008 -3.497808627925421e-008 -3.489703448842114e-008 -3.479145734045163e-008 -3.467500749662467e-008 -3.452916333896854e-008 -3.442192412224666e-008 -3.434679060432223e-008 -3.436612437346092e-008 -3.446975205909322e-008
-2.951389563453915e-008 -2.992073894558885e-008 -3.031872085087964e-008 -3.070062268527611e-008 -3.107215866374526e-008 -3.143072288167044e-008 -3.176719573803691e-008 -3.208670274379099e-008 -3.23910161116352e-008 -3.267796164900221e-008 -3.295214956947108e-008 -3.321891392444683e-008 -3.345901554510283e-008 -3.367542933818094e-008 -3.388014269963433e-008 -3.406971017331686e-008 -3.424503514431555e-008 -3.440251628449654e-008 -3.454524046060083e-008 -3.467111990275459e-008 -3.478664624068505e-008 -3.486905992928173e-008 -3.494240533497275e-008 -3.502948272409162e-008 -3.510919921250386e-008 -3.515096767345354e-008 -3.517590054044969e-008 -3.517391188690625e-008 -3.51493388425503e-008 -3.510647407117433e-008 -3.504246509823187e-008 -3.496178452884901e-008 -3.485364482970864e-008 -3.474306998225493e-008 -3.458739158390259e-008 -3.449172474400914e-008 -3.440732756101419e-008 -3.441476638166319e-008 -3.453167697476551e-008
-2.95465303031102e-008 -2.995738881294364e-008 -3.035482484085942e-008 -3.073914682529491e-008 -3.111293794752992e-008 -3.14705779146288e-008 -3.181004699900056e-008 -3.213277364362084e-008 -3.243375686074133e-008 -3.272033207348314e-008 -3.299402900131807e-008 -3.325277502996633e-008 -3.349407473481769e-008 -3.371647104554405e-008 -3.391974034765329e-008 -3.410612060979367e-008 -3.428466990746063e-008 -3.44505364318155e-008 -3.459169732015984e-008 -3.471436057973988e-008 -3.482369370915573e-008 -3.491638287374292e-008 -3.499944291087856e-008 -3.507869285464713e-008 -3.514473463663991e-008 -3.519814735691262e-008 -3.522345720479733e-008 -3.521992190777272e-008 -3.519557688640877e-008 -3.514848069243595e-008 -3.508312248637831e-008 -3.500083320119612e-008 -3.489987695866165e-008 -3.477171761546681e-008 -3.464484544223168e-008 -3.450796645010338e-008 -3.44034685487085e-008 -3.445905242607889e-008 -3.459280959788519e-008
-2.956407744429026e-008 -2.997653138579638e-008 -3.037459007091006e-008 -3.075851336057255e-008 -3.113592814489015e-008 -3.149355341986142e-008 -3.183416969753375e-008 -3.215933256642998e-008 -3.245780278475019e-008 -3.274135636197573e-008 -3.301634229370038e-008 -3.327144338955129e-008 -3.351369130866298e-008 -3.373777673372556e-008 -3.39404520043471e-008 -3.412236572144102e-008 -3.430484348783889e-008 -3.447625038939935e-008 -3.461692965772116e-008 -3.47356876089382e-008 -3.484581728881539e-008 -3.493955236254134e-008 -3.502418184151281e-008 -3.510157100157267e-008 -3.516281202688113e-008 -3.522123980974597e-008 -3.524571492085852e-008 -3.524021374150271e-008 -3.521411198631229e-008 -3.516528880709883e-008 -3.509753053180751e-008 -3.501848230580078e-008 -3.491974690959861e-008 -3.478973428919798e-008 -3.466979460563656e-008 -3.451710112048334e-008 -3.439320106168489e-008 -3.447186075552897e-008 -3.462344331564374e-008
-2.956806105298985e-008 -2.998116709320289e-008 -3.038104002555649e-008 -3.076614983606393e-008 -3.113864051927986e-008 -3.14951768533686e-008 -3.183409133603717e-008 -3.215835023577252e-008 -3.246472388097031e-008 -3.275182242388565e-008 -3.302289568671989e-008 -3.327780654535889e-008 -3.351763113817724e-008 -3.373935534043633e-008 -3.394278016552241e-008 -3.413161821446178e-008 -3.431205585179649e-008 -3.447501728684083e-008 -3.46181031976254e-008 -3.474216834832638e-008 -3.484975894263547e-008 -3.494314773491407e-008 -3.502773401107684e-008 -3.510050807109169e-008 -3.516754933862746e-008 -3.521730797791792e-008 -3.524095093511765e-008 -3.523844295825665e-008 -3.521076163365309e-008 -3.515682785797448e-008 -3.509624094074657e-008 -3.501670000379264e-008 -3.491462052334401e-008 -3.478920212098925e-008 -3.465396562950675e-008 -3.448953210382456e-008 -3.443586006234497e-008 -3.449494315387222e-008 -3.458023978672172e-008
-2.955229847587245e-008 -2.99679332493019e-008 -3.036710595518605e-008 -3.075326758380362e-008 -3.112182306330204e-008 -3.147914263296739e-008 -3.18137720424173e-008 -3.214044806300655e-008 -3.244916843232245e-008 -3.273820519426296e-008 -3.300606964707928e-008 -3.32603552171332e-008 -3.349951564100052e-008 -3.371967175423979e-008 -3.392289441218369e-008 -3.410969775770055e-008 -3.429353361345103e-008 -3.445151092169706e-008 -3.459719046823043e-008 -3.471871831089314e-008 -3.482993636201682e-008 -3.491641949610974e-008 -3.500492254089511e-008 -3.506946457185093e-008 -3.514369776783556e-008 -3.51870020941785e-008 -3.521287918741454e-008 -3.520599495553007e-008 -3.518138690981022e-008 -3.511838407455601e-008 -3.506472329635809e-008 -3.498397750164834e-008 -3.488698337998032e-008 -3.476138700843527e-008 -3.463274125729793e-008 -3.444775736878205e-008 -3.440671299698532e-008 -3.447345256777133e-008 -3.454739704152102e-008
-2.952511564316382e-008 -2.993621262334651e-008 -3.033642378355091e-008 -3.072166951755046e-008 -3.109308674483588e-008 -3.145045945874195e-008 -3.178932829956346e-008 -3.211427236069313e-008 -3.242040914389191e-008 -3.270928955623257e-008 -3.297859756109902e-008 -3.323046594315953e-008 -3.346679144665318e-008 -3.368675975491226e-008 -3.389057989171559e-008 -3.407881636733279e-008 -3.42536451221787e-008 -3.441322515603913e-008 -3.455492787534673e-008 -3.468547709141573e-008 -3.479634706507995e-008 -3.488036511888406e-008 -3.49564989874002e-008 -3.50347462277739e-008 -3.509820357192262e-008 -3.514203366761201e-008 -3.515946850881369e-008 -3.515817678448112e-008 -3.512798137152208e-008 -3.507985053169291e-008 -3.500890558756859e-008 -3.493283763267821e-008 -3.483262443911637e-008 -3.471154280093549e-008 -3.456932396244599e-008 -3.445014145406478e-008 -3.435784218851693e-008 -3.439388781780382e-008 -3.452299582808516e-008
