data/gpsIIR_gridfiles/no_nap_antenna/gpsiirX-R100-Q34W13S0.grd
DSAA
361 181
-180 180
-90 90
-2.7441318797915E-008 2.7499270515776E-008
[rows 68 to 84 of 181, columns 156 to 194 of 361]
-2.587599008140698e-008 -2.592423669582763e-008 -2.594638255052854e-008 -2.593799033818069e-008 -2.587695131075211e-008 -2.575106685331778e-008 -2.564890197707641e-008 -2.55372840989722e-008 -2.546137596437206e-008 -2.544423794821144e-008 -2.542344499497939e-008 -2.53763223056884e-008 -2.531015500185342e-008 -2.522610863303024e-008 -2.512571727730963e-008 -2.502334295284386e-008 -2.492159540520089e-008 -2.481085301401588e-008 -2.467600504159514e-008 -2.454520238923633e-008 -2.441392740876894e-008 -2.428500720364279e-008 -2.415886061136812e-008 -2.402261384705611e-008 -2.401345489338069e-008 -2.411935670327155e-008 -2.424183640966152e-008 -2.441251166324798e-008 -2.458328701618561e-008 -2.475449610150857e-008 -2.492078301130862e-008 -2.507368766585728e-008 -2.521974545359024e-008 -2.535776875400147e-008 -2.5484652316819e-008 -2.561242075751685e-008 -2.57326801850564e-008 -2.584613258787204e-008 -2.594775967966788e-008
-2.595189003039208e-008 -2.601536081735693e-008 -2.602504489152931e-008 -2.601372816038373e-008 -2.59475199384415e-008 -2.578394456285119e-008 -2.56685868614739e-008 -2.557724997949547e-008 -2.550508791624383e-008 -2.54729155074976e-008 -2.546697053822235e-008 -2.540177094842623e-008 -2.531868166931851e-008 -2.522758349032365e-008 -2.509849172371161e-008 -2.498787668620723e-008 -2.488403244808297e-008 -2.4765937897228e-008 -2.464593025050376e-008 -2.451369362500654e-008 -2.439362849721944e-008 -2.427389676388403e-008 -2.415674334170457e-008 -2.403224794050723e-008 -2.402570160120489e-008 -2.414289571145033e-008 -2.426590491884339e-008 -2.441967701213304e-008 -2.458554497532919e-008 -2.476047990371501e-008 -2.492995292234865e-008 -2.507582665431326e-008 -2.519891508302478e-008 -2.534161684631013e-008 -2.547386314879172e-008 -2.560431026467897e-008 -2.574623249859358e-008 -2.586561002246934e-008 -2.597696951120266e-008
-2.603488957239001e-008 -2.608775852839937e-008 -2.609201197014296e-008 -2.605479042042383e-008 -2.596570437544905e-008 -2.581784032435845e-008 -2.570022666321714e-008 -2.560608823456831e-008 -2.552543338647498e-008 -2.54793310850764e-008 -2.54610745349619e-008 -2.539204573572068e-008 -2.531357211421279e-008 -2.521601524081251e-008 -2.509115585676229e-008 -2.497453016331499e-008 -2.486611061233704e-008 -2.47529422989036e-008 -2.463375349165417e-008 -2.450215001305499e-008 -2.437970633343382e-008 -2.424765255564827e-008 -2.412325648948622e-008 -2.398903495193841e-008 -2.396566709719054e-008 -2.408636989915177e-008 -2.423008331644189e-008 -2.439750697098905e-008 -2.457561274650063e-008 -2.47544454179753e-008 -2.492612915350424e-008 -2.507858709126213e-008 -2.521142195929927e-008 -2.53541526483806e-008 -2.54877246302302e-008 -2.562150590927677e-008 -2.575492294173279e-008 -2.587669804763702e-008 -2.599063046546709e-008
-2.611534676654143e-008 -2.615500215345045e-008 -2.615432037662319e-008 -2.607476936070152e-008 -2.593642652239924e-008 -2.583148026426054e-008 -2.573035081198749e-008 -2.563230388632377e-008 -2.553116789196859e-008 -2.546385842727012e-008 -2.542836130793656e-008 -2.536380722785225e-008 -2.52957459220932e-008 -2.519987282641703e-008 -2.50832299602388e-008 -2.495780952826185e-008 -2.484704250028271e-008 -2.475007429323969e-008 -2.462308839240056e-008 -2.449629024146597e-008 -2.436360474950397e-008 -2.421287292471339e-008 -2.409438717716763e-008 -2.389241373288278e-008 -2.384311924131541e-008 -2.399978878418258e-008 -2.41746934527684e-008 -2.435502371885523e-008 -2.455595612607811e-008 -2.473359875555428e-008 -2.491752466403633e-008 -2.507832149272693e-008 -2.522235848032055e-008 -2.53706165947314e-008 -2.550413364321541e-008 -2.563862367600567e-008 -2.57640621190773e-008 -2.588155887675944e-008 -2.599846195446222e-008
-2.618018230349481e-008 -2.621044727914545e-008 -2.620321290872272e-008 -2.611289259813702e-008 -2.595708439925284e-008 -2.582996218053679e-008 -2.573145454930652e-008 -2.563031497287616e-008 -2.553555656163441e-008 -2.546462603568342e-008 -2.542343004447511e-008 -2.536842928726679e-008 -2.52983333480408e-008 -2.519966708568251e-008 -2.507802109378531e-008 -2.493459470278976e-008 -2.481151544957595e-008 -2.470604656129662e-008 -2.457540607890767e-008 -2.444173434686295e-008 -2.430012975702885e-008 -2.415467891997681e-008 -2.402139818961428e-008 -2.384338185192972e-008 -2.37850677930242e-008 -2.391463640526473e-008 -2.411284539402379e-008 -2.429959409648526e-008 -2.450312851161926e-008 -2.468634342625873e-008 -2.487348560919739e-008 -2.504353727631147e-008 -2.521063613784928e-008 -2.53694915691416e-008 -2.551683984994659e-008 -2.565722566127879e-008 -2.578615103407447e-008 -2.590621084296286e-008 -2.601876922563327e-008
-2.623161430456382e-008 -2.625034958897843e-008 -2.626332240106054e-008 -2.617907395950061e-008 -2.595141558160893e-008 -2.580878549698299e-008 -2.571433015193075e-008 -2.561756765499863e-008 -2.553441813977339e-008 -2.545930332301089e-008 -2.542257081160937e-008 -2.539178173845566e-008 -2.530852677928587e-008 -2.521771059401972e-008 -2.508220261808101e-008 -2.489353750231811e-008 -2.475942833755455e-008 -2.464640773778742e-008 -2.451338979315464e-008 -2.435884272146692e-008 -2.421438197463151e-008 -2.408169626078122e-008 -2.39575501761952e-008 -2.378961873925319e-008 -2.369518629279581e-008 -2.38267089063303e-008 -2.405946711527314e-008 -2.423705143702914e-008 -2.443663267904234e-008 -2.462298700259481e-008 -2.481118838818483e-008 -2.499015232619643e-008 -2.518908403851263e-008 -2.535880858279721e-008 -2.552092884156185e-008 -2.567297709335606e-008 -2.580107813250023e-008 -2.593052305676568e-008 -2.603568922016148e-008
-2.629509546887865e-008 -2.631301476573694e-008 -2.631610815034631e-008 -2.621606526572407e-008 -2.598254113756614e-008 -2.582477120544734e-008 -2.57258664855422e-008 -2.563212170559863e-008 -2.554520715936518e-008 -2.546616733304195e-008 -2.542282039419803e-008 -2.537896817161889e-008 -2.529330857411272e-008 -2.518876459566997e-008 -2.504603959242046e-008 -2.486595201842389e-008 -2.472283730227038e-008 -2.459672026346835e-008 -2.445969683851777e-008 -2.430815223464734e-008 -2.416608726695071e-008 -2.403544627863916e-008 -2.390603778262441e-008 -2.374474072790901e-008 -2.367109961048706e-008 -2.380467274012971e-008 -2.401751901381831e-008 -2.420089647186823e-008 -2.439403090628832e-008 -2.458162914494372e-008 -2.477130228769062e-008 -2.495491574503181e-008 -2.514391315277268e-008 -2.532041366147133e-008 -2.548431299062657e-008 -2.563965909906537e-008 -2.577359359942762e-008 -2.590594629616491e-008 -2.602305049682134e-008
-2.636200156180686e-008 -2.63727533584769e-008 -2.639297521447795e-008 -2.629082743268103e-008 -2.599016861518647e-008 -2.582498205544002e-008 -2.576095141615608e-008 -2.56713599037753e-008 -2.556183659424568e-008 -2.547399526915278e-008 -2.542113050782741e-008 -2.536026080493291e-008 -2.526256379422645e-008 -2.514184236201754e-008 -2.500246110732564e-008 -2.482652781415529e-008 -2.468578186906387e-008 -2.455112308993465e-008 -2.440808335670869e-008 -2.426134424417625e-008 -2.412162179737966e-008 -2.400156935163367e-008 -2.388684334652668e-008 -2.369086923786137e-008 -2.363807090391817e-008 -2.37990362654281e-008 -2.400477853528924e-008 -2.417162823768387e-008 -2.435356722221267e-008 -2.454221430435617e-008 -2.4732736339831e-008 -2.491485556785144e-008 -2.509070782177917e-008 -2.526442710655268e-008 -2.543188801474066e-008 -2.558532624110099e-008 -2.572547074717894e-008 -2.586144870648135e-008 -2.599684618208093e-008
-2.640863548230264e-008 -2.642025050503272e-008 -2.641674321139978e-008 -2.631070244646559e-008 -2.606482248869941e-008 -2.587471061205554e-008 -2.577509754763311e-008 -2.567314234859172e-008 -2.556360918516599e-008 -2.547377473925717e-008 -2.541179650144696e-008 -2.533509378131013e-008 -2.522880880042845e-008 -2.510907925025164e-008 -2.497278978576328e-008 -2.48078308201355e-008 -2.467011666446417e-008 -2.452126070119904e-008 -2.437091430628749e-008 -2.421802162019599e-008 -2.406946151041839e-008 -2.393603662834934e-008 -2.380513439938401e-008 -2.365966917446725e-008 -2.360656247337732e-008 -2.372945949728213e-008 -2.393108735122147e-008 -2.411925408756224e-008 -2.430208277832914e-008 -2.449602648235849e-008 -2.468099028302074e-008 -2.486607445435465e-008 -2.504416190201863e-008 -2.522101780294418e-008 -2.538577713858898e-008 -2.553663492831927e-008 -2.568218060088704e-008 -2.582444614653899e-008 -2.596244094290992e-008
-2.644120072155217e-008 -2.645525741074646e-008 -2.641283995968048e-008 -2.632262799707114e-008 -2.617718682873327e-008 -2.594448427039332e-008 -2.578601008214345e-008 -2.56607540278457e-008 -2.555072242294639e-008 -2.547510306962163e-008 -2.540003541597539e-008 -2.530119820514119e-008 -2.518729020981723e-008 -2.507118713271057e-008 -2.494727702483487e-008 -2.480042021829991e-008 -2.466331438044142e-008 -2.45043033579503e-008 -2.433450091229643e-008 -2.417688354042051e-008 -2.40068537707218e-008 -2.38634526929224e-008 -2.369955545450152e-008 -2.361150884762318e-008 -2.356091955018171e-008 -2.362679680389723e-008 -2.384222591928579e-008 -2.405381227717073e-008 -2.423985521742342e-008 -2.443603789794524e-008 -2.462001504814636e-008 -2.480657635006206e-008 -2.499217944977211e-008 -2.517393897438151e-008 -2.534024535577125e-008 -2.548138528414907e-008 -2.563556070110282e-008 -2.578266350385038e-008 -2.592444467191085e-008
-2.64691321577353e-008 -2.648008573195374e-008 -2.643849070601638e-008 -2.635538527364794e-008 -2.619844456556331e-008 -2.595571704630198e-008 -2.577739716554149e-008 -2.564401319831593e-008 -2.55323548578731e-008 -2.545225522099868e-008 -2.536684383441043e-008 -2.526523802816634e-008 -2.514790536429756e-008 -2.502393207943597e-008 -2.4889737423554e-008 -2.473646438532912e-008 -2.458310013146379e-008 -2.442297593576296e-008 -2.42543798220869e-008 -2.409236118894159e-008 -2.392262846762998e-008 -2.37671297732117e-008 -2.36036030911852e-008 -2.350474603173512e-008 -2.344165364014057e-008 -2.351783428809252e-008 -2.372481827979758e-008 -2.393933765051967e-008 -2.413222396571352e-008 -2.433369379229346e-008 -2.452399427780842e-008 -2.47208461640636e-008 -2.49221593474133e-008 -2.511386280496282e-008 -2.528918506308041e-008 -2.544885647608437e-008 -2.560654165583219e-008 -2.576285401740121e-008 -2.590021324580207e-008
-2.648671071916982e-008 -2.650038494037639e-008 -2.645945818256886e-008 -2.64036137300232e-008 -2.623428546241414e-008 -2.591067065324146e-008 -2.573278874342707e-008 -2.561784629088528e-008 -2.550056405673178e-008 -2.542140400659812e-008 -2.532273695527849e-008 -2.522124376761055e-008 -2.510637337561118e-008 -2.496441034342982e-008 -2.481645127468199e-008 -2.464414895309595e-008 -2.446312665780904e-008 -2.431223993761713e-008 -2.414868228823554e-008 -2.398877670910095e-008 -2.382309425719805e-008 -2.366050871432567e-008 -2.349027827462737e-008 -2.338396664234274e-008 -2.327404131728864e-008 -2.335382949332686e-008 -2.361349332348355e-008 -2.380145061109557e-008 -2.400612431028312e-008 -2.42052918605021e-008 -2.44112081079136e-008 -2.461160427756522e-008 -2.484337395504267e-008 -2.504515122399777e-008 -2.523023339750778e-008 -2.54083657928111e-008 -2.55705244508661e-008 -2.573757078292883e-008 -2.586796239817473e-008
-2.647468545841119e-008 -2.648620081864968e-008 -2.644643875351794e-008 -2.637818260120627e-008 -2.619675782405756e-008 -2.588845967834678e-008 -2.569613293047598e-008 -2.557442629611045e-008 -2.545562168494684e-008 -2.535903434900431e-008 -2.525408530210533e-008 -2.514547198108187e-008 -2.502813999450706e-008 -2.489085008922572e-008 -2.474149936114616e-008 -2.456899074680706e-008 -2.438929061056539e-008 -2.422878812421283e-008 -2.406316068455784e-008 -2.38989876298368e-008 -2.372960121571987e-008 -2.355797961886484e-008 -2.338584255449185e-008 -2.325992311319489e-008 -2.316613345481572e-008 -2.325141268254358e-008 -2.349241277128988e-008 -2.369295128327233e-008 -2.390196149828987e-008 -2.410571867532608e-008 -2.431480389881089e-008 -2.452152444073355e-008 -2.474162079817702e-008 -2.494467622014456e-008 -2.512833237300053e-008 -2.530600392654523e-008 -2.546745079861679e-008 -2.562953855045098e-008 -2.577288193215261e-008
-2.643505399099746e-008 -2.644072923932902e-008 -2.639872562623427e-008 -2.632952392221337e-008 -2.615100817450954e-008 -2.582109193886474e-008 -2.563167032437819e-008 -2.552909113877305e-008 -2.540262977277729e-008 -2.52777189408333e-008 -2.515769505072328e-008 -2.504906754043602e-008 -2.492325119256923e-008 -2.480614856964374e-008 -2.466503184796278e-008 -2.44931064582256e-008 -2.432134976928785e-008 -2.414796744934878e-008 -2.398132833863311e-008 -2.380547332667153e-008 -2.363887310770821e-008 -2.345517893674888e-008 -2.328199679989802e-008 -2.314525803439762e-008 -2.303130826317086e-008 -2.312323208829361e-008 -2.339839412022336e-008 -2.358741335449481e-008 -2.379687478153541e-008 -2.400408799390818e-008 -2.421437869161251e-008 -2.442439912540921e-008 -2.463046177472358e-008 -2.482836617792022e-008 -2.500627666896474e-008 -2.517930564852247e-008 -2.534005994471802e-008 -2.549328211800783e-008 -2.565717712004777e-008
-2.64173112178631e-008 -2.641849262435515e-008 -2.638084712992011e-008 -2.630466687447731e-008 -2.610256826212827e-008 -2.577129094707246e-008 -2.55714041210489e-008 -2.545899965636497e-008 -2.533200865751625e-008 -2.520371650644402e-008 -2.507951462366669e-008 -2.496435737601637e-008 -2.483710888613461e-008 -2.470910847046722e-008 -2.456429886831169e-008 -2.439585903532038e-008 -2.421878345606783e-008 -2.403352274010948e-008 -2.38540259814676e-008 -2.367312537561662e-008 -2.349900464122449e-008 -2.330954252967398e-008 -2.313192736588177e-008 -2.297268438571588e-008 -2.287439118912452e-008 -2.298181105225718e-008 -2.323054379745314e-008 -2.343692492909816e-008 -2.365196065344645e-008 -2.386523285535707e-008 -2.407898497373026e-008 -2.429716786814584e-008 -2.451517589908945e-008 -2.471698740452503e-008 -2.490372998791127e-008 -2.508067256382832e-008 -2.524963514129672e-008 -2.540960581086974e-008 -2.557148059713209e-008
-2.640594355519668e-008 -2.639818962744805e-008 -2.636641140912835e-008 -2.632958405618792e-008 -2.608468804177954e-008 -2.56679163557898e-008 -2.548349439786413e-008 -2.539087279454693e-008 -2.525654977632925e-008 -2.512483772431005e-008 -2.499636921755013e-008 -2.488355042590492e-008 -2.474896954526859e-008 -2.460355033900637e-008 -2.444701402578406e-008 -2.428483386240943e-008 -2.410731073143585e-008 -2.389603782329946e-008 -2.369658269386043e-008 -2.351785523825789e-008 -2.333592805055404e-008 -2.314297418078137e-008 -2.297172434234741e-008 -2.277972104028248e-008 -2.266010452309147e-008 -2.280772300356373e-008 -2.306471681641965e-008 -2.326444816859448e-008 -2.348924270503047e-008 -2.370484464231366e-008 -2.39249289099368e-008 -2.415037240251141e-008 -2.439295219310446e-008 -2.460166762650314e-008 -2.479563220790803e-008 -2.498385147631376e-008 -2.516015701807427e-008 -2.533210154742823e-008 -2.548977492396041e-008
-2.636922901390287e-008 -2.635675989544089e-008 -2.633467142456118e-008 -2.624163570741604e-008 -2.594367381837371e-008 -2.558442899192692e-008 -2.541930200648375e-008 -2.531832979107543e-008 -2.518488460067831e-008 -2.505071084011476e-008 -2.491577813926195e-008 -2.479139470870795e-008 -2.464845403121618e-008 -2.449634686196419e-008 -2.433337146037297e-008 -2.416213801742261e-008 -2.397913015615942e-008 -2.376925217050033e-008 -2.356323748310533e-008 -2.336574435015823e-008 -2.318171672972232e-008 -2.298191350100693e-008 -2.280134092956923e-008 -2.260545257559268e-008 -2.25306826143004e-008 -2.266111422152732e-008 -2.288184274424769e-008 -2.309174845656071e-008 -2.331983755077999e-008 -2.35338653066191e-008 -2.376321966592581e-008 -2.399496601541751e-008 -2.423616699596632e-008 -2.445757829811981e-008 -2.466447942811291e-008 -2.486153555391365e-008 -2.504797591310405e-008 -2.522930142357262e-008 -2.539922895727085e-008
