data/gpsIIR_gridfiles/no_nap_antenna/gpsiirX-R100-Q34W13S0.grd
DSAA
361 181
-180 180
-90 90
-2.7441318797915E-008 2.7499270515776E-008
[rows 0 to 16 of 181, columns 39 to 77 of 361]
-3.938066577501149e-011 -3.938066577501149e-011 -3.938066577501149e-011 -3.938066577501149e-011 -3.938066577501149e-011 -3.938066577501149e-011 -3.938066577501149e-011 -3.938066577501149e-011 -3.938066577501149e-011 -3.938066577501149e-011 -3.938066577501149e-011 -3.938066577501149e-011 -3.938066577501149e-011 -3.938066577501149e-011 -3.938066577501149e-011 -3.938066577501149e-011 -3.938066577501149e-011 -3.938066577501149e-011 -3.938066577501149e-011 -3.938066577501149e-011 -3.938066577501149e-011 -3.938066577501149e-011 -3.938066577501149e-011 -3.938066577501149e-011 -3.938066577501149e-011 -3.938066577501149e-011 -3.938066577501149e-011 -3.938066577501149e-011 -3.938066577501149e-011 -3.938066577501149e-011 -3.938066577501149e-011 -3.938066577501149e-011 -3.938066577501149e-011 -3.938066577501149e-011 -3.938066577501149e-011 -3.938066577501149e-011 -3.938066577501149e-011 -3.938066577501149e-011 -3.938066577501149e-011
2.759991652986718e-010 2.770633062257816e-010 2.784451644094801e-010 2.776429310512096e-010 2.733846317393051e-010 2.660940986248581e-010 2.570928756400663e-010 2.482169245360158e-010 2.415850456547039e-010 2.370356680308902e-010 2.313728480962647e-010 2.202677706508226e-010 2.092136907898354e-010 1.929068338171299e-010 1.650110269557241e-010 1.251664678655465e-010 9.576412788632254e-011 1.040116048640336e-010 1.360443063740396e-010 1.586348214968782e-010 1.622940351195048e-010 1.604558287700766e-010 1.617267531358476e-010 1.614362745708162e-010 1.595330794018518e-010 1.565256149308354e-010 1.526708276622366e-010 1.473543741016121e-010 1.406234996280121e-010 1.332101871513327e-010 1.257490501185242e-010 1.184102005320857e-010 1.111908244311786e-010 1.040587733194213e-010 9.61518763457473e-011 8.573084719014418e-011 7.270443718317128e-011 5.970730966756065e-011 4.772163271731994e-011
5.908005859026424e-010 5.925457698734313e-010 5.958485825247499e-010 5.950945532898488e-010 5.875286071002808e-010 5.736299588108354e-010 5.560484393011656e-010 5.382904838501234e-010 5.235067501523981e-010 5.110763085007007e-010 4.952481427205337e-010 4.724394667555448e-010 4.445445511592039e-010 4.046150797824673e-010 3.453808809796227e-010 2.787536290069671e-010 2.412408663019044e-010 2.595880862246992e-010 3.137445162245104e-010 3.570277396525173e-010 3.611375989487612e-010 3.523971627592125e-010 3.569293043169949e-010 3.599630578032012e-010 3.578145027338192e-010 3.523466903249227e-010 3.445413505140484e-010 3.342373637919004e-010 3.214520874733692e-010 3.070810662682468e-010 2.922897641579208e-010 2.777201511830886e-010 2.633983821792002e-010 2.485575804142008e-010 2.310209609048423e-010 2.082882297911539e-010 1.805697971542154e-010 1.508815557356569e-010 1.228225591696761e-010
9.052004184757102e-010 9.101449454614876e-010 9.172878465917596e-010 9.16484937126355e-010 9.037287438222275e-010 8.813727831888233e-010 8.537401688227386e-010 8.263818931581391e-010 8.031191624705137e-010 7.823783361080732e-010 7.572629948485665e-010 7.217994285288308e-010 6.751673637254272e-010 6.109190049495478e-010 5.233199900470327e-010 4.365680438439443e-010 3.98603793203382e-010 4.352062224383313e-010 5.14292482162118e-010 5.697478340531384e-010 5.756809652578213e-010 5.652317678108369e-010 5.603440461385956e-010 5.604211193054027e-010 5.566174423113094e-010 5.465561647386645e-010 5.333336183883007e-010 5.183624387045801e-010 5.007282148182011e-010 4.80406382183516e-010 4.588313607084114e-010 4.372286497111271e-010 4.157056429306242e-010 3.926487148271213e-010 3.642497347572658e-010 3.263621060415059e-010 2.780642428085129e-010 2.253078412401142e-010 1.813327663182071e-010
1.236759793965049e-009 1.256013543207631e-009 1.266739694025753e-009 1.256808821497956e-009 1.231030618629262e-009 1.19786241541836e-009 1.161378475110878e-009 1.12713964244074e-009 1.096569722413383e-009 1.066383459874161e-009 1.031331261262912e-009 9.833876450015559e-010 9.207930347053767e-010 8.401978147777456e-010 7.450660185888855e-010 6.652477204168628e-010 6.485121199565582e-010 7.086525586362023e-010 7.825226050081524e-010 8.13300210314145e-010 8.075281298404401e-010 7.930568042633612e-010 7.831576572612905e-010 7.781107978876012e-010 7.647948843554531e-010 7.423554008472079e-010 7.181390340853719e-010 6.956940206794968e-010 6.742064529700168e-010 6.506728338568621e-010 6.243006217836389e-010 5.965617824951719e-010 5.681949203985392e-010 5.371398952794408e-010 4.97974821041188e-010 4.45118085655293e-010 3.784823906294288e-010 3.158273265898992e-010 2.706435605931995e-010
1.665544487456607e-009 1.663257576137177e-009 1.64048541026116e-009 1.606500809035101e-009 1.566857627598922e-009 1.52453283214849e-009 1.48127245638346e-009 1.438337442351444e-009 1.399512219727006e-009 1.362151848239145e-009 1.323800837304071e-009 1.282601414280215e-009 1.246802962028993e-009 1.225712225346533e-009 1.196989440541841e-009 1.167558958559943e-009 1.156291927033647e-009 1.15547412645858e-009 1.145845473074951e-009 1.12142618773587e-009 1.088784524287003e-009 1.056779456470958e-009 1.031900388898637e-009 1.009353280805064e-009 9.799838368094224e-010 9.472159095856428e-010 9.137729237961572e-010 8.809610369535507e-010 8.504141990268536e-010 8.218629137427269e-010 7.925954326219326e-010 7.609340403730138e-010 7.268535582141146e-010 6.890081857668883e-010 6.445468781658547e-010 5.904594372627286e-010 5.189094058261909e-010 4.397330768452432e-010 3.802497881369716e-010
2.076409244956176e-009 2.038030366773102e-009 1.996314966832636e-009 1.952573926498417e-009 1.905566688908876e-009 1.854319633688373e-009 1.806005622142175e-009 1.759676894736485e-009 1.713488286538589e-009 1.669681170163173e-009 1.630658881642198e-009 1.608180496287566e-009 1.617569940938284e-009 1.616391939328246e-009 1.587789048446744e-009 1.553178805251727e-009 1.516995156184552e-009 1.478825188608462e-009 1.438827493751729e-009 1.398632221318841e-009 1.357827674514986e-009 1.316025574617999e-009 1.275191855041098e-009 1.236393761637045e-009 1.196989494831894e-009 1.156765437272699e-009 1.116284426433263e-009 1.076776081327251e-009 1.040134045937562e-009 1.005078416479549e-009 9.688674688918562e-010 9.310052941266973e-010 8.898401099114533e-010 8.439640661511451e-010 7.940958596335284e-010 7.406396164986422e-010 6.784013856824199e-010 5.984271551875996e-010 5.202153838064941e-010
2.437266777286743e-009 2.394508247029853e-009 2.347677156976864e-009 2.298803499449397e-009 2.248499255005965e-009 2.195779380840686e-009 2.142126146049514e-009 2.0911981771371e-009 2.040832643566514e-009 1.992737525547705e-009 1.954336905184696e-009 1.940197957693479e-009 1.9370387087672e-009 1.910939596553637e-009 1.872340749169547e-009 1.831548647840426e-009 1.789212700425077e-009 1.745360491427371e-009 1.700163398843236e-009 1.654196103809235e-009 1.607731472599529e-009 1.560542082982747e-009 1.512831349506875e-009 1.465438924582854e-009 1.418234660160926e-009 1.370868552653614e-009 1.324021606886799e-009 1.279576638910199e-009 1.237296587930852e-009 1.192815486049547e-009 1.146013749407116e-009 1.098691860728682e-009 1.049883803139356e-009 9.969701460015141e-010 9.405860440033067e-010 8.818209223123213e-010 8.197776736290563e-010 7.504856692837245e-010 6.782677293549606e-010
2.799869244008167e-009 2.753054069349416e-009 2.701719914542947e-009 2.648522131469265e-009 2.594807187233905e-009 2.541782426236989e-009 2.486866590649607e-009 2.431895644457505e-009 2.378547606710727e-009 2.329327373667896e-009 2.292988438967061e-009 2.274194489205565e-009 2.247300053534876e-009 2.20599464196995e-009 2.160569725975727e-009 2.113641486391599e-009 2.065186275213818e-009 2.015153717170156e-009 1.96361564610056e-009 1.911288033334174e-009 1.858656904591175e-009 1.805639620432557e-009 1.752665795241462e-009 1.699933728260821e-009 1.64629049031799e-009 1.592258788621244e-009 1.539491074786187e-009 1.488490959056601e-009 1.436072785954445e-009 1.380630248848231e-009 1.323725473467942e-009 1.266874786597479e-009 1.210161692614003e-009 1.150566426853834e-009 1.087423000400651e-009 1.021617948923067e-009 9.536986938491339e-010 8.841954439020898e-010 8.174112116357389e-010
3.165514951033028e-009 3.114261340269798e-009 3.058911195424217e-009 3.002248441880399e-009 2.945485546678137e-009 2.88930764424654e-009 2.832516012608417e-009 2.775433561257723e-009 2.71984048283291e-009 2.669426090762795e-009 2.630785122872134e-009 2.597727309802544e-009 2.554085474585635e-009 2.504303535052515e-009 2.452427390065924e-009 2.399349118976833e-009 2.344809036073624e-009 2.288747687817213e-009 2.231130130124712e-009 2.172238146182301e-009 2.113360124171267e-009 2.054770588917737e-009 1.997359408549496e-009 1.940358608480911e-009 1.881315805217193e-009 1.820389338297071e-009 1.758714587597571e-009 1.696799795809299e-009 1.633632201141862e-009 1.568896770544245e-009 1.50319056965648e-009 1.437384451464451e-009 1.372008403218332e-009 1.30488172398231e-009 1.234866763205388e-009 1.162289998627222e-009 1.088027717640178e-009 1.014002164351529e-009 9.435202428117855e-010
3.534990310472763e-009 3.478434109381722e-009 3.418815662436634e-009 3.358425046989346e-009 3.298624259755512e-009 3.239238110159512e-009 3.178921419897364e-009 3.119066577545393e-009 3.060831407851119e-009 3.007656745126232e-009 2.962551190690191e-009 2.916247262161162e-009 2.863085225265298e-009 2.806288996955295e-009 2.747982574551129e-009 2.688633100659399e-009 2.627865646074582e-009 2.565748003127227e-009 2.502433811929728e-009 2.437911142711035e-009 2.373415798689816e-009 2.310145515196875e-009 2.247853995590947e-009 2.183860486210062e-009 2.116866819759395e-009 2.047642208986951e-009 1.976598717190908e-009 1.904402321991446e-009 1.831900022983976e-009 1.758696365353619e-009 1.684738135693451e-009 1.61063443601845e-009 1.5365791495986e-009 1.460945933964404e-009 1.383073441125961e-009 1.30378442690235e-009 1.22361426218847e-009 1.143200633412747e-009 1.064875468652027e-009
3.909904230107855e-009 3.846530779248481e-009 3.781976802659796e-009 3.71718439723695e-009 3.652741735212203e-009 3.588904724324734e-009 3.525699313338953e-009 3.462696167466572e-009 3.401101896103225e-009 3.343955118718385e-009 3.291466780132621e-009 3.235907399090961e-009 3.175253901203658e-009 3.111847407038319e-009 3.047278586639421e-009 2.981988188462567e-009 2.915008526317352e-009 2.846595128164562e-009 2.777658232041368e-009 2.708530050656139e-009 2.640020122786811e-009 2.571687293978328e-009 2.501131662941477e-009 2.427260087201397e-009 2.351162613755943e-009 2.273686444276973e-009 2.194640802348997e-009 2.113803138193793e-009 2.032389502506727e-009 1.950813896418117e-009 1.868952491055232e-009 1.786871703553424e-009 1.704119280890086e-009 1.619975918990839e-009 1.533979429273635e-009 1.446847205150547e-009 1.359071739763892e-009 1.271031212560378e-009 1.184024613174934e-009
4.291238996040508e-009 4.219882849255954e-009 4.149398852190829e-009 4.079586530997275e-009 4.010375188202706e-009 3.941800211848351e-009 3.874074971822899e-009 3.806982798187965e-009 3.741468674693665e-009 3.679910475824232e-009 3.620561512521074e-009 3.557420631456919e-009 3.490328255736561e-009 3.420914572467397e-009 3.349976877734982e-009 3.278776625191584e-009 3.20628568818708e-009 3.132251139237515e-009 3.05817592574208e-009 2.98472169409535e-009 2.910868408707059e-009 2.834361169881549e-009 2.754293223637881e-009 2.671051532964931e-009 2.586115969937257e-009 2.500501817308342e-009 2.413613988968389e-009 2.325188114866398e-009 2.235806960905902e-009 2.146303101967101e-009 2.056478467488925e-009 1.965423855899523e-009 1.873281347323722e-009 1.780427693934325e-009 1.686220495548534e-009 1.590763210352373e-009 1.494615629651898e-009 1.398410901303628e-009 1.302362216370747e-009
4.678734401952918e-009 4.599405893421753e-009 4.522252143333866e-009 4.446415987147309e-009 4.371381403072457e-009 4.297746993540109e-009 4.224925402914438e-009 4.152867922915668e-009 4.082809273563457e-009 4.016587064821133e-009 3.950560861467717e-009 3.880532576400652e-009 3.807654011642263e-009 3.733080444037996e-009 3.656444326722107e-009 3.57870699416691e-009 3.50056985961477e-009 3.42218977293268e-009 3.344176131612418e-009 3.264674235724597e-009 3.181719180942538e-009 3.095665377243115e-009 3.007241281341335e-009 2.916249366248791e-009 2.822891304322221e-009 2.728980750688687e-009 2.634243264685277e-009 2.538379981591972e-009 2.44126516822097e-009 2.343422468379592e-009 2.244573464434897e-009 2.144339173192805e-009 2.043061050033442e-009 1.941263546323036e-009 1.838705051466575e-009 1.73503068959078e-009 1.630603492854169e-009 1.5260893539909e-009 1.420791021699163e-009
5.072322641242722e-009 4.985482991457773e-009 4.901274826224893e-009 4.818763792959606e-009 4.736831696582619e-009 4.656790641980186e-009 4.578529841795516e-009 4.500993348703893e-009 4.425935722155218e-009 4.354309331376958e-009 4.28166321853526e-009 4.20541033163149e-009 4.126947044769926e-009 4.046886337555557e-009 3.965116024043064e-009 3.882112878013071e-009 3.799064669099866e-009 3.716777904925842e-009 3.633386866337381e-009 3.545401010867855e-009 3.452584947347688e-009 3.357312280628226e-009 3.260920771293332e-009 3.162483858805052e-009 3.061626548986607e-009 2.959784420886828e-009 2.857332760245955e-009 2.753354276015526e-009 2.647584381937945e-009 2.540583083497271e-009 2.432622930907072e-009 2.323639436936191e-009 2.213636475857254e-009 2.102860815308874e-009 1.991430465590201e-009 1.879294991260428e-009 1.766610606661985e-009 1.653723414827851e-009 1.539607316556555e-009
5.471671615694002e-009 5.378076699442561e-009 5.286572209577024e-009 5.197139752763668e-009 5.109060765585166e-009 5.021312085749288e-009 4.935578687431626e-009 4.851539678569626e-009 4.770652940196951e-009 4.692750311212944e-009 4.614380263504543e-009 4.532467594020365e-009 4.448377945130864e-009 4.36303395869637e-009 4.276163395494831e-009 4.18899711134292e-009 4.101774306165235e-009 4.013587073633997e-009 3.922007689752e-009 3.825735671678868e-009 3.725157530045076e-009 3.621170060118773e-009 3.516523852119981e-009 3.410334550989033e-009 3.301975717479501e-009 3.192271162679079e-009 3.081432773240495e-009 2.968842149828121e-009 2.854536601101717e-009 2.738766481101088e-009 2.621816014796098e-009 2.504034017483079e-009 2.385275438304814e-009 2.265601403516609e-009 2.14515363866673e-009 2.023923275597567e-009 1.902328280470379e-009 1.780843847283114e-009 1.65857729957173e-009
5.875791576127169e-009 5.776183232926532e-009 5.677172914894165e-009 5.578736828001412e-009 5.483801798662973e-009 5.389052344628214e-009 5.294917785571192e-009 5.20388606011107e-009 5.116780980376215e-009 5.031753531520469e-009 4.948791389188337e-009 4.862129804535976e-009 4.772540062264878e-009 4.682233356282515e-009 4.591455885463519e-009 4.500459497871058e-009 4.40672369763066e-009 4.31011575956585e-009 4.210152832692821e-009 4.106120554804952e-009 3.998476532101155e-009 3.887219238592437e-009 3.774707063755007e-009 3.660499189821445e-009 3.543895899780811e-009 3.425549734706123e-009 3.305944057360712e-009 3.184806175469104e-009 3.062291820725032e-009 2.93846237569042e-009 2.812849059483026e-009 2.685861092166098e-009 2.557882110554955e-009 2.429152777316722e-009 2.299714691534464e-009 2.169408043221812e-009 2.038530396688769e-009 1.907628400716424e-009 1.777061390831353e-009
