data/gpsIIR_gridfiles/no_nap_antenna/gpsiirZ-R100-Q32W11S0.grd
DSAA
361 181
-180 180
-90 90
-2.8090124359031E-008 2.8537123952444E-008
[rows 153 to 169 of 181, columns 114 to 151 of 361]
-2.717671300141853e-008 -2.719136576248655e-008 -2.719752591512267e-008 -2.719786696434637e-008 -2.719600201418317e-008 -2.719102398828094e-008 -2.717858308984574e-008 -2.716189966659583e-008 -2.714016928627873e-008 -2.711336666590051e-008 -2.707462947841054e-008 -2.702160403143876e-008 -2.696015540948058e-008 -2.688083737913476e-008 -2.678172779405227e-008 -2.667999416260265e-008 -2.656788210611211e-008 -2.64409835686964e-008 -2.62829190939573e-008 -2.614524067145837e-008 -2.607359036126439e-008 -2.602568649180869e-008 -2.603236205877028e-008 -2.610840096808811e-008 -2.617470243299535e-008 -2.623438515285295e-008 -2.630942782761413e-008 -2.639844905453694e-008 -2.647880621585235e-008 -2.65293408354133e-008 -2.656015950262398e-008 -2.6569821935046e-008 -2.65642563498277e-008 -2.655770340115752e-008 -2.654658728231072e-008 -2.652468993603869e-008 -2.648806607922138e-008 -2.644875188369023e-008
-2.73086795007682e-008 -2.731905730324995e-008 -2.732350289313533e-008 -2.732366656473382e-008 -2.732143872998918e-008 -2.731369439551313e-008 -2.729901038362939e-008 -2.728140128311323e-008 -2.725833303970144e-008 -2.723077553324697e-008 -2.71889537288277e-008 -2.71346007877417e-008 -2.707398657656381e-008 -2.699101120914191e-008 -2.688698411897882e-008 -2.678481144577708e-008 -2.66705021632698e-008 -2.654302259679973e-008 -2.639871393992045e-008 -2.62614928742751e-008 -2.61889570428177e-008 -2.614489449878276e-008 -2.614224034670243e-008 -2.620753862900833e-008 -2.628535620814089e-008 -2.634828946779942e-008 -2.643033455329116e-008 -2.650629117129091e-008 -2.658817364772026e-008 -2.664599692168826e-008 -2.667928833578564e-008 -2.669328828683437e-008 -2.669853683029269e-008 -2.669108812250354e-008 -2.668164414276888e-008 -2.6664044546479e-008 -2.66384233469951e-008 -2.660416749917334e-008
-2.742092191011858e-008 -2.742766114597347e-008 -2.743036503518257e-008 -2.74312893657384e-008 -2.743068876819286e-008 -2.742298647893255e-008 -2.740959378678281e-008 -2.738875988498279e-008 -2.736054713654527e-008 -2.73308552445923e-008 -2.729123340227253e-008 -2.724239665830548e-008 -2.717625080574027e-008 -2.708774018724364e-008 -2.697336067045885e-008 -2.685912765456469e-008 -2.673907184510435e-008 -2.663058542529246e-008 -2.651102860524797e-008 -2.636660680469905e-008 -2.627870879543058e-008 -2.623444777947131e-008 -2.622899360383897e-008 -2.627411197225976e-008 -2.63725815372851e-008 -2.646047538036315e-008 -2.653924419503425e-008 -2.660086888471984e-008 -2.666881781281952e-008 -2.673770960301032e-008 -2.677729523392642e-008 -2.680040945749542e-008 -2.681553285447593e-008 -2.681613035035413e-008 -2.680522906527365e-008 -2.678870632133162e-008 -2.676972510319621e-008 -2.674586737544607e-008
-2.751651414439671e-008 -2.75214671771836e-008 -2.75229024614115e-008 -2.752384607664691e-008 -2.752432767276192e-008 -2.75142415814593e-008 -2.749748253799283e-008 -2.747388649925573e-008 -2.744455826780698e-008 -2.741203593741857e-008 -2.736853511764722e-008 -2.731920826920456e-008 -2.725132896099217e-008 -2.71596259168109e-008 -2.703622837052979e-008 -2.692102688555348e-008 -2.681217126992465e-008 -2.670810876383097e-008 -2.659388233608694e-008 -2.644611579627559e-008 -2.635209896161679e-008 -2.631498744732378e-008 -2.631064558326556e-008 -2.63477013732978e-008 -2.645022957499632e-008 -2.655148347162187e-008 -2.662228536445194e-008 -2.668319344883946e-008 -2.674420703401156e-008 -2.681240549615363e-008 -2.686425200334092e-008 -2.689437963042829e-008 -2.69138336608569e-008 -2.692196235224412e-008 -2.691389804403513e-008 -2.689810423540535e-008 -2.688229978583426e-008 -2.686322722367398e-008
-2.759589032109143e-008 -2.75994871110833e-008 -2.76009208666509e-008 -2.760287030902286e-008 -2.759931066258892e-008 -2.758544222073099e-008 -2.756536180469417e-008 -2.754072600324006e-008 -2.751140681788016e-008 -2.747385168859571e-008 -2.742284998030741e-008 -2.73656598128288e-008 -2.729925485385809e-008 -2.720263858826629e-008 -2.708089995255632e-008 -2.697720770913283e-008 -2.687839607035893e-008 -2.677297002659596e-008 -2.665149262186951e-008 -2.650252398325946e-008 -2.641403523524496e-008 -2.63789158146296e-008 -2.638075134576326e-008 -2.642183944211808e-008 -2.652385624850758e-008 -2.662255285683526e-008 -2.668630319157443e-008 -2.67465328677713e-008 -2.680916021340512e-008 -2.687689305008659e-008 -2.693792240179064e-008 -2.697666663443116e-008 -2.699994313947709e-008 -2.700825447919185e-008 -2.700356495321398e-008 -2.699192278846617e-008 -2.697973404412969e-008 -2.696514381915985e-008
-2.765815078357022e-008 -2.766024808241608e-008 -2.76617724215337e-008 -2.766018322816247e-008 -2.765244717413779e-008 -2.763689843626253e-008 -2.7613883239514e-008 -2.758832410039456e-008 -2.755933598109901e-008 -2.75187138116831e-008 -2.746552433392756e-008 -2.740314326977237e-008 -2.732906446167494e-008 -2.723037303844475e-008 -2.711747140320987e-008 -2.701878105180293e-008 -2.692178904281013e-008 -2.68202090016514e-008 -2.670177054859133e-008 -2.656124440480108e-008 -2.647502696921883e-008 -2.644117957310764e-008 -2.645213709847614e-008 -2.648929268488457e-008 -2.657708066946583e-008 -2.667473452977902e-008 -2.673927409436085e-008 -2.680029537409132e-008 -2.686369051638236e-008 -2.692476978601888e-008 -2.698988402432608e-008 -2.703419943102438e-008 -2.706046763383516e-008 -2.706919485167531e-008 -2.70717218528588e-008 -2.706832650021234e-008 -2.705820827426461e-008 -2.704685546025292e-008
-2.770241299005684e-008 -2.770462758065943e-008 -2.770368346552016e-008 -2.769630958206828e-008 -2.768152150253842e-008 -2.766391549506566e-008 -2.764327828047297e-008 -2.761753431831344e-008 -2.758825946051188e-008 -2.754709966452537e-008 -2.749315238513253e-008 -2.742757193605027e-008 -2.734754248843724e-008 -2.724995739070783e-008 -2.714151294877543e-008 -2.703933126857893e-008 -2.694293032707485e-008 -2.685066640101174e-008 -2.674182059803974e-008 -2.662382835868368e-008 -2.654224125344179e-008 -2.651504329588066e-008 -2.651952191927336e-008 -2.654213849415176e-008 -2.661544530052338e-008 -2.670701082130183e-008 -2.677698846545424e-008 -2.684479254428325e-008 -2.690416076129352e-008 -2.695849784134805e-008 -2.701969299235411e-008 -2.706802064769267e-008 -2.70960137338589e-008 -2.710997415347169e-008 -2.712141082542299e-008 -2.712600194838143e-008 -2.712019237508387e-008 -2.711125060452727e-008
-2.773532568027679e-008 -2.773534220018736e-008 -2.772989151359379e-008 -2.771803528935993e-008 -2.77009825186136e-008 -2.768140008265699e-008 -2.766047971393378e-008 -2.763122663067445e-008 -2.759818808708187e-008 -2.755666776377407e-008 -2.750203747052679e-008 -2.743419048824276e-008 -2.73476686137304e-008 -2.725693336089806e-008 -2.715435986888852e-008 -2.704802686620041e-008 -2.695561064687291e-008 -2.686385002334177e-008 -2.675377056190023e-008 -2.666529155942344e-008 -2.660034662371478e-008 -2.656084564151484e-008 -2.65563758922079e-008 -2.658224211870872e-008 -2.66572077784045e-008 -2.672981001950327e-008 -2.679083437329745e-008 -2.68642791360797e-008 -2.692554948366563e-008 -2.698010527079525e-008 -2.703862392228397e-008 -2.708558044676064e-008 -2.711795536628788e-008 -2.713936337177639e-008 -2.715499255200052e-008 -2.716392227589219e-008 -2.716262064056673e-008 -2.715687246298543e-008
-2.775550584385736e-008 -2.775020889327619e-008 -2.774150629024019e-008 -2.772667880057636e-008 -2.770823504187452e-008 -2.768948573108032e-008 -2.766388607321688e-008 -2.762919746267571e-008 -2.759053388888986e-008 -2.754569213626206e-008 -2.748911787499746e-008 -2.741616784434067e-008 -2.733240120076635e-008 -2.725018340448022e-008 -2.715409677860443e-008 -2.70435912990636e-008 -2.694737985411194e-008 -2.685095200632407e-008 -2.674860910422202e-008 -2.667846263083791e-008 -2.662959820865645e-008 -2.659260380356837e-008 -2.658819319498814e-008 -2.662302211898958e-008 -2.668537827582649e-008 -2.673993888747248e-008 -2.678801771657172e-008 -2.685315729239017e-008 -2.692510113725877e-008 -2.698677003378692e-008 -2.704415654712142e-008 -2.709108966980482e-008 -2.712721342185638e-008 -2.71523639355237e-008 -2.717076953634552e-008 -2.718224881125455e-008 -2.71843608950759e-008 -2.718362589225179e-008
-2.775200010950945e-008 -2.774546275659497e-008 -2.773542101326071e-008 -2.771916006546594e-008 -2.769847783774698e-008 -2.767560006906921e-008 -2.764597997259893e-008 -2.760922125321109e-008 -2.756726212241785e-008 -2.751810828081629e-008 -2.745963273100619e-008 -2.738810584864127e-008 -2.730833776604577e-008 -2.722695070840602e-008 -2.71297545209342e-008 -2.701785957454271e-008 -2.692262533974276e-008 -2.683895944202432e-008 -2.674767532742009e-008 -2.667741430926524e-008 -2.663381354503626e-008 -2.660796012611418e-008 -2.661316326788681e-008 -2.664132300200746e-008 -2.667721880525712e-008 -2.672782546082169e-008 -2.677425688727401e-008 -2.682916063347742e-008 -2.690313179409175e-008 -2.697427688988201e-008 -2.702848474598893e-008 -2.70739233477319e-008 -2.711443093689603e-008 -2.714161818404229e-008 -2.716279745708864e-008 -2.717820878687849e-008 -2.718670394400549e-008 -2.719191978108962e-008
-2.773048442364301e-008 -2.772133947714499e-008 -2.770793654487186e-008 -2.768973675516199e-008 -2.766728944769084e-008 -2.764140837208569e-008 -2.760964947039946e-008 -2.757151557151234e-008 -2.752813981428167e-008 -2.747805695904849e-008 -2.742008383234688e-008 -2.7350692021347e-008 -2.726799989036353e-008 -2.718000555161284e-008 -2.707727788858935e-008 -2.697716622579662e-008 -2.689377482200942e-008 -2.682376170556388e-008 -2.67520872112887e-008 -2.667562872414468e-008 -2.662756336099377e-008 -2.660591610710501e-008 -2.661110914021411e-008 -2.662801713679902e-008 -2.66500024749066e-008 -2.668419749734363e-008 -2.673381675873897e-008 -2.679059959693812e-008 -2.68681204282012e-008 -2.694420264018643e-008 -2.699655495177059e-008 -2.703728543444459e-008 -2.707335143475787e-008 -2.710550080842091e-008 -2.713099006063047e-008 -2.715249175354457e-008 -2.717015538520249e-008 -2.718154420258145e-008
-2.769014362870554e-008 -2.76764667854354e-008 -2.76598871410201e-008 -2.763975433005633e-008 -2.761598636122621e-008 -2.758860103082288e-008 -2.755577103626423e-008 -2.751699304739427e-008 -2.747254107067312e-008 -2.74222268212852e-008 -2.736414051760785e-008 -2.729415580572141e-008 -2.720423624430651e-008 -2.710409944834545e-008 -2.700937956626252e-008 -2.693047472401663e-008 -2.685677065363363e-008 -2.679002148231829e-008 -2.67301681180677e-008 -2.666533157275426e-008 -2.661138356180945e-008 -2.658551696144721e-008 -2.658341675474735e-008 -2.659318085619269e-008 -2.661364541822627e-008 -2.663942134628894e-008 -2.667912277018093e-008 -2.673672463833983e-008 -2.681947833191492e-008 -2.689776773464686e-008 -2.695001860052095e-008 -2.699157857895838e-008 -2.702475852992451e-008 -2.70542691521181e-008 -2.708229427894993e-008 -2.710923034350124e-008 -2.713543502967581e-008 -2.71537274656116e-008
-2.762737535956133e-008 -2.761261602965927e-008 -2.75938032645178e-008 -2.757190042254788e-008 -2.754701282092378e-008 -2.751772053938975e-008 -2.748335514471969e-008 -2.744374690433242e-008 -2.7398591068772e-008 -2.73483382064155e-008 -2.728898286302214e-008 -2.721314600934247e-008 -2.711380253151233e-008 -2.701564891401181e-008 -2.693728955862423e-008 -2.687250002003374e-008 -2.681206851629067e-008 -2.674892722973654e-008 -2.669104258979533e-008 -2.663283804646706e-008 -2.657710936423298e-008 -2.654639864210673e-008 -2.653843686755261e-008 -2.654029457063108e-008 -2.655304967475527e-008 -2.658082673834933e-008 -2.661974436874965e-008 -2.667664083475744e-008 -2.675862461054631e-008 -2.683597019564646e-008 -2.688658884367826e-008 -2.692387585559493e-008 -2.695737261190094e-008 -2.699190741443561e-008 -2.702349594679075e-008 -2.705327505102296e-008 -2.708368605216078e-008 -2.710840817537585e-008
-2.754266711797515e-008 -2.752943039490692e-008 -2.751170567400342e-008 -2.748831975493631e-008 -2.746044699467151e-008 -2.742825940722134e-008 -2.739178317651283e-008 -2.735120326165511e-008 -2.730573538458696e-008 -2.725487339228997e-008 -2.7191943716291e-008 -2.710667591583965e-008 -2.700700843816683e-008 -2.692179769903351e-008 -2.685461449891228e-008 -2.679767795436807e-008 -2.67441636266262e-008 -2.66909011787563e-008 -2.663759323153144e-008 -2.658140469014414e-008 -2.652486722735763e-008 -2.649293300269578e-008 -2.64833747995894e-008 -2.648411175291321e-008 -2.649517264930326e-008 -2.651988700688136e-008 -2.655996097914764e-008 -2.661785077348565e-008 -2.669295836648521e-008 -2.676356801529608e-008 -2.681165598050927e-008 -2.684924405061655e-008 -2.688457731334029e-008 -2.692188182430054e-008 -2.695574167920936e-008 -2.698649368056023e-008 -2.701887814591072e-008 -2.704749101807778e-008
-2.744141400171962e-008 -2.743058251007854e-008 -2.741376853778125e-008 -2.738590071544487e-008 -2.735128737249288e-008 -2.731637725648909e-008 -2.727975059222422e-008 -2.723984397568821e-008 -2.719457898896402e-008 -2.714256066600191e-008 -2.707547446534424e-008 -2.698753377772204e-008 -2.689786007715903e-008 -2.682082588786105e-008 -2.675686601506902e-008 -2.670667352822465e-008 -2.66599851393526e-008 -2.661278277554859e-008 -2.656454721581368e-008 -2.651077068702515e-008 -2.645636390510521e-008 -2.642680839061548e-008 -2.641922666823987e-008 -2.642231519487941e-008 -2.643156386260584e-008 -2.645346217663624e-008 -2.650169135212443e-008 -2.656265990312602e-008 -2.662883933480099e-008 -2.668699137243033e-008 -2.672827900537494e-008 -2.676457066228886e-008 -2.680208223423861e-008 -2.683927592924079e-008 -2.687104939531634e-008 -2.690464491509492e-008 -2.694364547979725e-008 -2.697483152570261e-008
-2.732632005339335e-008 -2.731349967553917e-008 -2.729383178777641e-008 -2.72638699069651e-008 -2.722195416305064e-008 -2.718268708665904e-008 -2.714575689211098e-008 -2.710685731974377e-008 -2.706356626478331e-008 -2.701287043531825e-008 -2.694768947921825e-008 -2.686848478285529e-008 -2.679018532716468e-008 -2.671837824263037e-008 -2.665216132173306e-008 -2.660455127280385e-008 -2.65606309144464e-008 -2.651478999998969e-008 -2.646858295796273e-008 -2.641767374269698e-008 -2.636864230710431e-008 -2.634485874462702e-008 -2.634187543069203e-008 -2.634871954975183e-008 -2.635799143979962e-008 -2.638896235523709e-008 -2.644635957448944e-008 -2.650186434739011e-008 -2.656067434436637e-008 -2.66100525103206e-008 -2.664102172871351e-008 -2.666879439658535e-008 -2.670117515232329e-008 -2.673454568178776e-008 -2.676761288851602e-008 -2.680983145030939e-008 -2.685423272805488e-008 -2.688287286442629e-008
-2.718353571949827e-008 -2.716229287414643e-008 -2.713846961877527e-008 -2.711091714462968e-008 -2.707469046221552e-008 -2.703243581032593e-008 -2.699290298266514e-008 -2.695335871029791e-008 -2.691339979191289e-008 -2.687019486456372e-008 -2.681439212447582e-008 -2.674512806106772e-008 -2.667284802672913e-008 -2.660479956062462e-008 -2.654290977257678e-008 -2.648262581562159e-008 -2.643403420763672e-008 -2.638913028307715e-008 -2.634453304088818e-008 -2.629749026365061e-008 -2.625572321917121e-008 -2.62387055757445e-008 -2.623932786813815e-008 -2.624873068099856e-008 -2.626732599813897e-008 -2.631121584882628e-008 -2.635935908471649e-008 -2.641223920131821e-008 -2.647152022528546e-008 -2.652023144596191e-008 -2.654890420550151e-008 -2.6565085936386e-008 -2.658666192285956e-008 -2.661679161078008e-008 -2.665346529156811e-008 -2.669816471154822e-008 -2.673251360207395e-008 -2.675708111954245e-008
