data/gpsIIR_gridfiles/no_nap_antenna/gpsiirY-R100-Q50W50S0.grd
DSAA
361 181
-180 180
-90 90
-3.5245714920859E-008 3.544718437806E-008
[rows 119 to 135 of 181, columns 234 to 272 of 361]
-2.644644788537507e-008 -2.680842411795242e-008 -2.716084685109122e-008 -2.750320042971793e-008 -2.784028721516296e-008 -2.816612441388152e-008 -2.849172771032236e-008 -2.8796324992279e-008 -2.907183010761933e-008 -2.9335302617998e-008 -2.958340998702742e-008 -2.981976439108795e-008 -3.004204317245966e-008 -3.024552019576117e-008 -3.04398855209041e-008 -3.062186677953149e-008 -3.078887216012233e-008 -3.094498756487875e-008 -3.10879766081578e-008 -3.121412584223456e-008 -3.132209940562291e-008 -3.141710417731388e-008 -3.149942828095554e-008 -3.156582844043453e-008 -3.16259821125509e-008 -3.167820165119531e-008 -3.17143564351023e-008 -3.173721031667557e-008 -3.175160727114414e-008 -3.174647466429289e-008 -3.172631494528658e-008 -3.169590096250096e-008 -3.164530606346603e-008 -3.159674694725433e-008 -3.151866538023101e-008 -3.146312286131681e-008 -3.145501897738232e-008 -3.148938808897234e-008 -3.154449815904324e-008
-2.617666692169324e-008 -2.653151039429155e-008 -2.687907331930798e-008 -2.721740423553327e-008 -2.755189016673769e-008 -2.787774211613692e-008 -2.819173769564203e-008 -2.849225602365558e-008 -2.876979387055148e-008 -2.903100381970507e-008 -2.927369022996073e-008 -2.95069239230556e-008 -2.972442279950621e-008 -2.992844442681658e-008 -3.012347441197919e-008 -3.03037623542127e-008 -3.047022485157371e-008 -3.062333187155509e-008 -3.076349438957944e-008 -3.088921208869041e-008 -3.099925784528423e-008 -3.109494342047874e-008 -3.117614809877983e-008 -3.124518938477282e-008 -3.130117312007844e-008 -3.134723495596482e-008 -3.13840121398692e-008 -3.140462821508145e-008 -3.142213406752329e-008 -3.142545627224803e-008 -3.141000632119694e-008 -3.137707158572119e-008 -3.133527221560896e-008 -3.127525445430373e-008 -3.121430345656103e-008 -3.116818194234738e-008 -3.11394878481976e-008 -3.116073285264807e-008 -3.124031723345074e-008
-2.589258924573176e-008 -2.624445159275112e-008 -2.658646247036786e-008 -2.692137424180791e-008 -2.725078972741742e-008 -2.757616473873478e-008 -2.788289222984631e-008 -2.81803362209825e-008 -2.845730382227336e-008 -2.871393747016251e-008 -2.895262245714733e-008 -2.918325582541974e-008 -2.939752255731639e-008 -2.960018087949328e-008 -2.979419441303558e-008 -2.997466996755622e-008 -3.013744087515816e-008 -3.028988121584549e-008 -3.042854699156949e-008 -3.055391585672959e-008 -3.066545049041846e-008 -3.076180485007324e-008 -3.084222826922136e-008 -3.091243574519197e-008 -3.096558580687407e-008 -3.100915990090099e-008 -3.104504204811882e-008 -3.106404780151091e-008 -3.1082198142724e-008 -3.109047980310624e-008 -3.107632115529603e-008 -3.104347022760109e-008 -3.100732631455746e-008 -3.094661016802267e-008 -3.088919588521928e-008 -3.084631103834163e-008 -3.08084860794199e-008 -3.082650823014195e-008 -3.091671502948159e-008
-2.560291157123398e-008 -2.594669434309812e-008 -2.628405481384736e-008 -2.661365141335784e-008 -2.693710410805597e-008 -2.725954272099143e-008 -2.756655797868095e-008 -2.785720658019974e-008 -2.813121943450619e-008 -2.838657518498005e-008 -2.862483720728617e-008 -2.884972467977203e-008 -2.906324990632154e-008 -2.92641027752846e-008 -2.945275579207311e-008 -2.962810574404438e-008 -2.978884876039154e-008 -2.994184873016077e-008 -3.00800951211829e-008 -3.020617571747869e-008 -3.032097480982768e-008 -3.04199335280199e-008 -3.050133948628944e-008 -3.057276960082906e-008 -3.062648125922341e-008 -3.066681840089607e-008 -3.069938503914426e-008 -3.072075343316185e-008 -3.073219505581666e-008 -3.073428271457536e-008 -3.07196078120417e-008 -3.069208542073569e-008 -3.065387240020825e-008 -3.060576513644722e-008 -3.054674922068529e-008 -3.048221410419489e-008 -3.046815415959845e-008 -3.051113180725845e-008 -3.05828148752845e-008
-2.530191243519208e-008 -2.56402426754553e-008 -2.597322976039491e-008 -2.629633795525877e-008 -2.661434430442947e-008 -2.693488822369259e-008 -2.7241713492753e-008 -2.752555990898956e-008 -2.779663559609658e-008 -2.804985633381229e-008 -2.828407621303017e-008 -2.850611984523635e-008 -2.871731259823217e-008 -2.891645894429371e-008 -2.91023295099348e-008 -2.927287910609286e-008 -2.943229151616979e-008 -2.958423157344058e-008 -2.972277121770174e-008 -2.984834722518697e-008 -2.996512806357651e-008 -3.006472345773478e-008 -3.014585249263072e-008 -3.021800134026524e-008 -3.02712657880713e-008 -3.030927901950254e-008 -3.034036981442534e-008 -3.036138462528578e-008 -3.036982622283607e-008 -3.036965890772503e-008 -3.035473008080665e-008 -3.032988227404637e-008 -3.029263096769195e-008 -3.025130923010931e-008 -3.019286052059291e-008 -3.011660500475666e-008 -3.010623734219484e-008 -3.015983706167072e-008 -3.023229635604973e-008
-2.499236132956649e-008 -2.532352998432057e-008 -2.565175460059726e-008 -2.597092642657428e-008 -2.628608610012095e-008 -2.660155304018991e-008 -2.690263862828241e-008 -2.718466074724668e-008 -2.745117669081776e-008 -2.77004575385233e-008 -2.793281122529839e-008 -2.815198321471995e-008 -2.836024258827144e-008 -2.855733104785629e-008 -2.874113362775739e-008 -2.890951413909517e-008 -2.906784912872124e-008 -2.921810524054943e-008 -2.935873826025867e-008 -2.948391372319567e-008 -2.959521983966173e-008 -2.969122799648333e-008 -2.977384609445312e-008 -2.984136508992698e-008 -2.989516790663623e-008 -2.993833041977346e-008 -2.997061691448909e-008 -2.99897829381599e-008 -2.999633276560365e-008 -2.999380234097334e-008 -2.998251380635528e-008 -2.995916838581369e-008 -2.992213707522943e-008 -2.98711391822421e-008 -2.982608126826636e-008 -2.97585711941693e-008 -2.972682883687156e-008 -2.976898538858654e-008 -2.985587988224217e-008
-2.467502624461079e-008 -2.499773273283907e-008 -2.532426871775552e-008 -2.563749375316095e-008 -2.594659169018975e-008 -2.626162827501603e-008 -2.655890253642962e-008 -2.683578484658121e-008 -2.709794232617261e-008 -2.734331383337907e-008 -2.757111927494596e-008 -2.778789654016677e-008 -2.799255904574787e-008 -2.818866873699962e-008 -2.8371567756184e-008 -2.853547469177176e-008 -2.869256688692827e-008 -2.884186440256824e-008 -2.898352906820414e-008 -2.910710344954745e-008 -2.921519848744682e-008 -2.930912137306475e-008 -2.939085306841541e-008 -2.945635177864305e-008 -2.950954430527285e-008 -2.955278309367503e-008 -2.958679658358458e-008 -2.960463888818797e-008 -2.960967151120445e-008 -2.960694820827961e-008 -2.959624926217409e-008 -2.957549204189568e-008 -2.953878029120558e-008 -2.948645885798616e-008 -2.945043387280369e-008 -2.937607339478141e-008 -2.933620280910758e-008 -2.937980664183406e-008 -2.947836290884009e-008
-2.435544932535619e-008 -2.467517356155831e-008 -2.499358283690365e-008 -2.530424267876624e-008 -2.561169764317727e-008 -2.591430984000101e-008 -2.620454256774148e-008 -2.648176461101367e-008 -2.67382198804537e-008 -2.697506933976596e-008 -2.719760266756647e-008 -2.741224908035817e-008 -2.761179598424895e-008 -2.78025898986933e-008 -2.798343561909455e-008 -2.81486982722282e-008 -2.830777645979271e-008 -2.84575513053989e-008 -2.859363411230515e-008 -2.871650537034469e-008 -2.882443538700449e-008 -2.891806177860857e-008 -2.899848099945933e-008 -2.906484615237927e-008 -2.911425649290467e-008 -2.91505544529399e-008 -2.91818722247749e-008 -2.920379893338992e-008 -2.921337686863796e-008 -2.921050988653359e-008 -2.91956754753721e-008 -2.917310120237143e-008 -2.913458170852884e-008 -2.908808448570052e-008 -2.903926978225889e-008 -2.897124345011915e-008 -2.895446823121338e-008 -2.900554902108566e-008 -2.909040044926566e-008
-2.402247848325609e-008 -2.433921618771927e-008 -2.465110717439999e-008 -2.495849123128033e-008 -2.526259849154011e-008 -2.555698639870281e-008 -2.584227843120927e-008 -2.611813765300382e-008 -2.636980634294135e-008 -2.659835158798622e-008 -2.681603207410618e-008 -2.702860099437705e-008 -2.722404256566034e-008 -2.741183550466257e-008 -2.759043267306349e-008 -2.775487283984775e-008 -2.791306376171909e-008 -2.806312841199313e-008 -2.81960830817179e-008 -2.831646297913752e-008 -2.842366101029962e-008 -2.851496278031093e-008 -2.859403386615701e-008 -2.866110781565185e-008 -2.870585788076726e-008 -2.87395092451175e-008 -2.876938617357987e-008 -2.879195823413559e-008 -2.8805214098722e-008 -2.880006842611854e-008 -2.878593589626358e-008 -2.87654523459835e-008 -2.872609982150142e-008 -2.868601282929126e-008 -2.863790998976691e-008 -2.856502220058755e-008 -2.85501057505301e-008 -2.860949710167609e-008 -2.869738086971627e-008
-2.367606221246851e-008 -2.398749000722705e-008 -2.429523689886347e-008 -2.45987840476554e-008 -2.489647042053204e-008 -2.518605757903851e-008 -2.54699996108779e-008 -2.573902823403803e-008 -2.598702165235909e-008 -2.621654741825091e-008 -2.643483285795233e-008 -2.663952762723928e-008 -2.683286332213271e-008 -2.701788413165904e-008 -2.719301531889035e-008 -2.735758474922568e-008 -2.751245727540474e-008 -2.765780638339272e-008 -2.778827534579379e-008 -2.790650227643035e-008 -2.801046721865908e-008 -2.809969771910422e-008 -2.817403066652933e-008 -2.823517123657944e-008 -2.828412655158864e-008 -2.831939648665343e-008 -2.834750173298831e-008 -2.836621555734939e-008 -2.83723923187404e-008 -2.837401706926967e-008 -2.836550816103657e-008 -2.834608557144773e-008 -2.831286276059832e-008 -2.82722776839762e-008 -2.823418758750106e-008 -2.817220438808893e-008 -2.81473480225777e-008 -2.819238224116999e-008 -2.827926454645732e-008
-2.331845299587325e-008 -2.362298914238339e-008 -2.392738363427159e-008 -2.422735231217265e-008 -2.451963587270816e-008 -2.480351960289893e-008 -2.508654289632391e-008 -2.535276679446616e-008 -2.559582604427874e-008 -2.582283428656966e-008 -2.604026225956035e-008 -2.624124491754024e-008 -2.643097116514818e-008 -2.661449738372395e-008 -2.678761922560529e-008 -2.694942279092991e-008 -2.710246249578803e-008 -2.724477644970957e-008 -2.737200080433493e-008 -2.748746015915412e-008 -2.758939477431671e-008 -2.767549729451363e-008 -2.774616122087621e-008 -2.78068543978652e-008 -2.785423702664105e-008 -2.789013326600861e-008 -2.79183610809595e-008 -2.793422302079872e-008 -2.794011137736536e-008 -2.79431693311846e-008 -2.793788492078869e-008 -2.792281966850934e-008 -2.789248786999404e-008 -2.785540046652367e-008 -2.782494730889242e-008 -2.776621971927103e-008 -2.772826876920879e-008 -2.777734130010058e-008 -2.786576407144376e-008
-2.294763948722342e-008 -2.324963928358525e-008 -2.354927711080298e-008 -2.384458847939632e-008 -2.413308798277067e-008 -2.441329970587565e-008 -2.468950477705636e-008 -2.495020207642806e-008 -2.519222455154925e-008 -2.541804586547801e-008 -2.563210439685541e-008 -2.583268405950927e-008 -2.602197468951847e-008 -2.620316689748528e-008 -2.637400863333128e-008 -2.653570819003347e-008 -2.668504798979115e-008 -2.682312711752488e-008 -2.694869559970515e-008 -2.705974229342058e-008 -2.715582336517458e-008 -2.723867635458223e-008 -2.73105570308047e-008 -2.736743029425986e-008 -2.741503479068989e-008 -2.745238965745377e-008 -2.747789061379505e-008 -2.749676166318341e-008 -2.750615099761976e-008 -2.750702837467675e-008 -2.750297232386608e-008 -2.748860431659678e-008 -2.746594289068728e-008 -2.742742737085332e-008 -2.739112724608204e-008 -2.736599712756729e-008 -2.735014072467682e-008 -2.738384853049257e-008 -2.743329617965623e-008
-2.256728063446523e-008 -2.286334187868084e-008 -2.315924630761086e-008 -2.34505703973127e-008 -2.373536068219459e-008 -2.400998933503034e-008 -2.428245202534613e-008 -2.454105482499232e-008 -2.477886671354966e-008 -2.500120458191479e-008 -2.521426600619257e-008 -2.5412668252536e-008 -2.560120101886555e-008 -2.578086179133655e-008 -2.595005045607675e-008 -2.611044441951684e-008 -2.625660447303234e-008 -2.639200175958752e-008 -2.651553364372328e-008 -2.662377032825913e-008 -2.671558619488713e-008 -2.679693995207868e-008 -2.686864831872146e-008 -2.692326060409425e-008 -2.697164998430795e-008 -2.700925104144543e-008 -2.703395992649274e-008 -2.70543044347676e-008 -2.706446538556545e-008 -2.706505665856285e-008 -2.706238413717307e-008 -2.704971795970189e-008 -2.703138968872536e-008 -2.699439234745592e-008 -2.695728093324462e-008 -2.69397919533357e-008 -2.693178928571078e-008 -2.695754542228994e-008 -2.700072193188363e-008
-2.217709588280948e-008 -2.246862944426081e-008 -2.275877966232877e-008 -2.304534636169607e-008 -2.332587782760533e-008 -2.359697981395248e-008 -2.386340032970359e-008 -2.411846176606105e-008 -2.435397980388364e-008 -2.457197612595662e-008 -2.477816363737388e-008 -2.497856736431872e-008 -2.516883994898879e-008 -2.534689188694637e-008 -2.55145293645829e-008 -2.567105681634055e-008 -2.581505238625477e-008 -2.594980026169175e-008 -2.607193442751125e-008 -2.617945707251584e-008 -2.627142547167021e-008 -2.635276212676452e-008 -2.64226478489635e-008 -2.647823168447625e-008 -2.652687651252915e-008 -2.656353866868748e-008 -2.658851051757041e-008 -2.660790454735962e-008 -2.661871883938577e-008 -2.662075887957962e-008 -2.661629440210773e-008 -2.660359703691484e-008 -2.658403728286009e-008 -2.655950560887056e-008 -2.651489780826695e-008 -2.648044648937255e-008 -2.648138490932e-008 -2.651746041236694e-008 -2.656994506135605e-008
-2.177813514126015e-008 -2.206244360703385e-008 -2.23482723612722e-008 -2.262983753167796e-008 -2.290721927973612e-008 -2.317324089843849e-008 -2.343378957543766e-008 -2.368972024028218e-008 -2.392094984528884e-008 -2.413311689472364e-008 -2.433524521898987e-008 -2.45363072442297e-008 -2.472732344922566e-008 -2.490372994645714e-008 -2.506931469960662e-008 -2.522304542300043e-008 -2.536434533929386e-008 -2.549781727036089e-008 -2.561916558826539e-008 -2.572568202954607e-008 -2.581647236877353e-008 -2.589735725250127e-008 -2.596712699103686e-008 -2.602277147359096e-008 -2.607141786960086e-008 -2.610878374076316e-008 -2.613416362416334e-008 -2.615245816181034e-008 -2.616536584546935e-008 -2.616673253981244e-008 -2.616139871820783e-008 -2.614951932984647e-008 -2.613108564428944e-008 -2.611140713559342e-008 -2.606352935256528e-008 -2.601981235655444e-008 -2.602147384668753e-008 -2.606165498302178e-008 -2.611957720959279e-008
-2.136725659977804e-008 -2.165043558464885e-008 -2.193141713242224e-008 -2.220420328671095e-008 -2.247101360820215e-008 -2.273464076586725e-008 -2.299191215448084e-008 -2.323623376555729e-008 -2.346921101862762e-008 -2.368766191118246e-008 -2.389408163497794e-008 -2.409043021081788e-008 -2.427769052764095e-008 -2.445282003598934e-008 -2.461534134139679e-008 -2.476727814209085e-008 -2.490776863186784e-008 -2.503671910725925e-008 -2.515397238346309e-008 -2.525826015251362e-008 -2.535022655306721e-008 -2.543005537924122e-008 -2.549952604167023e-008 -2.555670852237707e-008 -2.560359416293609e-008 -2.564251932436471e-008 -2.567243032645139e-008 -2.569436420394768e-008 -2.570662019867614e-008 -2.570602822135928e-008 -2.569868361998232e-008 -2.5686541292712e-008 -2.56639446684889e-008 -2.563932947068089e-008 -2.560853836318383e-008 -2.556423171994416e-008 -2.554938347270927e-008 -2.55811864145464e-008 -2.564637904771604e-008
-2.094870748195678e-008 -2.122930393155957e-008 -2.150638754409287e-008 -2.177106576495621e-008 -2.203168870372181e-008 -2.22902310716081e-008 -2.254469286221604e-008 -2.278439265786758e-008 -2.301435721943963e-008 -2.323489831824553e-008 -2.344138478528196e-008 -2.363449695984302e-008 -2.381894691940746e-008 -2.39924533328666e-008 -2.415110693753658e-008 -2.430078833413922e-008 -2.443984423818018e-008 -2.456532522815842e-008 -2.468004278821378e-008 -2.478343303430911e-008 -2.487390238380944e-008 -2.495335508649292e-008 -2.502361949899502e-008 -2.508071783872562e-008 -2.512756749765467e-008 -2.516766473743934e-008 -2.520081181532209e-008 -2.52241827745167e-008 -2.52367047688125e-008 -2.523543839422231e-008 -2.522632213199773e-008 -2.521525697013182e-008 -2.51912524359826e-008 -2.516924950135616e-008 -2.514257547745595e-008 -2.509310077094066e-008 -2.507074524497986e-008 -2.510095449612133e-008 -2.517229263248526e-008
