data/gpsIIR_gridfiles/no_nap_antenna/gpsiirX-R100-Q34W13S0.grd
DSAA
361 181
-180 180
-90 90
-2.7441318797915E-008 2.7499270515776E-008
[rows 51 to 67 of 181, columns 156 to 194 of 361]
-2.246959453198321e-008 -2.257414412489522e-008 -2.265830020621067e-008 -2.273732323518462e-008 -2.282537025705981e-008 -2.289371291397273e-008 -2.293364961748681e-008 -2.294085600883252e-008 -2.297014202136857e-008 -2.301879575395059e-008 -2.307702638547923e-008 -2.310211339172929e-008 -2.311730431109049e-008 -2.311847699109717e-008 -2.310540716204565e-008 -2.308896871685671e-008 -2.305635951119214e-008 -2.300459769807731e-008 -2.294917025473713e-008 -2.28738795855761e-008 -2.275408235318123e-008 -2.265176817675236e-008 -2.255368807740209e-008 -2.238987232655236e-008 -2.235497424540593e-008 -2.244226518386327e-008 -2.258146486687976e-008 -2.267124177891395e-008 -2.278842313823167e-008 -2.28968286101759e-008 -2.299456472744838e-008 -2.310382875737726e-008 -2.31816442799999e-008 -2.323565346862241e-008 -2.328027122363191e-008 -2.33208937717363e-008 -2.335878955652452e-008 -2.338744580744138e-008 -2.339293857800784e-008
-2.276976923322055e-008 -2.287367936856581e-008 -2.295931240139945e-008 -2.303897049913096e-008 -2.311898777367862e-008 -2.318247666422457e-008 -2.322181163404335e-008 -2.323531281036585e-008 -2.32641589578522e-008 -2.33125478788276e-008 -2.336645716723576e-008 -2.339148047418855e-008 -2.340847485295473e-008 -2.340411142577336e-008 -2.338563580155546e-008 -2.335621514008905e-008 -2.331481796416013e-008 -2.325580277073801e-008 -2.318945011796265e-008 -2.311036977559159e-008 -2.299321957976811e-008 -2.289287815088601e-008 -2.278655512874947e-008 -2.266005392002077e-008 -2.26277821523928e-008 -2.271614984954101e-008 -2.283212401494615e-008 -2.292985033264808e-008 -2.30486022852532e-008 -2.315671323264167e-008 -2.326528232461372e-008 -2.337127908890241e-008 -2.345207706355203e-008 -2.35195366377468e-008 -2.356844969881611e-008 -2.360799100790275e-008 -2.364286339355942e-008 -2.36718309144152e-008 -2.367707018553024e-008
-2.3065821341491e-008 -2.316822614845727e-008 -2.326269511387511e-008 -2.334399042296909e-008 -2.340638098781975e-008 -2.345435289162358e-008 -2.349404351495386e-008 -2.351236765970613e-008 -2.354265675736556e-008 -2.359236983332402e-008 -2.364531092440641e-008 -2.366479907838887e-008 -2.368261181159095e-008 -2.367853042499381e-008 -2.364387646651681e-008 -2.359229739077314e-008 -2.354076098330764e-008 -2.347326074011266e-008 -2.33946967220664e-008 -2.331405218579302e-008 -2.320518521069358e-008 -2.311543118964344e-008 -2.300822031528115e-008 -2.291197896011915e-008 -2.290007858671888e-008 -2.298495316167433e-008 -2.307663174570495e-008 -2.317693887511614e-008 -2.329177065013913e-008 -2.339679783425746e-008 -2.351805677849143e-008 -2.361651285135721e-008 -2.369410772805172e-008 -2.37737335813905e-008 -2.383461227855729e-008 -2.386551270890341e-008 -2.390003022154983e-008 -2.393133226337151e-008 -2.393517646904262e-008
-2.334040721606623e-008 -2.344470571383357e-008 -2.353924893127944e-008 -2.361888839429328e-008 -2.368637327233271e-008 -2.372581638547844e-008 -2.375588155374214e-008 -2.377542608172577e-008 -2.380596487922078e-008 -2.386244053878297e-008 -2.389901987648204e-008 -2.391569701457541e-008 -2.392498734673432e-008 -2.390705099163013e-008 -2.385849718483602e-008 -2.380478066087375e-008 -2.374718981080995e-008 -2.367068816913153e-008 -2.35974929748106e-008 -2.350984888144824e-008 -2.341357884133402e-008 -2.332434617291861e-008 -2.323663026129336e-008 -2.314091635974462e-008 -2.311975588806627e-008 -2.317972004770899e-008 -2.328894375983549e-008 -2.34089634901142e-008 -2.351709384129469e-008 -2.363129545843074e-008 -2.374161832636207e-008 -2.382438295033953e-008 -2.388645759386036e-008 -2.397175217184694e-008 -2.40358745291805e-008 -2.40779869267672e-008 -2.413627553979078e-008 -2.417897905150897e-008 -2.419642233042578e-008
-2.359705118296236e-008 -2.370737191242148e-008 -2.379884567983491e-008 -2.388212290941939e-008 -2.395834782612386e-008 -2.399948845445557e-008 -2.399932266316173e-008 -2.401663749405836e-008 -2.405793595898847e-008 -2.411930509763528e-008 -2.413830021945581e-008 -2.41475696951721e-008 -2.414326860206825e-008 -2.410572126702903e-008 -2.403882185415014e-008 -2.398770303935465e-008 -2.392388087644134e-008 -2.385011117690028e-008 -2.377645053338597e-008 -2.368984798832328e-008 -2.360468321170815e-008 -2.35208494348146e-008 -2.344918314832203e-008 -2.336534278979903e-008 -2.329641620225746e-008 -2.333022435064103e-008 -2.348279347883274e-008 -2.361557090189921e-008 -2.372123394344903e-008 -2.384745170422074e-008 -2.394674760385539e-008 -2.399423198045342e-008 -2.40530416121623e-008 -2.41354771474445e-008 -2.420271840805157e-008 -2.426472018685638e-008 -2.434865297655783e-008 -2.44111164866036e-008 -2.44400390024881e-008
-2.385021956587736e-008 -2.395672917432811e-008 -2.404643816718015e-008 -2.412593130370122e-008 -2.419431270972924e-008 -2.42310816402976e-008 -2.423092246509988e-008 -2.424035824786747e-008 -2.42746647529791e-008 -2.432214577144512e-008 -2.4335532020133e-008 -2.433375424999253e-008 -2.43198461363065e-008 -2.42780804665627e-008 -2.422078332516686e-008 -2.416634545649743e-008 -2.410112792465205e-008 -2.402797338800595e-008 -2.395141591220489e-008 -2.386499649047675e-008 -2.377857251201154e-008 -2.368965458612026e-008 -2.36096859168444e-008 -2.352275186672496e-008 -2.345272517591778e-008 -2.348473204267409e-008 -2.361626696386997e-008 -2.37490564551764e-008 -2.38666628863115e-008 -2.399195428207281e-008 -2.409667295264745e-008 -2.416304506242412e-008 -2.423591483643687e-008 -2.431635149450192e-008 -2.43922491957686e-008 -2.446128201280362e-008 -2.453576086233197e-008 -2.460098601153105e-008 -2.464360467447501e-008
-2.409437742427553e-008 -2.41947360202445e-008 -2.428102348291526e-008 -2.435001782998781e-008 -2.441053699133637e-008 -2.44431366755739e-008 -2.444344081369969e-008 -2.444092415043353e-008 -2.445720928733198e-008 -2.449615704319818e-008 -2.450307585480392e-008 -2.448415933293365e-008 -2.445422903352974e-008 -2.442607375843125e-008 -2.438466834657997e-008 -2.433151039697144e-008 -2.42671437281841e-008 -2.419540063881586e-008 -2.411560201725959e-008 -2.402655119286342e-008 -2.393524795254646e-008 -2.383257140049997e-008 -2.374873137350724e-008 -2.364689849615025e-008 -2.356543523255875e-008 -2.359754357643021e-008 -2.372777409350497e-008 -2.384093040318688e-008 -2.398004791464007e-008 -2.410769705845806e-008 -2.422072351248285e-008 -2.43160737268107e-008 -2.440534772949407e-008 -2.449199207857936e-008 -2.457267901519113e-008 -2.464497883622496e-008 -2.470970403643971e-008 -2.476754486673478e-008 -2.482646114727406e-008
-2.43251950894777e-008 -2.442313403303223e-008 -2.450147023949967e-008 -2.456516224753023e-008 -2.461316721685872e-008 -2.463706509380247e-008 -2.463519911088837e-008 -2.461589354424104e-008 -2.461015228948736e-008 -2.463588724866147e-008 -2.464221280136495e-008 -2.462105742689825e-008 -2.459757298618127e-008 -2.45665340838412e-008 -2.452663805811801e-008 -2.447504432747636e-008 -2.441303679502262e-008 -2.433891205627703e-008 -2.426403253278153e-008 -2.416290948642867e-008 -2.406583480110375e-008 -2.394773782624259e-008 -2.383549703056612e-008 -2.372973708169762e-008 -2.367321366413311e-008 -2.370064280337365e-008 -2.382411841197915e-008 -2.396159836353413e-008 -2.410166487291212e-008 -2.424138567081374e-008 -2.436455150505669e-008 -2.446765832392175e-008 -2.456447209536537e-008 -2.465688959971232e-008 -2.473915664825664e-008 -2.481736138874379e-008 -2.488391917577242e-008 -2.494700481569977e-008 -2.500000903783611e-008
-2.454974360394362e-008 -2.464009390860196e-008 -2.471287202479137e-008 -2.476830745092602e-008 -2.479869317995027e-008 -2.481511622759567e-008 -2.481298594227624e-008 -2.476165101321301e-008 -2.472700210059601e-008 -2.47350326582218e-008 -2.47515316072803e-008 -2.473977059847178e-008 -2.472413792034634e-008 -2.469120986458081e-008 -2.465074198876056e-008 -2.460199223908137e-008 -2.45351808720039e-008 -2.447325341065508e-008 -2.439056091701784e-008 -2.42799476744005e-008 -2.417844866974769e-008 -2.404684217006895e-008 -2.386277262834345e-008 -2.378996862292922e-008 -2.374942648595463e-008 -2.377689904801723e-008 -2.390589430191329e-008 -2.408191332275671e-008 -2.421493238558893e-008 -2.437234270349185e-008 -2.450084728714885e-008 -2.460978719921497e-008 -2.471201094829402e-008 -2.480688937862982e-008 -2.489493642103164e-008 -2.497347110952468e-008 -2.504519367733938e-008 -2.511333677785012e-008 -2.515698876069012e-008
-2.47597205537772e-008 -2.484313758160245e-008 -2.491398900641236e-008 -2.495245607872759e-008 -2.496601030073579e-008 -2.496237377761063e-008 -2.494374470906492e-008 -2.487824458651812e-008 -2.485489839731389e-008 -2.485488942990126e-008 -2.486497696571418e-008 -2.485675755104933e-008 -2.483848171889108e-008 -2.480235705209444e-008 -2.475861504113345e-008 -2.469884774272156e-008 -2.462379050371779e-008 -2.454721669177759e-008 -2.445543182028862e-008 -2.433327237680251e-008 -2.423375257514347e-008 -2.408994828042189e-008 -2.393673351885486e-008 -2.384770270372574e-008 -2.382276880614609e-008 -2.387826004619395e-008 -2.401340416254524e-008 -2.417232970925347e-008 -2.431908015923724e-008 -2.447097419378287e-008 -2.460865648572234e-008 -2.472862212056612e-008 -2.483403295988504e-008 -2.493656211470265e-008 -2.502080842587202e-008 -2.509765168215081e-008 -2.516935050927044e-008 -2.52339578591893e-008 -2.528051916160485e-008
-2.495690048464753e-008 -2.504141739569807e-008 -2.510592238746615e-008 -2.513053252093253e-008 -2.511011632107579e-008 -2.508933394749774e-008 -2.502405367642774e-008 -2.496754826084256e-008 -2.496152686149964e-008 -2.49724611518602e-008 -2.496588847284359e-008 -2.496939179686123e-008 -2.49407937299112e-008 -2.490170285633869e-008 -2.484912131863666e-008 -2.477034665515858e-008 -2.468136780520103e-008 -2.458853817673386e-008 -2.446708738406886e-008 -2.435459410900257e-008 -2.424340746210006e-008 -2.412122285792505e-008 -2.400629419333931e-008 -2.387994073810689e-008 -2.3872346724744e-008 -2.399266707296251e-008 -2.411169221018174e-008 -2.425528558128016e-008 -2.440650278189315e-008 -2.454879353988935e-008 -2.470034775598217e-008 -2.482347758767542e-008 -2.493657173898074e-008 -2.50448374373298e-008 -2.512320474537558e-008 -2.519844102915395e-008 -2.527350611303996e-008 -2.533020361064137e-008 -2.53919580054315e-008
-2.513903488762124e-008 -2.522499245852792e-008 -2.527362794640716e-008 -2.529152347576731e-008 -2.526193502346761e-008 -2.52170959567813e-008 -2.514671752447899e-008 -2.508749827809893e-008 -2.506924627767253e-008 -2.507731717865017e-008 -2.50795014890086e-008 -2.506851115710114e-008 -2.502914175182576e-008 -2.497513668971042e-008 -2.490809040626279e-008 -2.480732226718269e-008 -2.472344060997418e-008 -2.461758499640411e-008 -2.450418777157739e-008 -2.439660140779387e-008 -2.428326191679188e-008 -2.416985496993477e-008 -2.40640156233108e-008 -2.394304890078841e-008 -2.392282332268698e-008 -2.402778229068138e-008 -2.417407809099508e-008 -2.432195950924435e-008 -2.446920580221748e-008 -2.460944034919308e-008 -2.475328945760308e-008 -2.48730883355135e-008 -2.499089602275866e-008 -2.510174148614647e-008 -2.518891827668321e-008 -2.528289690254126e-008 -2.536208173682419e-008 -2.543399573817837e-008 -2.550141062687949e-008
-2.53153326444672e-008 -2.539416926261474e-008 -2.543091740466384e-008 -2.54444547376627e-008 -2.541906242667313e-008 -2.532724652246307e-008 -2.527331193845739e-008 -2.52102458601725e-008 -2.516699993271968e-008 -2.517224189520234e-008 -2.519960864938586e-008 -2.516485814202796e-008 -2.510226059274599e-008 -2.503750236001239e-008 -2.493220225770042e-008 -2.482631332206966e-008 -2.474107930468684e-008 -2.463347227566065e-008 -2.453434582693482e-008 -2.443411013938686e-008 -2.432605936165907e-008 -2.422072797663881e-008 -2.412897940945731e-008 -2.400396330897135e-008 -2.39384921976987e-008 -2.402164034503922e-008 -2.423514812307501e-008 -2.437252240915583e-008 -2.451190204276156e-008 -2.465196750338879e-008 -2.478207193517889e-008 -2.489791068230187e-008 -2.502464117951154e-008 -2.513031703330088e-008 -2.52387354198357e-008 -2.535134660543396e-008 -2.544276461966707e-008 -2.552984754347613e-008 -2.560751733086133e-008
-2.545360007936007e-008 -2.55254975972258e-008 -2.555206040730806e-008 -2.555548222338374e-008 -2.551811632129633e-008 -2.544299618698507e-008 -2.538654106731429e-008 -2.532795528417188e-008 -2.527415188813981e-008 -2.526710192226031e-008 -2.526990190913908e-008 -2.522818375014313e-008 -2.516578426855738e-008 -2.50937760857507e-008 -2.49945698453132e-008 -2.489183683552459e-008 -2.48017737372827e-008 -2.46936913455439e-008 -2.459419811359729e-008 -2.448456589569155e-008 -2.437488619832287e-008 -2.426044361615954e-008 -2.415577117368516e-008 -2.403347504266637e-008 -2.395914082406754e-008 -2.403223611671405e-008 -2.423398872186859e-008 -2.438523345238456e-008 -2.453842232370621e-008 -2.468592264281909e-008 -2.482453544658237e-008 -2.495565997936801e-008 -2.508523585862424e-008 -2.520411978197421e-008 -2.531916959523537e-008 -2.543224452077739e-008 -2.553169922617936e-008 -2.56245313018839e-008 -2.570839895924867e-008
-2.556496419892789e-008 -2.562580175176206e-008 -2.564978989150606e-008 -2.562693020007671e-008 -2.558244406519649e-008 -2.554611380697468e-008 -2.55037948082662e-008 -2.543943974700783e-008 -2.538854923575829e-008 -2.534971259115576e-008 -2.531770411496156e-008 -2.527188643952613e-008 -2.521506208206204e-008 -2.514333281839728e-008 -2.506086580978799e-008 -2.497607104752005e-008 -2.487560142020718e-008 -2.477418403825784e-008 -2.466352821094868e-008 -2.453979296259595e-008 -2.442503148103127e-008 -2.429098573665991e-008 -2.418063878603015e-008 -2.405541670570511e-008 -2.393831096876495e-008 -2.40077146838103e-008 -2.423071416404583e-008 -2.438025526836286e-008 -2.455213067473778e-008 -2.470833051916616e-008 -2.486337641027991e-008 -2.501386894747833e-008 -2.514817740136781e-008 -2.528073500959444e-008 -2.539908662025763e-008 -2.551070953229079e-008 -2.561531060577543e-008 -2.571007412767396e-008 -2.580190881324076e-008
-2.567847329551275e-008 -2.573257034255371e-008 -2.57531807833082e-008 -2.573546603888912e-008 -2.568335514781919e-008 -2.562909049061992e-008 -2.557064516581432e-008 -2.549084226323114e-008 -2.543114513815769e-008 -2.539413321548251e-008 -2.536036691516074e-008 -2.531483132526201e-008 -2.525699878495145e-008 -2.51840856131755e-008 -2.5102343539631e-008 -2.501275742462314e-008 -2.491569000464314e-008 -2.480873643405563e-008 -2.468905299199387e-008 -2.455968458898053e-008 -2.443661092655782e-008 -2.429809102740485e-008 -2.417784929239672e-008 -2.403708860796474e-008 -2.396698936131336e-008 -2.404666171459025e-008 -2.422238887423401e-008 -2.438985131985604e-008 -2.456337654990396e-008 -2.472925786063394e-008 -2.489016935440738e-008 -2.504570652306865e-008 -2.51924950701181e-008 -2.532665025055207e-008 -2.544948021862527e-008 -2.556460059588287e-008 -2.567183750371814e-008 -2.577044358300975e-008 -2.586443247379343e-008
-2.578446812112608e-008 -2.583115552941602e-008 -2.585431690653199e-008 -2.585681390853595e-008 -2.580345670411285e-008 -2.569238303981715e-008 -2.561114796656189e-008 -2.549716932727247e-008 -2.541914421305001e-008 -2.541340765552091e-008 -2.539084373843792e-008 -2.534618150860465e-008 -2.529065606890916e-008 -2.521423156305804e-008 -2.512671642645141e-008 -2.503151047625662e-008 -2.49368981358239e-008 -2.482931559358455e-008 -2.469099289863966e-008 -2.455769903212578e-008 -2.442748285270713e-008 -2.42929431854338e-008 -2.416906733958859e-008 -2.400050498290839e-008 -2.398541225099619e-008 -2.409886001608098e-008 -2.421993204039529e-008 -2.440194079724621e-008 -2.457435868640252e-008 -2.474292753915215e-008 -2.490786650761735e-008 -2.506380153925466e-008 -2.522365900229462e-008 -2.535860366404266e-008 -2.5481401733109e-008 -2.560195425674845e-008 -2.571036177426275e-008 -2.581509706514643e-008 -2.590850254424003e-008
