data/gpsIIR_gridfiles/no_nap_antenna/gpsiirX-R100-Q34W13S0.grd
DSAA
361 181
-180 180
-90 90
-2.7441318797915E-008 2.7499270515776E-008
[rows 153 to 169 of 181, columns 39 to 77 of 361]
1.12440915960433e-008 1.104401575902215e-008 1.084290053588478e-008 1.063444777886924e-008 1.042242402972727e-008 1.023079266553523e-008 1.004941391195136e-008 9.882986759867538e-009 9.737522094520139e-009 9.590773554723775e-009 9.448424786372897e-009 9.300449614600879e-009 9.145080145782358e-009 8.986839915524637e-009 8.813455893979676e-009 8.628402163768654e-009 8.439747306273907e-009 8.246257735821193e-009 8.045788347236318e-009 7.835674113850288e-009 7.621077249439643e-009 7.405745080900221e-009 7.186878909539407e-009 6.962618604327922e-009 6.7323918767108e-009 6.502618058707292e-009 6.272880454668441e-009 6.040518747867576e-009 5.803961914842447e-009 5.566022689020502e-009 5.328900251984419e-009 5.091063916716544e-009 4.852653769595471e-009 4.61351226238367e-009 4.374111913509439e-009 4.134655872938856e-009 3.895412741128416e-009 3.656340837488332e-009 3.415812499934108e-009
1.079829024178169e-008 1.060793391308895e-008 1.042134807493897e-008 1.022948600640369e-008 1.002421674051425e-008 9.830808461290722e-009 9.655176223874068e-009 9.492657664076609e-009 9.346884823262336e-009 9.21558907396958e-009 9.083356492197707e-009 8.936740389463311e-009 8.782700244477654e-009 8.626892205238069e-009 8.462946663558342e-009 8.289142836791208e-009 8.109604432121555e-009 7.923415676229992e-009 7.730209662171384e-009 7.528644684987449e-009 7.324688573609794e-009 7.118581697305495e-009 6.907924050720842e-009 6.692286666272974e-009 6.472082594367768e-009 6.252509274463198e-009 6.031753004408664e-009 5.808619510032478e-009 5.582923397229206e-009 5.355840973766556e-009 5.128959430409035e-009 4.901308975148641e-009 4.672842655489269e-009 4.443149048959893e-009 4.212918602659417e-009 3.982789371569381e-009 3.753598065024882e-009 3.52369884155463e-009 3.291407454536562e-009
1.035533649890391e-008 1.017703687988012e-008 9.998843625969979e-009 9.815169790191097e-009 9.620934783742587e-009 9.433425741395512e-009 9.265321548010409e-009 9.108972052497628e-009 8.965827101670796e-009 8.839713123188046e-009 8.711957284353384e-009 8.570490485399216e-009 8.421586289278546e-009 8.269707801492239e-009 8.113519052455589e-009 7.949397140406686e-009 7.777656877323596e-009 7.59938871280994e-009 7.414674658926043e-009 7.222046754762162e-009 7.027230447055219e-009 6.829406214456449e-009 6.628156273808436e-009 6.422893836245745e-009 6.212386487435742e-009 6.001997140587473e-009 5.790264968724678e-009 5.577225594093116e-009 5.362547966992522e-009 5.145806811175801e-009 4.928795301093013e-009 4.711175065849707e-009 4.49239858925107e-009 4.272524090973401e-009 4.051727239893421e-009 3.831568559933159e-009 3.612298123836463e-009 3.390506147262562e-009 3.166653477026602e-009
9.914154664832032e-009 9.745552586434229e-009 9.575724927403666e-009 9.395795468974786e-009 9.213197676833781e-009 9.036300566242841e-009 8.874487391571012e-009 8.724345207689625e-009 8.589497093716795e-009 8.465184390876262e-009 8.338646840201167e-009 8.204550546304746e-009 8.061494285293449e-009 7.915138688005451e-009 7.764916214077991e-009 7.608368139969034e-009 7.44530927983742e-009 7.275799404699043e-009 7.098842405390273e-009 6.913666843067908e-009 6.727861463238516e-009 6.540154373110134e-009 6.348977279535761e-009 6.153188954073016e-009 5.951555362268863e-009 5.750244556151944e-009 5.549104217729582e-009 5.346419092422513e-009 5.141966231034384e-009 4.935923806740121e-009 4.729015846732067e-009 4.520510635154649e-009 4.311114673019282e-009 4.101223794821839e-009 3.890542613401633e-009 3.680065527641308e-009 3.468766762080331e-009 3.255677050228956e-009 3.04091362469613e-009
9.473578381335631e-009 9.310396201322802e-009 9.143929775924456e-009 8.967210600824909e-009 8.802766202634067e-009 8.641102880558798e-009 8.485214110244624e-009 8.344010898712019e-009 8.22032841894023e-009 8.092142993557754e-009 7.962045931921029e-009 7.836538000106987e-009 7.701654141831244e-009 7.562153240950227e-009 7.418133935097258e-009 7.267617001562687e-009 7.112504777298116e-009 6.951110710295398e-009 6.78033921272801e-009 6.603994131032818e-009 6.428377657244885e-009 6.250426589470745e-009 6.068853843133053e-009 5.881655799738223e-009 5.689416974000225e-009 5.498366733891858e-009 5.307318449697381e-009 5.115089948544249e-009 4.920995313372463e-009 4.725808933994824e-009 4.529205028621344e-009 4.330771685480718e-009 4.130385544800424e-009 3.929677269199775e-009 3.728355745535462e-009 3.526449308645611e-009 3.323335608614509e-009 3.119163751433701e-009 2.913607758606162e-009
9.032434188812985e-009 8.871212633881317e-009 8.709811916898497e-009 8.546465477334021e-009 8.394062515766584e-009 8.245154172041787e-009 8.100342328624294e-009 7.968695546592947e-009 7.844487039722046e-009 7.717097533231242e-009 7.587782939505633e-009 7.464716879324136e-009 7.339584786782926e-009 7.207841659040684e-009 7.071671406476566e-009 6.927849707006529e-009 6.77793800712951e-009 6.623146216825063e-009 6.460361606740254e-009 6.295829411311735e-009 6.130325981488068e-009 5.960366464482073e-009 5.787237541217103e-009 5.609399096933183e-009 5.428328081624658e-009 5.247701159126107e-009 5.066157186018832e-009 4.883424467191579e-009 4.699691451775921e-009 4.514934677980572e-009 4.328027347842532e-009 4.139230338792774e-009 3.948945104891493e-009 3.75748284164672e-009 3.564721618180009e-009 3.371350019538362e-009 3.177299074955703e-009 2.98205088717476e-009 2.785195985721115e-009
8.58869838365303e-009 8.436488286178651e-009 8.290273283000159e-009 8.138900519394062e-009 7.990716126457457e-009 7.849308900657129e-009 7.713652235777522e-009 7.584991196170437e-009 7.457895346091643e-009 7.336030298130751e-009 7.213647647253563e-009 7.09434083359031e-009 6.976140043891131e-009 6.849759163710036e-009 6.717445238509218e-009 6.582738553430341e-009 6.441221468656619e-009 6.293998895376894e-009 6.141456085273393e-009 5.986527187585688e-009 5.829036448471988e-009 5.669217658574733e-009 5.505927276424502e-009 5.338557420560511e-009 5.168392038720482e-009 4.997580069091644e-009 4.825555325590831e-009 4.652199462411935e-009 4.478124087215213e-009 4.303057983668896e-009 4.125774227764562e-009 3.946642298142744e-009 3.766153331193563e-009 3.583860265542453e-009 3.399588701639876e-009 3.214788074281073e-009 3.029822820947791e-009 2.843276689582185e-009 2.655972573840501e-009
8.145111332044408e-009 8.005202895975303e-009 7.869795811117023e-009 7.732237862753036e-009 7.591676911373779e-009 7.454567899888075e-009 7.323816835629375e-009 7.198368006200165e-009 7.074650068442234e-009 6.955541709261319e-009 6.839268227670901e-009 6.725633708460705e-009 6.614021751781467e-009 6.494574500855258e-009 6.36819734851085e-009 6.238644572519163e-009 6.104404657797806e-009 5.966291790669172e-009 5.824392236052694e-009 5.679052787204145e-009 5.530734605588457e-009 5.380146527672795e-009 5.226421086390084e-009 5.069333578374635e-009 4.909233584243129e-009 4.747882872049388e-009 4.585263014944852e-009 4.421400449149058e-009 4.256984335768796e-009 4.090783676449095e-009 3.922799982707753e-009 3.753329414404407e-009 3.582093293498258e-009 3.408801722890501e-009 3.232683213682341e-009 3.056428393270161e-009 2.880869209733314e-009 2.704574586493178e-009 2.527214045212878e-009
7.70380350000749e-009 7.573952666380608e-009 7.446165085017411e-009 7.317571112008058e-009 7.186903861024158e-009 7.057009264860293e-009 6.932504249341928e-009 6.813422247086154e-009 6.697047046342334e-009 6.583033748872192e-009 6.469910615739114e-009 6.360261046452917e-009 6.253104317431463e-009 6.141844179178073e-009 6.023229613034486e-009 5.898976055327318e-009 5.771998979265176e-009 5.642296527249925e-009 5.509614146654067e-009 5.374119741060538e-009 5.235364946879101e-009 5.093769305227069e-009 4.949188041623771e-009 4.801541155952112e-009 4.650775759885627e-009 4.498588350620191e-009 4.345497747450546e-009 4.191468328507692e-009 4.036305874733767e-009 3.878533262606e-009 3.719028856776911e-009 3.558471679948518e-009 3.396328642568602e-009 3.231494389129452e-009 3.064415275520235e-009 2.898033854741317e-009 2.731961799426341e-009 2.565722295521277e-009 2.39831269306014e-009
7.263816351487549e-009 7.1433604349507e-009 7.023999326017899e-009 6.901894036768966e-009 6.776125544454798e-009 6.65495147071933e-009 6.539568852441561e-009 6.429201952881957e-009 6.320838184727202e-009 6.212033938926236e-009 6.104343388238681e-009 5.999449100954726e-009 5.894287930935904e-009 5.789228589966739e-009 5.679193738876607e-009 5.563631237217073e-009 5.444442580091484e-009 5.322067703446497e-009 5.197400369277959e-009 5.070366030705191e-009 4.940890895919681e-009 4.808586842520479e-009 4.673005011892562e-009 4.534376352417719e-009 4.392655878812479e-009 4.249502647335796e-009 4.105619933456175e-009 3.96098800548295e-009 3.814872776472278e-009 3.666093449917494e-009 3.515119412459206e-009 3.36208173517171e-009 3.207953792466308e-009 3.052747838093756e-009 2.896980422342887e-009 2.7406108929678e-009 2.583780996185916e-009 2.426690725514066e-009 2.269496517817443e-009
6.82437658437744e-009 6.71218223676746e-009 6.599146545133791e-009 6.479146519782198e-009 6.361986452944706e-009 6.252071231930089e-009 6.145519139612147e-009 6.043327575912471e-009 5.942751635675751e-009 5.841255766027767e-009 5.741933110195608e-009 5.642546407807113e-009 5.540414351076987e-009 5.439358425011531e-009 5.337226059685038e-009 5.230074591941776e-009 5.118511743380619e-009 5.00430356488549e-009 4.888339888707083e-009 4.768965657126782e-009 4.647131899031449e-009 4.523568625590183e-009 4.397072864286823e-009 4.267251178481495e-009 4.134623388168134e-009 4.000668203411155e-009 3.865449108139244e-009 3.729230681381297e-009 3.592341621051914e-009 3.452805463947979e-009 3.310165574609755e-009 3.165054933103182e-009 3.020213376838843e-009 2.875440625375406e-009 2.72991638327193e-009 2.583259541869308e-009 2.435779412430773e-009 2.288204033255452e-009 2.141054680439594e-009
6.386692532825822e-009 6.280393982584669e-009 6.1715889128986e-009 6.06099814313223e-009 5.955780770938981e-009 5.853848632606305e-009 5.753693504279827e-009 5.656197139656661e-009 5.562322610042432e-009 5.471263937845122e-009 5.381456176705098e-009 5.287564158856567e-009 5.190855684190677e-009 5.0942245874177e-009 4.996807675049314e-009 4.895686244982219e-009 4.791999354039403e-009 4.687843481161333e-009 4.581101212682155e-009 4.469671049491917e-009 4.35513877538775e-009 4.238867205599199e-009 4.120769518090773e-009 3.999871502598344e-009 3.877000599329267e-009 3.752591907715438e-009 3.626345513503908e-009 3.498596904801101e-009 3.369491583638766e-009 3.238128603108695e-009 3.103680206446616e-009 2.968252884101599e-009 2.833768507943194e-009 2.699382591948578e-009 2.563252411978466e-009 2.425863629717428e-009 2.287891693517517e-009 2.150309526791145e-009 2.012821765714019e-009
5.954941423940205e-009 5.854200192976314e-009 5.752546314940835e-009 5.652473193541613e-009 5.555112004005707e-009 5.459964076417243e-009 5.366104922895982e-009 5.273673268806274e-009 5.184436173547354e-009 5.101560197436588e-009 5.020547992547157e-009 4.933789423393499e-009 4.843676602625576e-009 4.752748603243482e-009 4.660519594786292e-009 4.565072887407933e-009 4.467747998761135e-009 4.371130895539507e-009 4.273748490015729e-009 4.170888889501802e-009 4.063962783877437e-009 3.955034545659866e-009 3.845384857062522e-009 3.734051337847992e-009 3.620507845627227e-009 3.505129557430368e-009 3.387887661153964e-009 3.268837496766105e-009 3.147567584587337e-009 3.023535844558772e-009 2.897968204160735e-009 2.772548231977892e-009 2.647095544674999e-009 2.521798516880392e-009 2.395865351871845e-009 2.268235671544802e-009 2.140155096059618e-009 2.012961900276267e-009 1.884920250343559e-009
5.528529166060686e-009 5.43361750305744e-009 5.339701116230231e-009 5.248495464440567e-009 5.158497302330243e-009 5.070151405499558e-009 4.98306583280561e-009 4.897173164645304e-009 4.813846946426972e-009 4.736139992969671e-009 4.661258382243059e-009 4.581835244047435e-009 4.498694213931661e-009 4.413930012942539e-009 4.328215164367563e-009 4.239928277544299e-009 4.149220914515638e-009 4.057622110521726e-009 3.965946517437564e-009 3.870989617383312e-009 3.772245847932584e-009 3.672075324124202e-009 3.571405485872663e-009 3.470046224962317e-009 3.36576166858811e-009 3.258877089133634e-009 3.150157561705344e-009 3.039478740649384e-009 2.926047546614424e-009 2.8101995447577e-009 2.694244901357175e-009 2.578488611021975e-009 2.462388794493678e-009 2.345727688126448e-009 2.228504294372936e-009 2.110511673444802e-009 1.992658105308291e-009 1.876388124360755e-009 1.758177331696756e-009
5.104842997347496e-009 5.016726264495547e-009 4.931933333428275e-009 4.849548772180036e-009 4.767067449712518e-009 4.685013870038211e-009 4.604431786459256e-009 4.525485992016277e-009 4.449587734444292e-009 4.37783380124314e-009 4.307570054163541e-009 4.234573109685983e-009 4.157610098451692e-009 4.078441124230319e-009 3.998590871859461e-009 3.917494377718177e-009 3.833786365021299e-009 3.747904084674188e-009 3.660437254327109e-009 3.571558681560137e-009 3.481815943864305e-009 3.391430433242936e-009 3.29893380625103e-009 3.205497100501967e-009 3.111120441160347e-009 3.013368491991579e-009 2.913347140683726e-009 2.810852804067465e-009 2.705346393344923e-009 2.598509622207918e-009 2.492088298177742e-009 2.385529724801639e-009 2.278251972805696e-009 2.170483861378927e-009 2.061985504713274e-009 1.953118819080057e-009 1.845513606063649e-009 1.740799588657719e-009 1.63342132250318e-009
4.684378096735565e-009 4.605035578427391e-009 4.52876303947709e-009 4.4539953698971e-009 4.379227579139048e-009 4.304521784095047e-009 4.231354025804964e-009 4.160735090382189e-009 4.092598486403183e-009 4.024818481639968e-009 3.957828418212812e-009 3.890728688362807e-009 3.819879057771831e-009 3.746649383049744e-009 3.672221039273519e-009 3.596836842327265e-009 3.51936083217746e-009 3.439118626205936e-009 3.357219688343322e-009 3.275210962735866e-009 3.193771879598665e-009 3.113272102105125e-009 3.029920449005752e-009 2.943660305373702e-009 2.856881284696785e-009 2.76835716899435e-009 2.677286523496567e-009 2.583123497176443e-009 2.485966030943733e-009 2.388381837037598e-009 2.291169887485207e-009 2.193598040195039e-009 2.095201625795197e-009 1.995741491965762e-009 1.895855267928185e-009 1.79606400827515e-009 1.698657962415179e-009 1.606208570973436e-009 1.511144265124538e-009
4.269482771472757e-009 4.198683548741658e-009 4.129917841871741e-009 4.062273384636907e-009 3.994976869011064e-009 3.928214795640764e-009 3.863453350874866e-009 3.800961686101482e-009 3.738175968817393e-009 3.673927394374922e-009 3.6104921485249e-009 3.548886319608881e-009 3.484660788410641e-009 3.41772616587956e-009 3.349006388086378e-009 3.278386063173234e-009 3.20571073922562e-009 3.131740640852533e-009 3.057767611860478e-009 2.983719017316301e-009 2.90905274209208e-009 2.83516623218361e-009 2.761665849548246e-009 2.684296062228163e-009 2.605253049549636e-009 2.524910896636151e-009 2.442380059090523e-009 2.356451669886659e-009 2.268025791011815e-009 2.17964402278613e-009 2.091378575277158e-009 2.002366275515677e-009 1.91212869445036e-009 1.821426518986068e-009 1.730366406932392e-009 1.639601354017527e-009 1.552079058199937e-009 1.472218782684366e-009 1.391383517677912e-009
