data/gpsIIR_gridfiles/no_nap_antenna/gpsiirZ-R100-Q32W11S0.grd
DSAA
361 181
-180 180
-90 90
-2.8090124359031E-008 2.8537123952444E-008
[rows 51 to 67 of 181, columns 228 to 265 of 361]
2.060575469555277e-008 2.071422481084401e-008 2.079651461048201e-008 2.085263591385339e-008 2.088481844340933e-008 2.091025725902782e-008 2.092312822167734e-008 2.09244261378054e-008 2.092541986355074e-008 2.09194001353855e-008 2.09104424844146e-008 2.089931922918066e-008 2.088347381749685e-008 2.086467135894691e-008 2.084337741831165e-008 2.082027432634879e-008 2.079335128122071e-008 2.075969591747109e-008 2.072626155838125e-008 2.069257083840002e-008 2.065918039407816e-008 2.062329534595762e-008 2.05831384743777e-008 2.054349879745236e-008 2.050032792316375e-008 2.045019901182969e-008 2.040044753026021e-008 2.035316912720743e-008 2.030410610071045e-008 2.025618597422074e-008 2.021206253252269e-008 2.016600079227451e-008 2.011238285556521e-008 2.005424355191071e-008 1.999098624637289e-008 1.992673109055503e-008 1.985925315772098e-008 1.978901371543002e-008
2.017029580387646e-008 2.026208851908673e-008 2.033613869704392e-008 2.038770419149044e-008 2.04217028075143e-008 2.044136236250698e-008 2.045396961798303e-008 2.045741236623532e-008 2.045603297701242e-008 2.045260213583039e-008 2.044576736335598e-008 2.043485852291802e-008 2.041862002129705e-008 2.039901203452564e-008 2.037787122055846e-008 2.035384426425843e-008 2.032560164265121e-008 2.029489869718133e-008 2.026020076721049e-008 2.022624689939977e-008 2.019227081288544e-008 2.015404379571984e-008 2.011808688687764e-008 2.008157921586377e-008 2.00395262906747e-008 1.999464337186556e-008 1.994850413891345e-008 1.990178381100526e-008 1.985390172066594e-008 1.980771508419662e-008 1.976457697692111e-008 1.972296238698485e-008 1.966964884684174e-008 1.960786222495257e-008 1.954540533490812e-008 1.947976597915915e-008 1.941074308128324e-008 1.934050952824e-008
1.972204575235086e-008 1.980113955404338e-008 1.986535224147107e-008 1.991524292003401e-008 1.994820693060815e-008 1.996294926228411e-008 1.997741990262527e-008 1.997979023982174e-008 1.997894858219518e-008 1.997638888030848e-008 1.997097584754475e-008 1.996121754550836e-008 1.994405716335935e-008 1.99252522775996e-008 1.99050095230628e-008 1.988011464264491e-008 1.985394521932848e-008 1.982442946542926e-008 1.978964054233222e-008 1.975699028908518e-008 1.972269458569625e-008 1.968452836497576e-008 1.964986232198902e-008 1.96154589568221e-008 1.957472540639337e-008 1.953187243000768e-008 1.94878897861547e-008 1.944230148087896e-008 1.939526654070057e-008 1.934990800133389e-008 1.930849508126174e-008 1.926831569204323e-008 1.921531013773322e-008 1.9151954478903e-008 1.909021036321544e-008 1.902521589785741e-008 1.895591328108534e-008 1.888619534130377e-008
1.924500220912032e-008 1.932483705430045e-008 1.938601386810705e-008 1.94330258177502e-008 1.946262823443599e-008 1.947763411461637e-008 1.949077480937153e-008 1.949359992556916e-008 1.949382819893896e-008 1.949084734645403e-008 1.948277665976889e-008 1.947344900345001e-008 1.945822540946687e-008 1.94406841040215e-008 1.942280572585884e-008 1.940074570110953e-008 1.937643991295067e-008 1.934949665736408e-008 1.931997431404631e-008 1.928720872134762e-008 1.9255348682881e-008 1.921935953736802e-008 1.918250891363016e-008 1.914602531677535e-008 1.910526949368559e-008 1.906180181159246e-008 1.901816912626432e-008 1.897327372139977e-008 1.892751670943505e-008 1.888449801742926e-008 1.884479550907878e-008 1.879854603810459e-008 1.874524210264062e-008 1.868384169311742e-008 1.862482049624444e-008 1.856239387262813e-008 1.849614210017584e-008 1.842576809340151e-008
1.87651325070821e-008 1.883879629755073e-008 1.889552654750655e-008 1.89412715797914e-008 1.896824523131541e-008 1.898283959581027e-008 1.899616890724481e-008 1.89987609217684e-008 1.900083507604442e-008 1.899792120854331e-008 1.898954450213982e-008 1.89805686664501e-008 1.896701185614797e-008 1.895162373541235e-008 1.893559660337154e-008 1.891591653059753e-008 1.889306375675252e-008 1.886859004278065e-008 1.88408403176169e-008 1.881012516091611e-008 1.87784659796852e-008 1.874388843458006e-008 1.870655624351907e-008 1.866949580263769e-008 1.862952587731499e-008 1.858549379944381e-008 1.854233988614889e-008 1.849780754366856e-008 1.845313693412782e-008 1.841085522680222e-008 1.837230396358436e-008 1.832521116454891e-008 1.827089379857385e-008 1.821219619905405e-008 1.815408495606345e-008 1.809324868158561e-008 1.80282894261036e-008 1.795840592115843e-008
1.825067182583668e-008 1.8335875100423e-008 1.8395663003923e-008 1.843609157149589e-008 1.846049537340246e-008 1.847927628539667e-008 1.84878910466687e-008 1.849460104209451e-008 1.849961060572496e-008 1.849864857360455e-008 1.849215531149012e-008 1.848228087918431e-008 1.847164337072642e-008 1.84601849768438e-008 1.84461912927023e-008 1.842654783650978e-008 1.840499122083817e-008 1.838063772740878e-008 1.835365275766743e-008 1.832400164846107e-008 1.829083760086995e-008 1.825444052693794e-008 1.821985819905733e-008 1.818619874634963e-008 1.814799902549169e-008 1.810390165156511e-008 1.805985165119873e-008 1.801637604774258e-008 1.797339037147392e-008 1.793097976828933e-008 1.789031125971787e-008 1.784444859045611e-008 1.779346525748514e-008 1.773916124120956e-008 1.76812681064479e-008 1.761553027731527e-008 1.754805139880232e-008 1.748273617459015e-008
1.773072187094876e-008 1.782896086376842e-008 1.788827589354563e-008 1.792204902799037e-008 1.794940422296781e-008 1.796814876096601e-008 1.797590732564149e-008 1.798504810883865e-008 1.799211968503558e-008 1.799379746977658e-008 1.798825252828706e-008 1.797900414005901e-008 1.79704053971877e-008 1.79625833241442e-008 1.79492453119039e-008 1.793079529727263e-008 1.790961071105514e-008 1.788577269818516e-008 1.785940238266861e-008 1.783064510481702e-008 1.779687839947539e-008 1.776052813475889e-008 1.772662575239948e-008 1.769553643823545e-008 1.76583907473057e-008 1.76147984423772e-008 1.757053606772499e-008 1.752724530186792e-008 1.748532173834165e-008 1.74434417392844e-008 1.740244899261765e-008 1.735862296588276e-008 1.73090265501499e-008 1.725725771751074e-008 1.720036817502828e-008 1.713365242531751e-008 1.706698226480829e-008 1.700388683803515e-008
1.72187613596364e-008 1.731169414126718e-008 1.736990504738023e-008 1.740425068431535e-008 1.743352514834869e-008 1.745008520397912e-008 1.746167246286581e-008 1.747181893195512e-008 1.747788862460637e-008 1.748045143071121e-008 1.747638284849952e-008 1.74705692389527e-008 1.746478792870874e-008 1.745683771963823e-008 1.744418861588775e-008 1.742713663827181e-008 1.740698924337521e-008 1.738290106361871e-008 1.735607851829968e-008 1.732880620810977e-008 1.729760536014308e-008 1.726367125104974e-008 1.72282418973829e-008 1.719309419844866e-008 1.715824971519837e-008 1.711815705402487e-008 1.70746261657818e-008 1.702688737861318e-008 1.698457206668586e-008 1.694762145105265e-008 1.690683200422148e-008 1.686414370846722e-008 1.681602809127022e-008 1.676472338279319e-008 1.670903463165842e-008 1.664854473336513e-008 1.658603703282904e-008 1.652465525640098e-008
1.670348104406893e-008 1.679486560138553e-008 1.684889927195799e-008 1.688226760826133e-008 1.691329170312482e-008 1.692889803494141e-008 1.694273150413093e-008 1.695399908743769e-008 1.696051155711363e-008 1.696337459376022e-008 1.696083342904822e-008 1.695667346752683e-008 1.695328302874236e-008 1.694565100532451e-008 1.693329793463032e-008 1.691735242874832e-008 1.689840011233935e-008 1.687463018296865e-008 1.684847550152831e-008 1.682178016283151e-008 1.679241415573625e-008 1.675966762382057e-008 1.67231034903622e-008 1.66878897414031e-008 1.6653191147843e-008 1.661598507974685e-008 1.65730124565027e-008 1.652381240250343e-008 1.648234184190551e-008 1.644710161913443e-008 1.640834151226279e-008 1.636586614767008e-008 1.63198803033311e-008 1.626934793733759e-008 1.621484608758006e-008 1.615702125159959e-008 1.609712327472755e-008 1.603614409971841e-008
1.618250431919995e-008 1.627035231752993e-008 1.632359922942719e-008 1.635872515467617e-008 1.638881792922825e-008 1.640677823618828e-008 1.642204339172947e-008 1.643331670908317e-008 1.644088949875702e-008 1.644401226719758e-008 1.644390559862416e-008 1.644085532450045e-008 1.643683931552861e-008 1.642902884288839e-008 1.641660048254917e-008 1.640104696346557e-008 1.638361794940237e-008 1.636369032981988e-008 1.633901781264464e-008 1.631040320623539e-008 1.628032446357224e-008 1.624722795271444e-008 1.621113958983952e-008 1.617748426561285e-008 1.614360074158637e-008 1.610610463656881e-008 1.606267117526435e-008 1.60185628336753e-008 1.597887563331491e-008 1.594155100287161e-008 1.590337396497143e-008 1.586575974354795e-008 1.582118441641388e-008 1.577050168081925e-008 1.571647926290456e-008 1.565977205085569e-008 1.559938999058108e-008 1.553763925327483e-008
1.566288912510556e-008 1.574616688072429e-008 1.579564215134733e-008 1.582940999959198e-008 1.586045838382673e-008 1.587901127433567e-008 1.58955409292354e-008 1.590713466880547e-008 1.591517094233746e-008 1.591892437910279e-008 1.591970358673537e-008 1.591755587266933e-008 1.591336087600823e-008 1.590598602670436e-008 1.589337292456207e-008 1.587882507634775e-008 1.58626183131071e-008 1.584515276360348e-008 1.582215855958814e-008 1.579282874484964e-008 1.576355592270175e-008 1.573061793003e-008 1.569554234918006e-008 1.56628996803967e-008 1.563071575833343e-008 1.559411662448875e-008 1.555128261490286e-008 1.550913569758001e-008 1.547104896459115e-008 1.543379595188157e-008 1.539576479857353e-008 1.536114728876755e-008 1.531732112061842e-008 1.526691781829114e-008 1.521401752904865e-008 1.515813445852423e-008 1.509837629734744e-008 1.503687092299236e-008
1.513164366469346e-008 1.520918940200788e-008 1.526041762037492e-008 1.529737362611929e-008 1.532702923594699e-008 1.534656483425855e-008 1.536306346934818e-008 1.537409616656118e-008 1.538198663081534e-008 1.538607066799256e-008 1.538682409664398e-008 1.538535493037523e-008 1.538023110131053e-008 1.537346923825686e-008 1.536241129902325e-008 1.53493536061157e-008 1.533501948665779e-008 1.531726760998282e-008 1.529568625372255e-008 1.526918717950193e-008 1.524123767251751e-008 1.520979731837826e-008 1.517808109943006e-008 1.514638812101145e-008 1.511388852436228e-008 1.507855250192661e-008 1.504128622189164e-008 1.500078158140569e-008 1.496028563180464e-008 1.49224772756357e-008 1.488832485235874e-008 1.485156321926881e-008 1.480739283859684e-008 1.475772367276869e-008 1.470669358896297e-008 1.465253069422307e-008 1.459466946526433e-008 1.45321479590889e-008
1.460416833447799e-008 1.467356766483069e-008 1.472213625700845e-008 1.475972218369214e-008 1.478875065940088e-008 1.480834720130216e-008 1.482510942570804e-008 1.483536983529814e-008 1.484377910768448e-008 1.484735869570612e-008 1.484923996268138e-008 1.484746559765009e-008 1.48432401384392e-008 1.48368064722423e-008 1.482723334528164e-008 1.481532897161531e-008 1.480191939262607e-008 1.478563012819682e-008 1.476425781404979e-008 1.474039392592004e-008 1.471415790835237e-008 1.46843267945862e-008 1.46547855699579e-008 1.462472965763911e-008 1.459276788400848e-008 1.455890979243615e-008 1.452387710249309e-008 1.44856247488083e-008 1.444401025562075e-008 1.440670261002611e-008 1.437455886222141e-008 1.433815197475924e-008 1.429391066203858e-008 1.424561424900175e-008 1.419573389196419e-008 1.414311968099159e-008 1.408662751893502e-008 1.402440416241928e-008
1.406937660795941e-008 1.413312552585494e-008 1.417983959269981e-008 1.421742890280997e-008 1.424252636909742e-008 1.426294162230915e-008 1.427897503535234e-008 1.428919073862983e-008 1.429827541778362e-008 1.430117263138747e-008 1.430445240920586e-008 1.430276365775416e-008 1.430013088826066e-008 1.429577747718037e-008 1.428748627225386e-008 1.427657385867972e-008 1.426211363952799e-008 1.424689410850206e-008 1.422606373754287e-008 1.420460489816018e-008 1.418020524695931e-008 1.41536321406331e-008 1.412669278462575e-008 1.409798426309619e-008 1.406680732296875e-008 1.403357576204599e-008 1.399866253719637e-008 1.395988324847174e-008 1.392284116534509e-008 1.388752537724928e-008 1.385206164665197e-008 1.381715360251471e-008 1.377578407762336e-008 1.37304400112022e-008 1.368105072424112e-008 1.362867822139884e-008 1.357082962469756e-008 1.351215597381399e-008
1.353507655523237e-008 1.35909288395955e-008 1.363460245603102e-008 1.367141634751617e-008 1.369367080010784e-008 1.371488822571639e-008 1.373005131488648e-008 1.374140759840686e-008 1.375009304603674e-008 1.375420587098825e-008 1.375758797292617e-008 1.375727733554747e-008 1.375529574939447e-008 1.375267783233493e-008 1.374552976715302e-008 1.373477811229003e-008 1.37214468583773e-008 1.370613747111225e-008 1.36871178397599e-008 1.366647522276968e-008 1.364404221447358e-008 1.361929141523877e-008 1.359409825201431e-008 1.356679222417485e-008 1.353611223128218e-008 1.3504512083592e-008 1.347024453996682e-008 1.343252266462281e-008 1.339763327751582e-008 1.336396078459748e-008 1.332881407230951e-008 1.329467664696935e-008 1.325592363318897e-008 1.321226683891317e-008 1.316399127946639e-008 1.311293840901179e-008 1.305582247835335e-008 1.299961721810918e-008
1.298508239174689e-008 1.304430732705654e-008 1.308710902246878e-008 1.312046674760102e-008 1.314556289343068e-008 1.316560948308056e-008 1.318163722636663e-008 1.319345562927362e-008 1.320275201614236e-008 1.320814489891734e-008 1.321230245163934e-008 1.321318860874742e-008 1.321271450784634e-008 1.320791516813755e-008 1.320017408666629e-008 1.319126154028443e-008 1.318047292913881e-008 1.316583821525095e-008 1.314705910004447e-008 1.312703691024177e-008 1.310490686283448e-008 1.30807667559143e-008 1.305583733913897e-008 1.302802943733505e-008 1.299963715922738e-008 1.296953869810618e-008 1.293729778357022e-008 1.290319876775163e-008 1.286973617510304e-008 1.283690942249212e-008 1.2803271991362e-008 1.277061174381278e-008 1.273551744386891e-008 1.269246241099254e-008 1.264447928645844e-008 1.259518319865501e-008 1.25432723829867e-008 1.248955618332158e-008
1.243785140950302e-008 1.249584001163782e-008 1.253454334210122e-008 1.25673508696253e-008 1.25929550063419e-008 1.261300667450181e-008 1.262969837416119e-008 1.264201102420515e-008 1.265210566514721e-008 1.265860558705329e-008 1.266318447194522e-008 1.266565023126157e-008 1.26655098225025e-008 1.266067260125433e-008 1.265265730877024e-008 1.26453957086835e-008 1.263648705045115e-008 1.262268034625133e-008 1.260427232306672e-008 1.258517165955646e-008 1.256411452811606e-008 1.254053892834757e-008 1.25166406534258e-008 1.248903069962622e-008 1.246184135380292e-008 1.243319945282039e-008 1.240262148815499e-008 1.237043221634966e-008 1.23383703647567e-008 1.230679261428903e-008 1.227444159897052e-008 1.224346833048656e-008 1.221036822310383e-008 1.216820954737848e-008 1.212140596845045e-008 1.207417878506482e-008 1.202520794402261e-008 1.197381157832178e-008
