data/galIOV_gridfiles/galileo_iov_z_q19w50.grd
DSAA
361 181
-180 180
-90 90
-3.1980414737869E-008 3.5560094970104E-008
[rows 136 to 152 of 181, columns 76 to 113 of 361]
-2.670780651236681e-008 -2.667690694931976e-008 -2.664594249356034e-008 -2.661230651155395e-008 -2.657496754576698e-008 -2.653402815639209e-008 -2.649068540460871e-008 -2.644861648641719e-008 -2.641105169452797e-008 -2.637165604707827e-008 -2.63312580348366e-008 -2.628464912566149e-008 -2.623993899511529e-008 -2.621867984804395e-008 -2.62230965485296e-008 -2.624840364246754e-008 -2.628261525321008e-008 -2.632818009193026e-008 -2.638028282920475e-008 -2.642657701360408e-008 -2.647414215668303e-008 -2.651583035236112e-008 -2.655704713362779e-008 -2.660067381713298e-008 -2.664075975538435e-008 -2.667717161803178e-008 -2.671043364873151e-008 -2.674014003334698e-008 -2.676663654646111e-008 -2.679004350727939e-008 -2.680988112578743e-008 -2.682706880950631e-008 -2.684200828552448e-008 -2.685295837424764e-008 -2.685953523731834e-008 -2.686231828238644e-008 -2.686115973057447e-008 -2.685632826573168e-008
-2.712083707290503e-008 -2.709097211205657e-008 -2.70599991147638e-008 -2.702618292974672e-008 -2.698830451506853e-008 -2.694678169862391e-008 -2.690463827436792e-008 -2.686610365337225e-008 -2.682847901034824e-008 -2.678917296761693e-008 -2.674818777161335e-008 -2.670252297759956e-008 -2.666716227969118e-008 -2.664535811999871e-008 -2.664440346503563e-008 -2.666374983942375e-008 -2.669689585232978e-008 -2.674633606163033e-008 -2.679828115992785e-008 -2.684518219638479e-008 -2.689152626912718e-008 -2.693510175940763e-008 -2.69765367167428e-008 -2.701649873437567e-008 -2.705460683726833e-008 -2.709066485191255e-008 -2.712448382153826e-008 -2.715521041018967e-008 -2.718171643774258e-008 -2.720440741184309e-008 -2.722418994790777e-008 -2.724104949548905e-008 -2.725512992382739e-008 -2.726583387924171e-008 -2.727246045622288e-008 -2.72754782816843e-008 -2.727487549514643e-008 -2.727022339985738e-008
-2.751706147548752e-008 -2.748822046574313e-008 -2.74571743599196e-008 -2.742329121312912e-008 -2.738574241515655e-008 -2.734421414173625e-008 -2.730244739651361e-008 -2.72663423069004e-008 -2.722931062657337e-008 -2.718965706469697e-008 -2.714949689476097e-008 -2.710384029140716e-008 -2.70706342109524e-008 -2.704845286649304e-008 -2.70453461430856e-008 -2.706401379250007e-008 -2.709645461767044e-008 -2.714633516607837e-008 -2.719820188677555e-008 -2.724465031920981e-008 -2.729128991548901e-008 -2.733514754993449e-008 -2.73769415225404e-008 -2.741601159591323e-008 -2.745293399577105e-008 -2.748866823222287e-008 -2.752254123090117e-008 -2.755341012404053e-008 -2.758007048466189e-008 -2.760292881698688e-008 -2.762215892375615e-008 -2.763873710021981e-008 -2.765253879761903e-008 -2.766273837369074e-008 -2.766916469047192e-008 -2.767217993817281e-008 -2.767176175635117e-008 -2.766737307669106e-008
-2.789751299815023e-008 -2.786851855009711e-008 -2.783714767770141e-008 -2.780298436848727e-008 -2.776657296112251e-008 -2.772749864490855e-008 -2.768850803883358e-008 -2.765114411645905e-008 -2.76142959530022e-008 -2.757441189351009e-008 -2.753394674070266e-008 -2.748848352911987e-008 -2.744673095348005e-008 -2.742304690137208e-008 -2.742514684568065e-008 -2.74480150954048e-008 -2.748438731608765e-008 -2.752736995044132e-008 -2.757896077593164e-008 -2.762516974141613e-008 -2.767191411002811e-008 -2.771807379873305e-008 -2.775879105124651e-008 -2.779833850698503e-008 -2.783640038875297e-008 -2.787139960824301e-008 -2.790397013887034e-008 -2.793483686244343e-008 -2.796201834966636e-008 -2.798533085272953e-008 -2.800467700266067e-008 -2.8020826529293e-008 -2.80337826197581e-008 -2.804364734140061e-008 -2.804986209810324e-008 -2.805219915030284e-008 -2.80517986765433e-008 -2.804798580800925e-008
-2.826026862174345e-008 -2.823131803707186e-008 -2.819986463549446e-008 -2.816597863306818e-008 -2.813046887343315e-008 -2.809298623204469e-008 -2.805508963693418e-008 -2.801817767539987e-008 -2.798261404932748e-008 -2.79421919157541e-008 -2.790228548554974e-008 -2.785708421584622e-008 -2.781296045991139e-008 -2.778769623864912e-008 -2.778965318349345e-008 -2.781337128290914e-008 -2.78516334584817e-008 -2.789257962400328e-008 -2.79440716144778e-008 -2.799025961382771e-008 -2.803735288286148e-008 -2.808474495059231e-008 -2.812524091779821e-008 -2.816493120711885e-008 -2.82036979437329e-008 -2.823804278319398e-008 -2.826977990288545e-008 -2.830033279759725e-008 -2.83272623226602e-008 -2.835047926345014e-008 -2.837026862097514e-008 -2.838642543366856e-008 -2.839868793176054e-008 -2.840839753863064e-008 -2.841427313952361e-008 -2.841626516661765e-008 -2.84157530779129e-008 -2.841204499214931e-008
-2.860603760874117e-008 -2.857656069001873e-008 -2.854511145999282e-008 -2.851211824250615e-008 -2.847662813664558e-008 -2.844001321233889e-008 -2.840503825957821e-008 -2.837019787058974e-008 -2.833406540671385e-008 -2.829532123952327e-008 -2.82525309149993e-008 -2.82091694014942e-008 -2.817556351164345e-008 -2.81463655199197e-008 -2.814180468539281e-008 -2.815921183174831e-008 -2.819256789529399e-008 -2.824161374189774e-008 -2.829444465210289e-008 -2.834163887874114e-008 -2.838970083433895e-008 -2.843592095175143e-008 -2.847806838598983e-008 -2.851747418072868e-008 -2.855500310003483e-008 -2.858968448398821e-008 -2.862094957941375e-008 -2.864976932187694e-008 -2.867540567694215e-008 -2.869854532288568e-008 -2.871893515666726e-008 -2.873588590979167e-008 -2.874856095305684e-008 -2.87569915202712e-008 -2.876235022568682e-008 -2.876465188637104e-008 -2.876371795848611e-008 -2.875956768552064e-008
-2.893462648146051e-008 -2.8904986242824e-008 -2.887368809448519e-008 -2.884098652580329e-008 -2.880590193997664e-008 -2.877024931783967e-008 -2.873682595638559e-008 -2.870333620940564e-008 -2.866736694509758e-008 -2.862969660176852e-008 -2.858635494539488e-008 -2.854540584407988e-008 -2.851550429912567e-008 -2.848423234609627e-008 -2.847420650243083e-008 -2.849006383901175e-008 -2.852025450920135e-008 -2.85736467576255e-008 -2.862795863573752e-008 -2.867446465032135e-008 -2.872313653170543e-008 -2.876920714167149e-008 -2.881155511457788e-008 -2.885137034967546e-008 -2.888863521704031e-008 -2.892299639150079e-008 -2.895422628788914e-008 -2.89822568063983e-008 -2.900703314330386e-008 -2.902980062442992e-008 -2.90501515297254e-008 -2.906699661517386e-008 -2.907956635898117e-008 -2.908789780264723e-008 -2.90931685123206e-008 -2.909541468213009e-008 -2.909454250991513e-008 -2.909025146520754e-008
-2.924632543211903e-008 -2.921790879649395e-008 -2.918626905208873e-008 -2.915274193516735e-008 -2.911870879202765e-008 -2.908518190579272e-008 -2.90520722196802e-008 -2.901749871974603e-008 -2.898201309405601e-008 -2.894471606711392e-008 -2.89019201212312e-008 -2.886437094863931e-008 -2.883089483983036e-008 -2.87986549348269e-008 -2.878574131117735e-008 -2.879776953685094e-008 -2.883322101770625e-008 -2.888947626068018e-008 -2.894147433756204e-008 -2.898965421994077e-008 -2.903886444829348e-008 -2.908337056012007e-008 -2.912555792736271e-008 -2.916689954826293e-008 -2.920456563457412e-008 -2.923864489797017e-008 -2.926984811609079e-008 -2.929774927601598e-008 -2.932240547708917e-008 -2.934444472377389e-008 -2.936386263887596e-008 -2.937961410966953e-008 -2.939156832851967e-008 -2.940085976789379e-008 -2.940669646675857e-008 -2.940917711257832e-008 -2.940829530657687e-008 -2.94039778488983e-008
-2.954019715895038e-008 -2.951240066330417e-008 -2.948065001089642e-008 -2.944728259717358e-008 -2.941436002344066e-008 -2.93820801108498e-008 -2.934967380318966e-008 -2.931502865728646e-008 -2.928004457109829e-008 -2.924327378492603e-008 -2.920201368172749e-008 -2.916721582529754e-008 -2.913299189034848e-008 -2.909688098054801e-008 -2.908378576224058e-008 -2.909531696932912e-008 -2.913265866547558e-008 -2.919183945624546e-008 -2.924353383351146e-008 -2.929028971434638e-008 -2.933915957870644e-008 -2.938287381245819e-008 -2.94243456950415e-008 -2.946564511706627e-008 -2.950344428344761e-008 -2.953726392329074e-008 -2.956818712913723e-008 -2.959583840585557e-008 -2.962000646272519e-008 -2.964159277840464e-008 -2.966041603486178e-008 -2.967555782236521e-008 -2.968738680786225e-008 -2.969669958247039e-008 -2.970281871971129e-008 -2.970549021143255e-008 -2.970473551579529e-008 -2.97005552985727e-008
-2.981559359126014e-008 -2.978758750179638e-008 -2.975631274802468e-008 -2.972454202342161e-008 -2.969329870175039e-008 -2.966205679511468e-008 -2.963011124552753e-008 -2.959639501667967e-008 -2.956282913851429e-008 -2.952592465353914e-008 -2.948717048666737e-008 -2.945357490950407e-008 -2.941629351168906e-008 -2.938018822201908e-008 -2.936876001360579e-008 -2.93812061505602e-008 -2.94202095450561e-008 -2.947995059296697e-008 -2.953196092196186e-008 -2.95777201437673e-008 -2.962500976166469e-008 -2.96682155665739e-008 -2.970844067967111e-008 -2.974818244473719e-008 -2.978548320669942e-008 -2.981930388955976e-008 -2.984939031321069e-008 -2.98764039549498e-008 -2.990056263601111e-008 -2.992183052631943e-008 -2.993986541586895e-008 -2.995477015743384e-008 -2.996655720468357e-008 -2.99754665453404e-008 -2.998167104793543e-008 -2.998456778169395e-008 -2.998401906095178e-008 -2.997994341190034e-008
-3.007356948962311e-008 -3.004482901291579e-008 -3.001395744447156e-008 -2.998422206679404e-008 -2.995460978319463e-008 -2.992500328126924e-008 -2.989410107956291e-008 -2.986084980215067e-008 -2.982886299501178e-008 -2.97930483138597e-008 -2.975632542856383e-008 -2.972486877185578e-008 -2.968547684507394e-008 -2.964876658395523e-008 -2.963939080277819e-008 -2.965321318867156e-008 -2.969506012152749e-008 -2.975566066862549e-008 -2.98059173134413e-008 -2.985018666441194e-008 -2.989614156059696e-008 -2.993732492223425e-008 -2.997577430353088e-008 -3.001438267197541e-008 -3.005041011864657e-008 -3.008336685931252e-008 -3.011249256369827e-008 -3.013892934693616e-008 -3.016296941215362e-008 -3.018394812925723e-008 -3.020160622767851e-008 -3.021646816992556e-008 -3.022816837798442e-008 -3.023701467723667e-008 -3.024333078098634e-008 -3.024621162837789e-008 -3.024561080183554e-008 -3.024167486259509e-008
-3.031316496051091e-008 -3.028365986448133e-008 -3.025357230675146e-008 -3.022550255733453e-008 -3.019835811020688e-008 -3.017107216490627e-008 -3.014217977073413e-008 -3.011153811359006e-008 -3.007945904470908e-008 -3.00442653613802e-008 -3.001022490456943e-008 -2.997670083746328e-008 -2.993686993627313e-008 -2.99028211461793e-008 -2.989432992527136e-008 -2.991177018782018e-008 -2.995767926241071e-008 -3.001711180073209e-008 -3.006566079020609e-008 -3.010841606153927e-008 -3.015205931986065e-008 -3.019146827775513e-008 -3.022832674897824e-008 -3.026433854226634e-008 -3.02979931489652e-008 -3.032874431893998e-008 -3.035695421107154e-008 -3.038343219848176e-008 -3.040728347659962e-008 -3.042777013512748e-008 -3.044537233643847e-008 -3.046054812213771e-008 -3.047272929869329e-008 -3.048186250867445e-008 -3.048770288504695e-008 -3.049034281037044e-008 -3.048961987844357e-008 -3.048561788821359e-008
-3.053458879488574e-008 -3.050519404111658e-008 -3.047693864227314e-008 -3.045036010064422e-008 -3.042539144015882e-008 -3.039999363154534e-008 -3.037247003955543e-008 -3.034363434699525e-008 -3.03131306622367e-008 -3.0279296619871e-008 -3.024694655209399e-008 -3.021511680663194e-008 -3.017532272570908e-008 -3.014552488159789e-008 -3.013672073580808e-008 -3.015756224824786e-008 -3.020732112474127e-008 -3.02632400329227e-008 -3.030784689124871e-008 -3.034922599242137e-008 -3.039125629368146e-008 -3.042793726135575e-008 -3.046235204438028e-008 -3.049714672886139e-008 -3.052863444899791e-008 -3.055760882600635e-008 -3.058483631843054e-008 -3.06105650731408e-008 -3.063409857497226e-008 -3.065438454678707e-008 -3.067178288643321e-008 -3.068692742758513e-008 -3.069918318451821e-008 -3.070810980420514e-008 -3.071392451402776e-008 -3.071667252288265e-008 -3.071593799409525e-008 -3.071198144751577e-008
-3.073696983271135e-008 -3.070961968602878e-008 -3.068450728296523e-008 -3.06599041506986e-008 -3.063617115364458e-008 -3.061112567092279e-008 -3.058593808796668e-008 -3.055924240293795e-008 -3.052921292458186e-008 -3.049780237782928e-008 -3.046684364102124e-008 -3.043362650228897e-008 -3.039958223079271e-008 -3.038067249716101e-008 -3.037633169416903e-008 -3.039561715203217e-008 -3.044303579141425e-008 -3.049407047603143e-008 -3.053327245206068e-008 -3.057315089413783e-008 -3.061242630408354e-008 -3.064780731412322e-008 -3.068151304211599e-008 -3.071313706058755e-008 -3.074212516225866e-008 -3.076947672224023e-008 -3.079574451682099e-008 -3.08205302952913e-008 -3.08435720357275e-008 -3.08641141847146e-008 -3.088117193977698e-008 -3.08954291359163e-008 -3.090737041034708e-008 -3.09163723684119e-008 -3.092219469576157e-008 -3.092498848548508e-008 -3.092459404292113e-008 -3.092116618323825e-008
-3.092347373100196e-008 -3.089792700686127e-008 -3.08753304182917e-008 -3.085270865526371e-008 -3.082975884964206e-008 -3.080515695951798e-008 -3.078197815826455e-008 -3.075734111796152e-008 -3.072804332609552e-008 -3.069777633962301e-008 -3.066920067454231e-008 -3.063828167508658e-008 -3.060897395569955e-008 -3.059261107588124e-008 -3.059294780523632e-008 -3.06132461252156e-008 -3.065326721813971e-008 -3.070085667841342e-008 -3.073787100926746e-008 -3.077629539905918e-008 -3.081330456385738e-008 -3.084707586736162e-008 -3.088008219321972e-008 -3.091050635831726e-008 -3.093793908290413e-008 -3.096368452252234e-008 -3.098888292178919e-008 -3.10128593028774e-008 -3.103492459055677e-008 -3.105492958456959e-008 -3.107151799327642e-008 -3.108530381567565e-008 -3.109687528490303e-008 -3.110583219182387e-008 -3.111174517841132e-008 -3.111489070105017e-008 -3.11148335000162e-008 -3.11114247490489e-008
-3.10953930015204e-008 -3.107177491205045e-008 -3.105040475313492e-008 -3.102831444899547e-008 -3.100648545581082e-008 -3.098440060253226e-008 -3.096191316264972e-008 -3.093727521272822e-008 -3.091034378742953e-008 -3.088094773195265e-008 -3.085175235033627e-008 -3.082701871043157e-008 -3.080330173353709e-008 -3.078580684388852e-008 -3.078776856430019e-008 -3.080666646827521e-008 -3.083542389950589e-008 -3.087780559689797e-008 -3.091908364353974e-008 -3.095732160768773e-008 -3.09924747811989e-008 -3.10278592236258e-008 -3.105987615277777e-008 -3.108851618424824e-008 -3.111540315106803e-008 -3.114124567466267e-008 -3.116512317997342e-008 -3.118749373672072e-008 -3.120786148792406e-008 -3.122627551670394e-008 -3.124269034541313e-008 -3.125644686742962e-008 -3.126752881032412e-008 -3.127605457302115e-008 -3.128277345328827e-008 -3.128635651931722e-008 -3.128642345386837e-008 -3.128322186131782e-008
-3.124910510439203e-008 -3.122703315705385e-008 -3.120634700388018e-008 -3.118533897106194e-008 -3.116526723861691e-008 -3.114496209370403e-008 -3.112239396685502e-008 -3.109841354292363e-008 -3.107315841761271e-008 -3.104448395758117e-008 -3.1015555529908e-008 -3.09943870194093e-008 -3.097462061191458e-008 -3.09596540948458e-008 -3.096075476501787e-008 -3.09760881541377e-008 -3.100081186590992e-008 -3.103853192641532e-008 -3.108104203292393e-008 -3.111969262268143e-008 -3.115372123552289e-008 -3.11883064297396e-008 -3.122020119900603e-008 -3.124825560960595e-008 -3.12742892310755e-008 -3.129999149897136e-008 -3.132318893037978e-008 -3.134405616326341e-008 -3.136290466389246e-008 -3.138016753287388e-008 -3.139556333318308e-008 -3.140908108170014e-008 -3.142020082168046e-008 -3.142859354743826e-008 -3.143559621830158e-008 -3.14392794036801e-008 -3.143931370059441e-008 -3.14360586176094e-008
