data/galIOV_gridfiles/galileo_iov_x_q22w32.grd
DSAA
361 181
-180 180
-90 90
-2.4253196647466E-008 2.4130587582577E-008
[rows 34 to 50 of 181, columns 117 to 155 of 361]
-8.466889863164501e-009 -8.751381288938406e-009 -9.032210398020564e-009 -9.307811483657771e-009 -9.579247721901472e-009 -9.847555229144038e-009 -1.011198460351128e-008 -1.037154949291821e-008 -1.062419931796866e-008 -1.087161850960629e-008 -1.111464440707882e-008 -1.13525232214875e-008 -1.158583233127185e-008 -1.181429606755473e-008 -1.203475812703063e-008 -1.224948795857388e-008 -1.246027151827134e-008 -1.26649814920704e-008 -1.286270533998595e-008 -1.305466948418042e-008 -1.324159634430045e-008 -1.342145883529605e-008 -1.359420609547928e-008 -1.376166133407668e-008 -1.392371249838052e-008 -1.407847230749397e-008 -1.422596261341608e-008 -1.436610505903607e-008 -1.449919870957857e-008 -1.462500278326803e-008 -1.474460162667396e-008 -1.485880539165327e-008 -1.496389886959939e-008 -1.506108854669159e-008 -1.515291156383217e-008 -1.523866504388653e-008 -1.53191138495333e-008 -1.539319004428326e-008 -1.546128683041716e-008
-8.717816907831103e-009 -9.009456746859925e-009 -9.297972180763115e-009 -9.58156159911613e-009 -9.860552168715843e-009 -1.013585268768202e-008 -1.04058921833807e-008 -1.067180951170688e-008 -1.093328267967508e-008 -1.118853684963386e-008 -1.14380835081078e-008 -1.168288001619308e-008 -1.192365566966854e-008 -1.215930826035606e-008 -1.238614631471278e-008 -1.260572807894829e-008 -1.282101703759094e-008 -1.303010382826756e-008 -1.323234823576395e-008 -1.342914250999112e-008 -1.362051921766467e-008 -1.380412403391167e-008 -1.398072835641484e-008 -1.415235511385846e-008 -1.431735839059753e-008 -1.44745170396846e-008 -1.462491507492822e-008 -1.476792466376848e-008 -1.490360584722415e-008 -1.503255895209757e-008 -1.515533383795569e-008 -1.527147002653585e-008 -1.537773718577224e-008 -1.547518467944824e-008 -1.556657436833003e-008 -1.565289744124708e-008 -1.573504812379996e-008 -1.581101571956102e-008 -1.588001939952716e-008
-8.963556560928571e-009 -9.263647611811277e-009 -9.55955247993363e-009 -9.850722608251414e-009 -1.013815646222521e-008 -1.042094731678648e-008 -1.069733436340316e-008 -1.097020014055998e-008 -1.123940142347623e-008 -1.150149849144014e-008 -1.175718348466831e-008 -1.200878355547018e-008 -1.225554557299722e-008 -1.249667346299561e-008 -1.272985490038349e-008 -1.295624638414315e-008 -1.31759924085929e-008 -1.33890778743478e-008 -1.359649094034671e-008 -1.379780309062124e-008 -1.39924600511347e-008 -1.417996753169016e-008 -1.436080243032279e-008 -1.453559409174719e-008 -1.470353839656423e-008 -1.486416479758354e-008 -1.501763784548856e-008 -1.516286566373004e-008 -1.530093223280906e-008 -1.543256362429878e-008 -1.555713052181946e-008 -1.567416591533589e-008 -1.578218818869278e-008 -1.588204868426728e-008 -1.597427746732978e-008 -1.606152934051186e-008 -1.614525861961289e-008 -1.622082592527116e-008 -1.62886390374976e-008
-9.204787524594464e-009 -9.513574286064343e-009 -9.817738061202155e-009 -1.011676823973389e-008 -1.041222575800608e-008 -1.070298694983317e-008 -1.098714362549717e-008 -1.126640368640262e-008 -1.154231411789289e-008 -1.181145507118582e-008 -1.207331790360214e-008 -1.233025801567527e-008 -1.258125167869083e-008 -1.282759689420138e-008 -1.306805067689409e-008 -1.330077820951793e-008 -1.352587204905193e-008 -1.374362089362887e-008 -1.395532026116681e-008 -1.416048120112638e-008 -1.435880891973481e-008 -1.45501647478026e-008 -1.473440413757843e-008 -1.491199136391694e-008 -1.50833955343184e-008 -1.524785770460276e-008 -1.540384673523737e-008 -1.555148389920364e-008 -1.569190564188783e-008 -1.582483395025689e-008 -1.595079110542448e-008 -1.606915602593819e-008 -1.617873282824596e-008 -1.628093260800289e-008 -1.637573599243596e-008 -1.646535685934422e-008 -1.654850783599388e-008 -1.66224770367178e-008 -1.668949050710371e-008
-9.441650783678619e-009 -9.758270311438711e-009 -1.007054850468994e-008 -1.037801314185449e-008 -1.068127098582124e-008 -1.097879890151126e-008 -1.127039365498614e-008 -1.155693352665337e-008 -1.183889884060671e-008 -1.211465936705328e-008 -1.238415632272595e-008 -1.264705888095163e-008 -1.290304625796398e-008 -1.315548008663303e-008 -1.340177685066026e-008 -1.363901089802827e-008 -1.386913541947789e-008 -1.40925227882925e-008 -1.4308268467778e-008 -1.451724278657792e-008 -1.472035803085355e-008 -1.491533801302109e-008 -1.510222643738586e-008 -1.528306750065024e-008 -1.54573305446598e-008 -1.562420391154184e-008 -1.578269571902955e-008 -1.593330001874037e-008 -1.607583010955977e-008 -1.621038945243522e-008 -1.633836434928553e-008 -1.6457700228699e-008 -1.656803927502656e-008 -1.667150818018385e-008 -1.676808539123113e-008 -1.685776036568831e-008 -1.694014463770563e-008 -1.701454790491542e-008 -1.708174960445184e-008
-9.674226713627265e-009 -9.997618374479617e-009 -1.031839052008739e-008 -1.063483516935094e-008 -1.094519863299287e-008 -1.12497233661116e-008 -1.154850325621137e-008 -1.184136337891929e-008 -1.212948991498243e-008 -1.241274624408977e-008 -1.26899718280054e-008 -1.295930081786101e-008 -1.322183686733456e-008 -1.34801421983837e-008 -1.373051153222411e-008 -1.397216706902934e-008 -1.420715656897904e-008 -1.443531737637567e-008 -1.465578790240101e-008 -1.486963019145217e-008 -1.507688401953991e-008 -1.527521418013687e-008 -1.546537141835721e-008 -1.564873840493212e-008 -1.582493763580499e-008 -1.599421296788421e-008 -1.615542974730457e-008 -1.630804844681879e-008 -1.645275839993392e-008 -1.659024488802265e-008 -1.671946290083795e-008 -1.683902016609375e-008 -1.69502403706816e-008 -1.705457872929673e-008 -1.715134952103654e-008 -1.724086655632241e-008 -1.732265772096879e-008 -1.739713910167463e-008 -1.7465053476685e-008
-9.903388147975227e-009 -1.023420212698048e-008 -1.056266975628058e-008 -1.088660859035821e-008 -1.120413718127052e-008 -1.151644013034378e-008 -1.182197418677128e-008 -1.21209079227429e-008 -1.241576917100508e-008 -1.270545015803064e-008 -1.298843055838586e-008 -1.326393545607825e-008 -1.353314760405041e-008 -1.37962063417355e-008 -1.405129832101596e-008 -1.429852657879499e-008 -1.45381719687163e-008 -1.477056362672053e-008 -1.499622215639391e-008 -1.521480948538019e-008 -1.542524072264169e-008 -1.562785522977352e-008 -1.582202589890078e-008 -1.600781173131741e-008 -1.618676070295732e-008 -1.635831013015623e-008 -1.65207656927469e-008 -1.667497974973923e-008 -1.682186741002208e-008 -1.696087771104915e-008 -1.709070589096586e-008 -1.721159908095903e-008 -1.732357227328456e-008 -1.742800608783846e-008 -1.752534839670933e-008 -1.761546157752946e-008 -1.769733362473706e-008 -1.777164096870159e-008 -1.783923538938359e-008
-1.012946291450922e-008 -1.046847071605613e-008 -1.080317819380666e-008 -1.113345016829657e-008 -1.145962534290051e-008 -1.177920801750071e-008 -1.209078819878035e-008 -1.239682998944887e-008 -1.269774813689444e-008 -1.299229499716579e-008 -1.328090127707736e-008 -1.356218600817137e-008 -1.383697914909901e-008 -1.410536858644686e-008 -1.43654136113301e-008 -1.461779466673366e-008 -1.486263435547185e-008 -1.509947466027049e-008 -1.532931407189953e-008 -1.555278135749322e-008 -1.576807248023565e-008 -1.597382751507973e-008 -1.617104360152313e-008 -1.63619547352766e-008 -1.654375230731872e-008 -1.671559035766315e-008 -1.687906394205095e-008 -1.703470475437405e-008 -1.718274974508026e-008 -1.732312950176456e-008 -1.745425204818857e-008 -1.75756255829789e-008 -1.768798140794325e-008 -1.779279221591067e-008 -1.789026268751125e-008 -1.798102296715893e-008 -1.806399679701857e-008 -1.813791941445416e-008 -1.820407189840012e-008
-1.035045734768849e-008 -1.069656550090287e-008 -1.103787457532428e-008 -1.137502089569455e-008 -1.170794366155793e-008 -1.203407803051659e-008 -1.235276474829018e-008 -1.266566161599677e-008 -1.29722249261299e-008 -1.327299805113913e-008 -1.356750935746473e-008 -1.385393926957434e-008 -1.41344275412477e-008 -1.440813838579556e-008 -1.467260812583193e-008 -1.493009816423532e-008 -1.518029429921828e-008 -1.542088964711594e-008 -1.565497684673283e-008 -1.588271092800103e-008 -1.610070995279682e-008 -1.630951997014999e-008 -1.650966841115473e-008 -1.67035380262632e-008 -1.68884932198785e-008 -1.706415534015888e-008 -1.722912345206029e-008 -1.738547736128341e-008 -1.753464162372868e-008 -1.767561908960162e-008 -1.780771567542637e-008 -1.793043882166831e-008 -1.804347722111443e-008 -1.814795752066204e-008 -1.82453228137298e-008 -1.833591298907742e-008 -1.841906809613131e-008 -1.84937942867358e-008 -1.855952572659018e-008
-1.056636920249029e-008 -1.091931557011749e-008 -1.12673903380609e-008 -1.161126538553435e-008 -1.194928665443974e-008 -1.228135210084393e-008 -1.260819170526752e-008 -1.29280782192976e-008 -1.324071343160322e-008 -1.354753051237451e-008 -1.384797052154813e-008 -1.414021601110274e-008 -1.442584941022092e-008 -1.470426205219694e-008 -1.49736979701227e-008 -1.523573674704265e-008 -1.549091798870035e-008 -1.573631155508908e-008 -1.597368114608767e-008 -1.620447044223805e-008 -1.642514742373392e-008 -1.663594634732657e-008 -1.683757417388765e-008 -1.703370928235665e-008 -1.72239592450474e-008 -1.740421017970428e-008 -1.757192956078282e-008 -1.772837616740191e-008 -1.787716144053452e-008 -1.801859697603586e-008 -1.815223681982242e-008 -1.827635110119622e-008 -1.83902723297097e-008 -1.849408970989351e-008 -1.859056083635151e-008 -1.868037503731382e-008 -1.876421185179634e-008 -1.884012945400433e-008 -1.890514168702103e-008
-1.077743098327036e-008 -1.113713812418725e-008 -1.149221132608919e-008 -1.184270467303254e-008 -1.218652757921342e-008 -1.252488379419446e-008 -1.285796001582491e-008 -1.318361887680054e-008 -1.350211582350119e-008 -1.381473414197688e-008 -1.412059121165278e-008 -1.441841748995551e-008 -1.470896565803154e-008 -1.499135269115954e-008 -1.526535188263463e-008 -1.553187157594939e-008 -1.579094747223965e-008 -1.60405826094263e-008 -1.628210235844125e-008 -1.651601975455186e-008 -1.674015303560375e-008 -1.695480870182901e-008 -1.716031353875441e-008 -1.735923501358246e-008 -1.75511376133854e-008 -1.773270527751735e-008 -1.790258724550873e-008 -1.806153586615165e-008 -1.821159932677348e-008 -1.835398453656178e-008 -1.848834602960168e-008 -1.861269868408258e-008 -1.872692117503194e-008 -1.88308654547314e-008 -1.892683659151308e-008 -1.901616232900403e-008 -1.90992037981606e-008 -1.917392228808181e-008 -1.923855456948422e-008
-1.098352912657412e-008 -1.135086361994626e-008 -1.171352077299897e-008 -1.206940163231504e-008 -1.24197973873761e-008 -1.276470508209999e-008 -1.310224180030894e-008 -1.343295042878033e-008 -1.37564590859716e-008 -1.407428479714754e-008 -1.438641029735309e-008 -1.469001080213483e-008 -1.498397796860366e-008 -1.526990495377832e-008 -1.554797513259515e-008 -1.581903445651537e-008 -1.608115247261843e-008 -1.633447607810168e-008 -1.658124444773376e-008 -1.681819605094426e-008 -1.70458035746094e-008 -1.726579274838236e-008 -1.747768828417236e-008 -1.76790077206166e-008 -1.786994434950704e-008 -1.805093560263065e-008 -1.822278110636328e-008 -1.838533531292162e-008 -1.853804759632112e-008 -1.86813482475566e-008 -1.881574795963026e-008 -1.89405165610161e-008 -1.905470271520839e-008 -1.915819048738873e-008 -1.925402637136903e-008 -1.934268888226257e-008 -1.942423886304412e-008 -1.94964406209641e-008 -1.956077064438177e-008
-1.11838925867228e-008 -1.155868321824358e-008 -1.19271556617945e-008 -1.228938043944502e-008 -1.264616109745026e-008 -1.299648858235268e-008 -1.334028841774312e-008 -1.367670306338747e-008 -1.400456495373208e-008 -1.432743266320455e-008 -1.464405438366387e-008 -1.495228109325276e-008 -1.525068939442141e-008 -1.554117236226341e-008 -1.582383919761013e-008 -1.609947494051314e-008 -1.636554948758625e-008 -1.662296259306525e-008 -1.687396424935561e-008 -1.711376806300468e-008 -1.734459998506724e-008 -1.75681735352126e-008 -1.778285915409134e-008 -1.79867993608648e-008 -1.818017510883219e-008 -1.836219824035433e-008 -1.853574378910479e-008 -1.870015215407176e-008 -1.885393592533339e-008 -1.899862285871627e-008 -1.91335178498511e-008 -1.925773639111151e-008 -1.937226206817524e-008 -1.947591943109028e-008 -1.957078389003999e-008 -1.96591968731913e-008 -1.973972294124353e-008 -1.981089791446585e-008 -1.987410793744828e-008
-1.137938964573218e-008 -1.176057929731135e-008 -1.213471643669373e-008 -1.25031535050965e-008 -1.286512332924957e-008 -1.322186095060044e-008 -1.357292346131763e-008 -1.391513233950195e-008 -1.424758554825725e-008 -1.457386278590339e-008 -1.489350775436736e-008 -1.52061793773093e-008 -1.550916630647999e-008 -1.580460165153095e-008 -1.609310609232395e-008 -1.637357174782381e-008 -1.664342213758765e-008 -1.690616830874842e-008 -1.716039732499122e-008 -1.740262114555851e-008 -1.763621530735463e-008 -1.786124414858009e-008 -1.807825948485421e-008 -1.828575301483655e-008 -1.848139766105827e-008 -1.866572052555235e-008 -1.884055680969474e-008 -1.900554913204219e-008 -1.916097791667126e-008 -1.930677518812243e-008 -1.944129539900068e-008 -1.956552793681384e-008 -1.968009980971574e-008 -1.97837507822783e-008 -1.987833155384577e-008 -1.996545940427381e-008 -2.004484766291099e-008 -2.011735497077865e-008 -2.017788425967673e-008
-1.156811022502388e-008 -1.195506906068097e-008 -1.233563208174332e-008 -1.271005164747364e-008 -1.307728787707272e-008 -1.343987421955256e-008 -1.379611469276462e-008 -1.414361124324721e-008 -1.448205670384136e-008 -1.4812795919399e-008 -1.513707065250204e-008 -1.545468514711385e-008 -1.576135627931942e-008 -1.606086709934411e-008 -1.635324370706836e-008 -1.663719628753256e-008 -1.691118566324777e-008 -1.717759409413793e-008 -1.743493543194141e-008 -1.768141793574009e-008 -1.791774001109788e-008 -1.8145014507825e-008 -1.836456035749738e-008 -1.857377857631176e-008 -1.877157866496372e-008 -1.895842851803303e-008 -1.913395160378756e-008 -1.930035762015426e-008 -1.945681690609104e-008 -1.960248504679413e-008 -1.973772208477619e-008 -1.98620388561356e-008 -1.997590254444115e-008 -2.007979448808133e-008 -2.01735185579137e-008 -2.025910483553637e-008 -2.033709702614738e-008 -2.040705313029254e-008 -2.046556631483719e-008
-1.175030393665252e-008 -1.214268367309625e-008 -1.253012219586115e-008 -1.291057254732171e-008 -1.328336314698261e-008 -1.365050922012135e-008 -1.401035185646052e-008 -1.436335536871977e-008 -1.470818224178559e-008 -1.504500096752142e-008 -1.537518282062649e-008 -1.569755484997615e-008 -1.600806185614288e-008 -1.630989508817386e-008 -1.660447372032727e-008 -1.689158635769612e-008 -1.716928118160974e-008 -1.743799553904467e-008 -1.769954411978629e-008 -1.79509347109258e-008 -1.819037549566599e-008 -1.842017304846138e-008 -1.864075574040748e-008 -1.885175034330439e-008 -1.905211625628259e-008 -1.924055565198718e-008 -1.941754460954991e-008 -1.958501577271261e-008 -1.974171132064711e-008 -1.988769340309231e-008 -2.002295305893578e-008 -2.014770166406774e-008 -2.026108469824081e-008 -2.036422261495568e-008 -2.045749933953247e-008 -2.054137452805407e-008 -2.061670128149377e-008 -2.068323947105013e-008 -2.073929896057831e-008
-1.192593136233525e-008 -1.232388771532679e-008 -1.271684433625295e-008 -1.310262093935387e-008 -1.348070857069131e-008 -1.385275847938488e-008 -1.421773616758866e-008 -1.457589788432037e-008 -1.492595632042805e-008 -1.526808834958352e-008 -1.560340022908086e-008 -1.592914150899541e-008 -1.624428883759414e-008 -1.655006603073903e-008 -1.68479717461116e-008 -1.713921920442617e-008 -1.741969434325712e-008 -1.76912270455374e-008 -1.795530269740179e-008 -1.820919121810346e-008 -1.845154747512361e-008 -1.868415579462517e-008 -1.890685895180095e-008 -1.912039617788585e-008 -1.93215830896382e-008 -1.951077303597719e-008 -1.968900264196128e-008 -1.985729224767578e-008 -2.001490184750223e-008 -2.016181960117156e-008 -2.029728724409976e-008 -2.042271211226469e-008 -2.053556872828825e-008 -2.063732323991158e-008 -2.072992437337072e-008 -2.08114973171494e-008 -2.088456156603349e-008 -2.094898160384534e-008 -2.100421732513998e-008
