data/galIOV_gridfiles/galileo_iov_x_q22w32.grd
DSAA
361 181
-180 180
-90 90
-2.4253196647466E-008 2.4130587582577E-008
[rows 119 to 135 of 181, columns 78 to 116 of 361]
6.01376403743609e-009 5.48421980273877e-009 4.957738581502149e-009 4.437304957311362e-009 3.920676336854338e-009 3.407487217551887e-009 2.899116926420874e-009 2.390803145966406e-009 1.88597271351561e-009 1.371748377965792e-009 8.407557375431775e-010 3.027980197351877e-010 -2.150984476678642e-010 -7.183445424491736e-010 -1.227627793569106e-009 -1.745349314985104e-009 -2.268375019610805e-009 -2.791305328824678e-009 -3.315309613273273e-009 -3.84000883586102e-009 -4.367562636480419e-009 -4.894913140248945e-009 -5.422945180003368e-009 -5.950584982641966e-009 -6.47663429224122e-009 -7.001325149299161e-009 -7.524026284764228e-009 -8.047759403176492e-009 -8.56839194221493e-009 -9.085956688581517e-009 -9.601484636676479e-009 -1.011282144218449e-008 -1.062089936845107e-008 -1.112378327633084e-008 -1.162217762670685e-008 -1.211683903106619e-008 -1.260543206459826e-008 -1.308828487458591e-008 -1.35619117263875e-008
5.970171834583877e-009 5.442901337050152e-009 4.919627333593179e-009 4.403691998574652e-009 3.891596008013709e-009 3.382287999681948e-009 2.877983398269457e-009 2.3728797529509e-009 1.872058512575867e-009 1.365550652852699e-009 8.449057085719886e-010 3.126163766303939e-010 -2.035016682521099e-010 -7.070446729741788e-010 -1.215942425087166e-009 -1.731266654918519e-009 -2.250642397068915e-009 -2.769020556162834e-009 -3.288564164288713e-009 -3.809664813670737e-009 -4.333725037630663e-009 -4.857823583213587e-009 -5.382071721306759e-009 -5.906177367885664e-009 -6.428409438251967e-009 -6.948956905664335e-009 -7.467635238632053e-009 -7.987460041311987e-009 -8.504167764791049e-009 -9.017509003588671e-009 -9.529434543575514e-009 -1.003684256337758e-008 -1.054122998802226e-008 -1.104109771635589e-008 -1.153652443438171e-008 -1.202715579333586e-008 -1.25112710122934e-008 -1.299014850894124e-008 -1.346054439355333e-008
5.920422529854331e-009 5.399887618940369e-009 4.881829758228855e-009 4.369366020460435e-009 3.861788267621687e-009 3.356742143273626e-009 2.854620518419111e-009 2.353706463602858e-009 1.856373223429041e-009 1.355708390100002e-009 8.449103214786662e-010 3.269965737675451e-010 -1.834711851833469e-010 -6.951928801978681e-010 -1.204649962539767e-009 -1.716394142439432e-009 -2.230190622014533e-009 -2.744870716735224e-009 -3.261251882600925e-009 -3.779089462394779e-009 -4.298205041786496e-009 -4.819078189741904e-009 -5.33912949130937e-009 -5.8597770418333e-009 -6.379010018506914e-009 -6.895278391159727e-009 -7.411391572942352e-009 -7.924706558797388e-009 -8.435569159206405e-009 -8.944208858189313e-009 -9.451303709762183e-009 -9.954990764616937e-009 -1.045518868921645e-008 -1.095285236578983e-008 -1.144414854481107e-008 -1.193006977048721e-008 -1.240989536627233e-008 -1.288381512028507e-008 -1.335040346709245e-008
5.869578190160768e-009 5.354351354296992e-009 4.840696052787918e-009 4.332865876384014e-009 3.829572207576387e-009 3.328475554288777e-009 2.829562249549519e-009 2.332542661284592e-009 1.839661611089225e-009 1.345563411991402e-009 8.414377255100297e-010 3.304624986881215e-010 -1.745966437142115e-010 -6.862389617874167e-010 -1.192793515824376e-009 -1.701499083624573e-009 -2.210906557233153e-009 -2.720741928783964e-009 -3.232927441698729e-009 -3.746245307216103e-009 -4.260816287235076e-009 -4.777684932310871e-009 -5.293154988882626e-009 -5.809463267976276e-009 -6.324319740565162e-009 -6.836295977087391e-009 -7.348255363438831e-009 -7.856832081437534e-009 -8.362941237155078e-009 -8.866927205265765e-009 -9.369313370584539e-009 -9.8686117710509e-009 -1.036416695838028e-008 -1.08577250289316e-008 -1.134467222013801e-008 -1.182626270067601e-008 -1.230216608117692e-008 -1.277169164638138e-008 -1.323437015610044e-008
5.81628826435899e-009 5.306444086158665e-009 4.799339610874272e-009 4.294045670700446e-009 3.792752891397654e-009 3.295815954519741e-009 2.802820932306068e-009 2.311379079246344e-009 1.822795511655603e-009 1.332141320570194e-009 8.323429090728386e-010 3.20947189865575e-010 -1.845770238914777e-010 -6.813429108551356e-010 -1.184336442268367e-009 -1.688080433793159e-009 -2.19277152470015e-009 -2.698248320877583e-009 -3.203577426555869e-009 -3.711164224921559e-009 -4.221162159624748e-009 -4.733739128479451e-009 -5.244639604352723e-009 -5.754646206371316e-009 -6.262912405433549e-009 -6.771522374610321e-009 -7.278843566753833e-009 -7.783199887477326e-009 -8.286044545054223e-009 -8.786161023534509e-009 -9.283170898164395e-009 -9.777348459298183e-009 -1.026774090031598e-008 -1.075541646840867e-008 -1.123706591771621e-008 -1.171533153193314e-008 -1.218849769521095e-008 -1.265345559563571e-008 -1.311185715730109e-008
5.759418261379432e-009 5.254794956133146e-009 4.75356780218596e-009 4.252529844868487e-009 3.754914498996242e-009 3.262126929676939e-009 2.774271934728788e-009 2.288030795794556e-009 1.804157934712049e-009 1.320564637108686e-009 8.273078676569536e-010 3.205587655295633e-010 -1.795040620125355e-010 -6.645676359357725e-010 -1.167496278478591e-009 -1.669331750535022e-009 -2.171125960829403e-009 -2.672009166429877e-009 -3.171962004870429e-009 -3.674291740808058e-009 -4.179107758984279e-009 -4.687034144511234e-009 -5.193029245196045e-009 -5.697770037070957e-009 -6.200645749182283e-009 -6.704036032356396e-009 -7.206570033711973e-009 -7.706185256504366e-009 -8.204619807144532e-009 -8.700123180293442e-009 -9.192673384565119e-009 -9.681730157037943e-009 -1.016682107179069e-008 -1.064923220168835e-008 -1.112554509538631e-008 -1.159867436778344e-008 -1.206723709603537e-008 -1.252758486853884e-008 -1.298142962534949e-008
5.69665234980615e-009 5.199855488026097e-009 4.702986720276917e-009 4.208371295000937e-009 3.715732373931904e-009 3.226712067011142e-009 2.742537426915022e-009 2.26262642536044e-009 1.783118474769543e-009 1.306182342647054e-009 8.262784629503258e-010 3.401327290579101e-010 -1.462156481343361e-010 -6.272983373049796e-010 -1.133773762123639e-009 -1.646249796361569e-009 -2.148740260807879e-009 -2.643139125757454e-009 -3.136477777588589e-009 -3.634791355784378e-009 -4.135119925570426e-009 -4.63590755636949e-009 -5.138348790105319e-009 -5.639425684621282e-009 -6.137483629699234e-009 -6.634493649418682e-009 -7.130227826978874e-009 -7.625458589970516e-009 -8.118863480887591e-009 -8.609203282264824e-009 -9.098153577643107e-009 -9.582739254194035e-009 -1.006230036386138e-008 -1.053930432563019e-008 -1.101009439438961e-008 -1.147632058037321e-008 -1.193740578370125e-008 -1.239373938753092e-008 -1.284316627270652e-008
5.63191037006924e-009 5.141813653318303e-009 4.650679336593138e-009 4.162091156749538e-009 3.674888544895354e-009 3.190466272570755e-009 2.711165833415997e-009 2.237020476369745e-009 1.762826725313687e-009 1.292553464762969e-009 8.227544130188035e-010 3.461797580852226e-010 -1.265749326671923e-010 -6.061493967665855e-010 -1.107022659689401e-009 -1.623934025636338e-009 -2.124094065658309e-009 -2.613656839573376e-009 -3.101412783712491e-009 -3.595227466130191e-009 -4.090219913502515e-009 -4.584870684225369e-009 -5.082134633941279e-009 -5.577834660421811e-009 -6.070503399203595e-009 -6.561455592978348e-009 -7.051057726838135e-009 -7.540596138641633e-009 -8.028505564518991e-009 -8.513260543416856e-009 -8.99714826795142e-009 -9.476315702454036e-009 -9.950373277878712e-009 -1.042153359032029e-008 -1.08865332038112e-008 -1.134733817603312e-008 -1.180325538774157e-008 -1.225439439989774e-008 -1.269847970058938e-008
5.564559695363767e-009 5.080748505730474e-009 4.596946795926937e-009 4.114640507588813e-009 3.632260919224649e-009 3.15327524920788e-009 2.679589437942316e-009 2.211743929137282e-009 1.744737509457513e-009 1.2786560917736e-009 8.149871105612763e-010 3.452382824162199e-010 -1.237322827605097e-010 -5.976496527064679e-010 -1.091662448985072e-009 -1.60050235909807e-009 -2.0965399725017e-009 -2.584126095004407e-009 -3.069838992820278e-009 -3.556879737286258e-009 -4.045242678683534e-009 -4.534634478127644e-009 -5.02393954406735e-009 -5.513731125908433e-009 -6.0005681041196e-009 -6.485200393463685e-009 -6.969363624058041e-009 -7.451741559878567e-009 -7.933200947965522e-009 -8.412000665057727e-009 -8.88939329054467e-009 -9.362550154520607e-009 -9.831097369752601e-009 -1.029531202774371e-008 -1.075380115948681e-008 -1.12114041213862e-008 -1.16651498727349e-008 -1.211014990132669e-008 -1.254691033160168e-008
5.494580130139042e-009 5.017578590942067e-009 4.540455051866215e-009 4.064816959906306e-009 3.58818310046545e-009 3.114582103596154e-009 2.64679745885537e-009 2.185277319511559e-009 1.723067896904095e-009 1.259791245464647e-009 7.991375845921913e-010 3.301902570120006e-010 -1.382018297507089e-010 -5.963829944466278e-010 -1.08532931931578e-009 -1.584517941010299e-009 -2.071389954859187e-009 -2.552201627066476e-009 -3.033233105155108e-009 -3.514762580259455e-009 -3.997069990747157e-009 -4.479447420312562e-009 -4.961913764671426e-009 -5.445295184295269e-009 -5.925704176184517e-009 -6.403962651931062e-009 -6.882428256930577e-009 -7.358400723812024e-009 -7.833697915238284e-009 -8.306501011938499e-009 -8.777595148614339e-009 -9.244864341554135e-009 -9.707527253038139e-009 -1.016565875179636e-008 -1.061801478214385e-008 -1.106988951993202e-008 -1.151815206030166e-008 -1.195741465954672e-008 -1.238840691827446e-008
5.423169723288395e-009 4.95235727775187e-009 4.481358978264756e-009 4.011803778822323e-009 3.542627175796006e-009 3.074652707389513e-009 2.612303832745331e-009 2.156030622893883e-009 1.701035943337444e-009 1.239295217957364e-009 7.652672793999434e-010 2.810703465811843e-010 -1.750613199413448e-010 -6.24142795624968e-010 -1.097927451771351e-009 -1.570136682679868e-009 -2.043163939283315e-009 -2.516890535887879e-009 -2.993719830421428e-009 -3.469994669594876e-009 -3.94509029714551e-009 -4.420284906375742e-009 -4.895484981917391e-009 -5.371153161319795e-009 -5.844622853672495e-009 -6.31693296047646e-009 -6.79014782914892e-009 -7.260099533955925e-009 -7.729076627939541e-009 -8.197389790238221e-009 -8.661654648799887e-009 -9.122462181549415e-009 -9.580611199600962e-009 -1.003294740527035e-008 -1.047922664989712e-008 -1.092304783891513e-008 -1.136194096887787e-008 -1.179571195483189e-008 -1.222263144068694e-008
5.347700209062562e-009 4.883653913763454e-009 4.419059485974188e-009 3.956567282474259e-009 3.494368198130816e-009 3.032943740061247e-009 2.576843280531087e-009 2.127549206122146e-009 1.679745744406099e-009 1.223752487513884e-009 7.489441877408322e-010 2.630428210013707e-010 -1.848059865704826e-010 -6.272159096674869e-010 -1.09035485068057e-009 -1.552510138280533e-009 -2.014658995334312e-009 -2.481274237514275e-009 -2.951857378864505e-009 -3.421864265914734e-009 -3.889613397327272e-009 -4.357666985041576e-009 -4.826675661074998e-009 -5.295372184034498e-009 -5.762511474031987e-009 -6.228711634402618e-009 -6.696335239404559e-009 -7.159417924682362e-009 -7.621892419539105e-009 -8.083886886783775e-009 -8.540774214247454e-009 -8.994431386637395e-009 -9.44604179174536e-009 -9.892071997965637e-009 -1.033180234062885e-008 -1.076883385625536e-008 -1.120070943729756e-008 -1.162792869080562e-008 -1.205002646119673e-008
5.268434555798702e-009 4.810446522475097e-009 4.353529164196644e-009 3.896711449097886e-009 3.441736129044375e-009 2.990478019271422e-009 2.543755984434394e-009 2.09985850004643e-009 1.65802162234398e-009 1.212623648034657e-009 7.587429732390055e-010 2.941409860697594e-010 -1.491662577900341e-010 -6.020978969479117e-010 -1.064231680425593e-009 -1.526289901927176e-009 -1.986587610906869e-009 -2.446687189958437e-009 -2.907571347562559e-009 -3.369291146663328e-009 -3.829487432263362e-009 -4.290794454585127e-009 -4.754923766969335e-009 -5.218430162019971e-009 -5.679410770742308e-009 -6.140734753496865e-009 -6.601975396349116e-009 -7.057696830858764e-009 -7.513144497631261e-009 -7.966484664126802e-009 -8.415192556368405e-009 -8.86039360302711e-009 -9.302559754606126e-009 -9.742379053378065e-009 -1.017658778366244e-008 -1.060688712782079e-008 -1.103292221851665e-008 -1.145289794268746e-008 -1.186930796141766e-008
5.186337701338136e-009 4.735337056925827e-009 4.285870553255303e-009 3.835711745969084e-009 3.388464713504336e-009 2.945501308531431e-009 2.507040235037324e-009 2.069068189400348e-009 1.635182286338715e-009 1.200650937746161e-009 7.588355674921087e-010 3.12969143003413e-010 -1.292361428155364e-010 -5.752588216890125e-010 -1.03379987516616e-009 -1.499182625210634e-009 -1.955066480332855e-009 -2.409541760294652e-009 -2.862754997122954e-009 -3.316903636172094e-009 -3.769629334125926e-009 -4.223743369307278e-009 -4.680972650718712e-009 -5.137909911368623e-009 -5.591674152598923e-009 -6.046153344532428e-009 -6.500373938953766e-009 -6.948718747887241e-009 -7.396773588831864e-009 -7.842948675219015e-009 -8.284212402806735e-009 -8.721916802272133e-009 -9.156554432602526e-009 -9.588461306603731e-009 -1.0016949142304e-008 -1.044080050858948e-008 -1.086065444035538e-008 -1.127417543921493e-008 -1.168398371318998e-008
5.102147664909121e-009 4.658301879400274e-009 4.215976685120895e-009 3.774124110025295e-009 3.334442834718234e-009 2.898799791867191e-009 2.467028604154333e-009 2.037429787035748e-009 1.607175803231889e-009 1.180009984909905e-009 7.520310833987753e-010 3.174932829665416e-010 -1.166769228451042e-010 -5.457251076926054e-010 -9.964588006220484e-010 -1.465114388069459e-009 -1.923732552744683e-009 -2.372510260513878e-009 -2.818459889066629e-009 -3.264593068990274e-009 -3.710277780779772e-009 -4.157318424562423e-009 -4.605176460254947e-009 -5.052701231681884e-009 -5.499143613448673e-009 -5.944243064726755e-009 -6.39022789379657e-009 -6.831940062818122e-009 -7.272050554342679e-009 -7.712334490847649e-009 -8.148218132298397e-009 -8.579385883612077e-009 -9.006449501294449e-009 -9.42982129439787e-009 -9.851402713480916e-009 -1.027070966873582e-008 -1.068473382351451e-008 -1.109130230843017e-008 -1.149425255395714e-008
5.015050522498947e-009 4.578748216170388e-009 4.144070292517705e-009 3.710175254256458e-009 3.277639751750388e-009 2.84921112681034e-009 2.424778960019782e-009 2.002414338447408e-009 1.57684701815414e-009 1.151889779877213e-009 7.315329582729876e-010 3.015335019238106e-010 -1.243759810999642e-010 -5.356571244154766e-010 -9.784274566096207e-010 -1.440635571376274e-009 -1.892593450180461e-009 -2.333530694670352e-009 -2.771976227746971e-009 -3.209973708554791e-009 -3.648265712938816e-009 -4.08761238959506e-009 -4.527139347948329e-009 -4.966189004447937e-009 -5.404621283937878e-009 -5.841685376118929e-009 -6.278872736031401e-009 -6.713462510951229e-009 -7.145892478932274e-009 -7.578251687832991e-009 -8.008075877352739e-009 -8.432282352428502e-009 -8.852270789047893e-009 -9.268186243473947e-009 -9.682584961541109e-009 -1.009482046270388e-008 -1.050160645910066e-008 -1.090069893000976e-008 -1.129643352356789e-008
4.924628511868858e-009 4.497240331109906e-009 4.070873023149956e-009 3.643599574994289e-009 3.217416406446099e-009 2.79595956238459e-009 2.380106700146637e-009 1.966589521648228e-009 1.547685673447375e-009 1.118246285679931e-009 6.749237395720922e-010 2.374396078391302e-010 -1.568600901785064e-010 -5.6349229971654e-010 -9.950675434072072e-010 -1.423373180534954e-009 -1.859381439308675e-009 -2.292522626288358e-009 -2.723812263161452e-009 -3.153000603377498e-009 -3.583194229585606e-009 -4.014871496383799e-009 -4.447012032760104e-009 -4.878074419904976e-009 -5.308487311716981e-009 -5.73830573543945e-009 -6.16630093257612e-009 -6.592802190140466e-009 -7.017609885084779e-009 -7.440434113745618e-009 -7.862786409545693e-009 -8.281105625631658e-009 -8.694320145727331e-009 -9.103848834297093e-009 -9.510841474135499e-009 -9.913054212319242e-009 -1.031074643177154e-008 -1.070190913529276e-008 -1.109014477505266e-008
