data/galIOV_gridfiles/galileo_iov_x_q22w32.grd
DSAA
361 181
-180 180
-90 90
-2.4253196647466E-008 2.4130587582577E-008
[rows 119 to 135 of 181, columns 39 to 77 of 361]
2.200606339384887e-008 2.178576666435483e-008 2.155324797416787e-008 2.130886715692065e-008 2.10518296584489e-008 2.07795520831302e-008 2.049625766205725e-008 2.020258980118947e-008 1.989869840338038e-008 1.95839043329609e-008 1.925675645416477e-008 1.891730171691123e-008 1.856596874099427e-008 1.820358337811161e-008 1.783031762771402e-008 1.744796361646829e-008 1.705660585725901e-008 1.665478584001689e-008 1.624064054130533e-008 1.581430177692979e-008 1.53807524136387e-008 1.493956617241375e-008 1.44904779248729e-008 1.40344561781708e-008 1.35706758238824e-008 1.310089165203082e-008 1.262452877286294e-008 1.214190243708254e-008 1.165124564900042e-008 1.115676403816225e-008 1.066039711115297e-008 1.016069436470831e-008 9.655420625352935e-009 9.144561795779246e-009 8.629900562702659e-009 8.110640443555601e-009 7.587998843954506e-009 7.064899068755525e-009 6.539718719120322e-009
2.186897497346259e-008 2.164992082618105e-008 2.141657551807762e-008 2.117005438391416e-008 2.091364220707268e-008 2.064335268559167e-008 2.036184400609088e-008 2.006782094250704e-008 1.976374129811562e-008 1.945095984768033e-008 1.912553008646394e-008 1.878741167931918e-008 1.843812979530648e-008 1.807803465459571e-008 1.770403352206474e-008 1.732306817240779e-008 1.693444301655765e-008 1.653619266699241e-008 1.612451036155801e-008 1.569892728814334e-008 1.52679687839984e-008 1.48302245700698e-008 1.438419141941772e-008 1.393124704368218e-008 1.347097336414057e-008 1.300544701857796e-008 1.253519976165744e-008 1.205771495726219e-008 1.156850759124352e-008 1.107566944070336e-008 1.058297303282784e-008 1.008757562837581e-008 9.58561350576051e-009 9.077283920566326e-009 8.566381430724919e-009 8.04979008628136e-009 7.530256020313507e-009 7.011643052668607e-009 6.491402405206497e-009
2.17183207579601e-008 2.150017389893823e-008 2.126907049581002e-008 2.102334175323624e-008 2.076530624266835e-008 2.049596505460168e-008 2.021514374326484e-008 1.992328215823625e-008 1.962035760652685e-008 1.930743274046637e-008 1.89825737891444e-008 1.864477225674753e-008 1.829571638418685e-008 1.793760634888266e-008 1.756777551951966e-008 1.71898478724425e-008 1.680357742651964e-008 1.64069831702981e-008 1.5998668633655e-008 1.557933255621288e-008 1.515144706897383e-008 1.4715410521306e-008 1.427279907041454e-008 1.382220589648363e-008 1.336541152021939e-008 1.2903924543143e-008 1.243645420675615e-008 1.19615560804807e-008 1.147836318894694e-008 1.099060998880522e-008 1.050064831013966e-008 1.000738584785803e-008 9.508458015665562e-009 9.003123920545814e-009 8.494475699169907e-009 7.983486707194714e-009 7.4696568186743e-009 6.954982330685384e-009 6.438204192855842e-009
2.155346084421903e-008 2.133667067455562e-008 2.110757524926869e-008 2.08627887687812e-008 2.060365234651798e-008 2.033596045155798e-008 2.005628364119713e-008 1.976608666590875e-008 1.946447042877955e-008 1.915225473464792e-008 1.882891317869718e-008 1.849114181563521e-008 1.814378017976805e-008 1.778878559534458e-008 1.742215053396996e-008 1.704717068867527e-008 1.666385190588998e-008 1.626976417240654e-008 1.586454536613151e-008 1.544981964737978e-008 1.502602996685328e-008 1.45924766218969e-008 1.415417651573097e-008 1.370689888604986e-008 1.325316846837735e-008 1.279604707000211e-008 1.233213472240386e-008 1.18609019950384e-008 1.138188790014935e-008 1.089817426951662e-008 1.041205810323472e-008 9.922009140470998e-009 9.426617556232441e-009 8.924116079470681e-009 8.419480962025766e-009 7.913293397808599e-009 7.404466426228231e-009 6.89466229863844e-009 6.382202222009848e-009
2.137498942739613e-008 2.11581862109758e-008 2.092834311847329e-008 2.06831812979877e-008 2.042715155417256e-008 2.016163263503845e-008 1.988405628670719e-008 1.959533924612484e-008 1.929471844731691e-008 1.89838629618636e-008 1.866186461518661e-008 1.832798590462322e-008 1.798501164360208e-008 1.763284464303748e-008 1.726981030406721e-008 1.689678460249774e-008 1.651506149879867e-008 1.61232270448077e-008 1.572067561468618e-008 1.530955006844532e-008 1.488870611584177e-008 1.446000817399074e-008 1.402617109927725e-008 1.358522495458589e-008 1.313713860219135e-008 1.268352189238173e-008 1.222368382524906e-008 1.175502869233605e-008 1.127973708763151e-008 1.080059775982905e-008 1.031747359287367e-008 9.830495602596406e-009 9.338699014598749e-009 8.84179572865866e-009 8.342129312780249e-009 7.839267761258719e-009 7.335424233148957e-009 6.830459722637969e-009 6.32420354495761e-009
2.118295700749221e-008 2.096686092659292e-008 2.073653866427086e-008 2.04912985559641e-008 2.023794561637377e-008 1.997528332965216e-008 1.970009627994831e-008 1.941278306030757e-008 1.911349257184589e-008 1.880480408890831e-008 1.848493427809895e-008 1.815467430154658e-008 1.78159467423688e-008 1.746712243513333e-008 1.710728034071245e-008 1.673628489627284e-008 1.63570191915428e-008 1.596761687942223e-008 1.556825918688026e-008 1.516116174216609e-008 1.474360711086959e-008 1.431958704090554e-008 1.389101011343253e-008 1.345537976098986e-008 1.30121213100429e-008 1.256268104466864e-008 1.210724381171226e-008 1.164237852911606e-008 1.117042042874174e-008 1.069603434884815e-008 1.02165891751702e-008 9.733702769281056e-009 9.246145182486961e-009 8.754130250623556e-009 8.259663731458292e-009 7.76098741843691e-009 7.262154260415184e-009 6.762137642347696e-009 6.26173824434304e-009
2.097860903001475e-008 2.076179559435421e-008 2.05330048538116e-008 2.029187609668447e-008 2.004046960587833e-008 1.97782037501356e-008 1.950458065936738e-008 1.921915123986369e-008 1.892186414353548e-008 1.861492881863463e-008 1.829913607329843e-008 1.797353305743657e-008 1.763721950813844e-008 1.728964619877293e-008 1.693217843611448e-008 1.656533366037076e-008 1.618859822282825e-008 1.580274697837423e-008 1.540752659472346e-008 1.500371830027499e-008 1.459225239910258e-008 1.417389679759416e-008 1.374899228687033e-008 1.33160373010485e-008 1.287629553388997e-008 1.243192661401247e-008 1.198098566835935e-008 1.152206127985646e-008 1.105522800688322e-008 1.058409751964124e-008 1.010973415150858e-008 9.63109592605649e-009 9.148479863551393e-009 8.661455522574246e-009 8.171201109096648e-009 7.678890604497744e-009 7.184121917252721e-009 6.688807441428151e-009 6.193699685659606e-009
2.076103713905828e-008 2.054435873044819e-008 2.031822295910587e-008 2.008017996890835e-008 1.983074559377357e-008 1.956963806575146e-008 1.929782888192958e-008 1.901459884195548e-008 1.871879773959033e-008 1.841430236226299e-008 1.81026539806612e-008 1.778119309483902e-008 1.744744730198375e-008 1.710140577158953e-008 1.674728051116222e-008 1.638447085916205e-008 1.601106852676228e-008 1.562974097150613e-008 1.523844051837526e-008 1.483892713879942e-008 1.443255718364215e-008 1.401940948434974e-008 1.359904595247863e-008 1.316927598660546e-008 1.273336986254168e-008 1.229377108032482e-008 1.184798609060221e-008 1.139464944026202e-008 1.093211955565967e-008 1.046560841018579e-008 9.996490758716238e-009 9.522710265928504e-009 9.045579261829026e-009 8.563294268827644e-009 8.078464864574646e-009 7.592228108314569e-009 7.102414339591807e-009 6.612728344648731e-009 6.122924203231028e-009
2.052874581309399e-008 2.031609632950084e-008 2.009242610339167e-008 1.985655448650703e-008 1.960826791259454e-008 1.934861695436473e-008 1.907878088275637e-008 1.879744955882958e-008 1.850571482690912e-008 1.820488753439131e-008 1.789558037586913e-008 1.757567593031614e-008 1.724411264069624e-008 1.690202328952358e-008 1.655276332960618e-008 1.619415028678679e-008 1.582614106818807e-008 1.544852535160378e-008 1.506211247398721e-008 1.466729908925208e-008 1.426422849244126e-008 1.385471089737632e-008 1.34390837550821e-008 1.301553629690301e-008 1.258567535026829e-008 1.214969971780666e-008 1.170725679394399e-008 1.125831823921082e-008 1.080105080478824e-008 1.0340477531951e-008 9.876735460242169e-009 9.408795491974849e-009 8.936633452196504e-009 8.459278411024174e-009 7.980252635933135e-009 7.50034878431288e-009 7.018336893813768e-009 6.535020204389053e-009 6.04968829868168e-009
2.028454304731395e-008 2.007506629650688e-008 1.985488589124298e-008 1.962101583103552e-008 1.937356525586439e-008 1.911575774835907e-008 1.884818513368259e-008 1.856920274995892e-008 1.828112268787886e-008 1.798328387476573e-008 1.767720535596408e-008 1.735986198853314e-008 1.703023737718391e-008 1.669269145141816e-008 1.634794724079546e-008 1.599453058559244e-008 1.563170224987939e-008 1.525848044255099e-008 1.487705360998313e-008 1.448745928607316e-008 1.408799387169246e-008 1.36829541415946e-008 1.327255292985991e-008 1.285456889927688e-008 1.243021068990577e-008 1.199880701077677e-008 1.15606679070242e-008 1.11166525601625e-008 1.066424194382159e-008 1.020942305914796e-008 9.751338819922304e-009 9.289496414785338e-009 8.823039510223709e-009 8.351007778337431e-009 7.878370439523596e-009 7.405136269603547e-009 6.930071768548925e-009 6.453435410370826e-009 5.973692210928368e-009
2.003251814311609e-008 1.982341571513843e-008 1.960339390774307e-008 1.937148337199979e-008 1.912643589189457e-008 1.887140891984519e-008 1.860592484351577e-008 1.83297774373822e-008 1.804460363473169e-008 1.77490207244997e-008 1.744439090235419e-008 1.713123750747045e-008 1.680698934790237e-008 1.647453372789745e-008 1.613381934379145e-008 1.578430459680584e-008 1.542631224696143e-008 1.505912184954885e-008 1.468318078941214e-008 1.42985322374836e-008 1.39051950560589e-008 1.350570137831159e-008 1.309958235475381e-008 1.268697067241488e-008 1.226778002552277e-008 1.184176958543989e-008 1.140932938666153e-008 1.096985646633831e-008 1.05234674575527e-008 1.00742106461385e-008 9.620581935189654e-009 9.163289438190496e-009 8.703318419252908e-009 8.23962477449587e-009 7.773883466374572e-009 7.30658953141613e-009 6.837221779269314e-009 6.36685616485944e-009 5.895094466833606e-009
1.976850923043163e-008 1.956018405753688e-008 1.934127125723248e-008 1.911062405157332e-008 1.886801789898381e-008 1.86159325960514e-008 1.835290407443177e-008 1.808022386732678e-008 1.779807432464026e-008 1.750490396145973e-008 1.720324787994304e-008 1.689420150115619e-008 1.657519443509324e-008 1.624750516435509e-008 1.591114489927513e-008 1.556599540457375e-008 1.521261103774409e-008 1.485085415302746e-008 1.448070948139768e-008 1.410125130747296e-008 1.371346100614654e-008 1.331969021056047e-008 1.291865089424532e-008 1.251125557835371e-008 1.209748360841668e-008 1.167686794645975e-008 1.125026233393119e-008 1.081634427701807e-008 1.037529777723814e-008 9.932441335371706e-009 9.484130589754742e-009 9.03289018432513e-009 8.580235435399181e-009 8.123977897736088e-009 7.664806750213679e-009 7.20426125482634e-009 6.740978507623897e-009 6.277410327839778e-009 5.812723429569736e-009
1.949298496685794e-008 1.928492234172348e-008 1.906737885074187e-008 1.883903263779153e-008 1.859979460206251e-008 1.83503844348666e-008 1.808975294921006e-008 1.781981047483232e-008 1.754145873046321e-008 1.725330977068999e-008 1.695637852045434e-008 1.665048605724677e-008 1.63359927957656e-008 1.60128261257782e-008 1.568065869787514e-008 1.533995291178359e-008 1.499115883332246e-008 1.463383472859043e-008 1.426801793030664e-008 1.389457155177422e-008 1.351289460847209e-008 1.312428641796551e-008 1.272903622621194e-008 1.232677406889954e-008 1.191830769254455e-008 1.150370845435445e-008 1.108214859161885e-008 1.065449726495428e-008 1.021964869624427e-008 9.780862790688743e-009 9.341237964790366e-009 8.89945504472698e-009 8.454585464188222e-009 8.004816838953961e-009 7.551849901175745e-009 7.097884546204489e-009 6.641632229016303e-009 6.18404492247358e-009 5.726582505930063e-009
1.920613371056151e-008 1.899876586742544e-008 1.878293605572969e-008 1.855699170475405e-008 1.832150732494647e-008 1.807527857212561e-008 1.781742319162173e-008 1.755062428422553e-008 1.727665547726295e-008 1.699327440682719e-008 1.670082335837082e-008 1.639867216945364e-008 1.608850252147985e-008 1.5770008869177e-008 1.544220254769964e-008 1.510595173248623e-008 1.476205719776309e-008 1.440927517471261e-008 1.404817765980758e-008 1.368042003966918e-008 1.33044423625779e-008 1.292147118489426e-008 1.253172428896485e-008 1.21346847644246e-008 1.173212456505638e-008 1.132321028691247e-008 1.090780267359544e-008 1.048717909396467e-008 1.005822675247618e-008 9.62541516642682e-009 9.193764920253189e-009 8.76035235043595e-009 8.323222661300679e-009 7.880410640888291e-009 7.434069787982807e-009 6.987444262008217e-009 6.538516876645516e-009 6.087476921402008e-009 5.637505860094251e-009
1.890757178370166e-008 1.870338053725315e-008 1.848919968256721e-008 1.826454629175894e-008 1.803160369417313e-008 1.778966483780992e-008 1.753757202401539e-008 1.727572475254457e-008 1.700446890111351e-008 1.672466257815523e-008 1.643599804594253e-008 1.613789769526842e-008 1.583127974150373e-008 1.551746683894742e-008 1.519567282561649e-008 1.486550170485824e-008 1.452613983904623e-008 1.417785377763319e-008 1.382223915758746e-008 1.34594952749769e-008 1.308906509527391e-008 1.271180617911767e-008 1.23272159206833e-008 1.193540625822491e-008 1.153841605496147e-008 1.113610803685242e-008 1.072754901283711e-008 1.031349609397177e-008 9.892779370068048e-009 9.468700669059692e-009 9.043189129571323e-009 8.614952374349157e-009 8.183857328464674e-009 7.749627669554308e-009 7.312047765035726e-009 6.872738577242207e-009 6.431731662914247e-009 5.988414134850508e-009 5.545469891110562e-009
1.85988797036397e-008 1.839814607030283e-008 1.818565685965509e-008 1.796310402434388e-008 1.773295727937944e-008 1.74951015217558e-008 1.72486241342601e-008 1.699143684254049e-008 1.672301458773214e-008 1.644714029885953e-008 1.616287046846343e-008 1.586874331433721e-008 1.556591808438381e-008 1.525677068792479e-008 1.494052524747277e-008 1.461640959794275e-008 1.428202346639347e-008 1.393838670618558e-008 1.3588213989657e-008 1.323109316704961e-008 1.28661351600669e-008 1.249494582647617e-008 1.211574802333315e-008 1.172929864884701e-008 1.133873899678378e-008 1.094295987816601e-008 1.054130285264988e-008 1.013476988771752e-008 9.721364439154012e-009 9.305105959541965e-009 8.886735385892121e-009 8.464272487616408e-009 8.040551278156929e-009 7.614272641986944e-009 7.184883419679738e-009 6.753918100153921e-009 6.321089134082903e-009 5.885407141980665e-009 5.450270547571401e-009
1.828017600995401e-008 1.808199598266601e-008 1.787225007145006e-008 1.765398327692586e-008 1.742728915884455e-008 1.719193156861701e-008 1.694818240733457e-008 1.669500631919893e-008 1.643090954176855e-008 1.615968069496415e-008 1.588024122858959e-008 1.559171054647267e-008 1.529435564677406e-008 1.498886689613346e-008 1.467579359394189e-008 1.435609166860893e-008 1.402778994150867e-008 1.369067314488322e-008 1.334659400024551e-008 1.299473313002074e-008 1.263542383981863e-008 1.226987049524005e-008 1.189659921586945e-008 1.151724525213953e-008 1.113347315830841e-008 1.074392543190664e-008 1.034901910172756e-008 9.949288780878228e-009 9.543193932227106e-009 9.133997183892206e-009 8.723030781489246e-009 8.308019978782282e-009 7.890898354923342e-009 7.473353516164129e-009 7.053317155808642e-009 6.630903668025169e-009 6.206069465552036e-009 5.778730613549558e-009 5.351572957756723e-009
