data/galIOV_gridfiles/galileo_iov_z_q19w50.grd
DSAA
361 181
-180 180
-90 90
-3.1980414737869E-008 3.5560094970104E-008
[rows 119 to 135 of 181, columns 266 to 303 of 361]
-1.619682265907015e-008 -1.61477383702241e-008 -1.608948704156871e-008 -1.604796640048139e-008 -1.602972237966731e-008 -1.604368396001451e-008 -1.606913166184723e-008 -1.611141040350782e-008 -1.614504800832046e-008 -1.617392003864989e-008 -1.619963386580094e-008 -1.623260533405792e-008 -1.626715654542983e-008 -1.630106099759403e-008 -1.633550582529922e-008 -1.636685974393323e-008 -1.639669679744866e-008 -1.642397531620874e-008 -1.644999322005998e-008 -1.647396346691317e-008 -1.649644661056541e-008 -1.651695634790553e-008 -1.653637247232406e-008 -1.655524542055755e-008 -1.65720008609825e-008 -1.658756728494736e-008 -1.660095771256187e-008 -1.661248881531852e-008 -1.662359766059865e-008 -1.663095679045472e-008 -1.663396817514198e-008 -1.663438988350183e-008 -1.663266136902147e-008 -1.662878725159313e-008 -1.66222604137075e-008 -1.661219067762377e-008 -1.660124495369066e-008 -1.658713915513163e-008
-1.678284577338131e-008 -1.672815417023178e-008 -1.667451742145845e-008 -1.66328174391828e-008 -1.660942508969064e-008 -1.661648841945807e-008 -1.665391082560927e-008 -1.669702198735739e-008 -1.672897466263867e-008 -1.675692648019411e-008 -1.678586569937732e-008 -1.681712237121227e-008 -1.685105025665161e-008 -1.688675582123664e-008 -1.692268180242203e-008 -1.695468164424524e-008 -1.698441447690608e-008 -1.701249218833792e-008 -1.703900865536715e-008 -1.706381441298061e-008 -1.708584256989755e-008 -1.710657594967201e-008 -1.712621793329007e-008 -1.71451805125878e-008 -1.716297704196387e-008 -1.717786240086141e-008 -1.719230920834111e-008 -1.720318653284466e-008 -1.721258769909319e-008 -1.721914508936234e-008 -1.722210553590743e-008 -1.722267722502069e-008 -1.722068787977182e-008 -1.721598077524009e-008 -1.720935526371889e-008 -1.719977253187897e-008 -1.718829154301771e-008 -1.717596074747565e-008
-1.736294856291217e-008 -1.730728831159665e-008 -1.72539034939666e-008 -1.721133822453142e-008 -1.718478559529234e-008 -1.719169888796473e-008 -1.723498088232113e-008 -1.727782300262396e-008 -1.730863293540802e-008 -1.733555989458921e-008 -1.736471280251114e-008 -1.739561464589751e-008 -1.743016189488645e-008 -1.746703657334846e-008 -1.750399262413699e-008 -1.75367444687534e-008 -1.756699270797804e-008 -1.759579825128548e-008 -1.762321534980066e-008 -1.764836787089877e-008 -1.767089971163275e-008 -1.769168294808086e-008 -1.771148370801108e-008 -1.77304975938414e-008 -1.774840296481371e-008 -1.776350219696447e-008 -1.777783860912271e-008 -1.778859932946157e-008 -1.779743552292758e-008 -1.780380715009779e-008 -1.78068928450525e-008 -1.780793889232738e-008 -1.780655165560361e-008 -1.780216243672696e-008 -1.779593577178177e-008 -1.778704814777436e-008 -1.777554499389687e-008 -1.776400972556244e-008
-1.793668960667117e-008 -1.788370883444515e-008 -1.782683025334596e-008 -1.777517192858869e-008 -1.775624644181583e-008 -1.777461096777608e-008 -1.781452639233001e-008 -1.784951784697459e-008 -1.788326994166117e-008 -1.791209277583109e-008 -1.79378321575728e-008 -1.796669967170525e-008 -1.800337966065821e-008 -1.804259010162994e-008 -1.807896076002443e-008 -1.81131405674007e-008 -1.814457929850572e-008 -1.817467150156403e-008 -1.820275876021346e-008 -1.822817398542529e-008 -1.825127381092992e-008 -1.827291006470468e-008 -1.82923612370723e-008 -1.831085028677541e-008 -1.832827085487558e-008 -1.834432691796564e-008 -1.835801470404055e-008 -1.836923645441834e-008 -1.837792792281033e-008 -1.83843670340681e-008 -1.83885151345663e-008 -1.839045531489933e-008 -1.839051348154052e-008 -1.838809569571083e-008 -1.838168956814443e-008 -1.83746851233623e-008 -1.836368397470941e-008 -1.835096794804961e-008
-1.850512972972882e-008 -1.845418920683562e-008 -1.839637457420941e-008 -1.833969211380665e-008 -1.832182989135903e-008 -1.834494833740072e-008 -1.838674817151673e-008 -1.841928231585842e-008 -1.845259660296771e-008 -1.848148117359899e-008 -1.850640394585298e-008 -1.853497398138552e-008 -1.857231592794466e-008 -1.861309351384708e-008 -1.865004598402338e-008 -1.868505524415668e-008 -1.871709606535994e-008 -1.874820545733703e-008 -1.877681284884823e-008 -1.880301255711851e-008 -1.882683407497184e-008 -1.884911580569666e-008 -1.886933381606966e-008 -1.888718767685067e-008 -1.890482336507021e-008 -1.892087902917103e-008 -1.893466669918132e-008 -1.894636617667902e-008 -1.895445095886479e-008 -1.896133634879702e-008 -1.896581846447539e-008 -1.896869182940418e-008 -1.896997950006277e-008 -1.896689733278502e-008 -1.896169931256766e-008 -1.895404384858973e-008 -1.894362777589942e-008 -1.893077122386215e-008
-1.906848228088428e-008 -1.901238509495285e-008 -1.896010555661315e-008 -1.890606289491551e-008 -1.888123015127048e-008 -1.889913250793683e-008 -1.894730081991777e-008 -1.898543831357115e-008 -1.90167566857707e-008 -1.904337552824333e-008 -1.907215067989599e-008 -1.910213743630289e-008 -1.913729438832331e-008 -1.917752965683562e-008 -1.921781272370872e-008 -1.925298632501829e-008 -1.92856740487844e-008 -1.931663380123066e-008 -1.934575928145162e-008 -1.937274485550878e-008 -1.939783769684944e-008 -1.942139732839879e-008 -1.944280181780606e-008 -1.946056688832688e-008 -1.947793404338057e-008 -1.94936018872669e-008 -1.950844973026523e-008 -1.952060963963786e-008 -1.952786389414313e-008 -1.953423087183134e-008 -1.953924765666732e-008 -1.954398846508632e-008 -1.954541536152287e-008 -1.954112420283015e-008 -1.953510782802355e-008 -1.952702707949149e-008 -1.951694024200902e-008 -1.950355068798791e-008
-1.962831078324628e-008 -1.95719566312373e-008 -1.952251508328584e-008 -1.94674820441435e-008 -1.943839588040803e-008 -1.945585100412901e-008 -1.950860090903236e-008 -1.95457527736672e-008 -1.957628662060355e-008 -1.96017334326566e-008 -1.963240173485118e-008 -1.966276382429837e-008 -1.969704213211254e-008 -1.973768077927899e-008 -1.977855450883166e-008 -1.981435286729813e-008 -1.984772056586857e-008 -1.987886166229198e-008 -1.990913723433651e-008 -1.993624894540655e-008 -1.99625706486939e-008 -1.99871009362404e-008 -2.00085005527728e-008 -2.002726581657177e-008 -2.00436112627256e-008 -2.005950918492567e-008 -2.007435629079463e-008 -2.008596750986344e-008 -2.009377614479739e-008 -2.009932898184751e-008 -2.010473472209384e-008 -2.010949109337836e-008 -2.011022826821826e-008 -2.010643511521485e-008 -2.00995370503972e-008 -2.009156837700655e-008 -2.008135839788852e-008 -2.006732364813756e-008
-2.018493876202539e-008 -2.013397295605424e-008 -2.007841252919985e-008 -2.002566021731216e-008 -2.000524558336921e-008 -2.002047646179977e-008 -2.006636897688509e-008 -2.009978471144199e-008 -2.013149776681588e-008 -2.016067397781891e-008 -2.018907305904551e-008 -2.021880957597594e-008 -2.025319449818501e-008 -2.029250716166752e-008 -2.033220256170355e-008 -2.036901532173691e-008 -2.040424987690832e-008 -2.043662125336378e-008 -2.046666975438851e-008 -2.049511192296128e-008 -2.052140828914157e-008 -2.054654639777905e-008 -2.056873939517689e-008 -2.058689599219116e-008 -2.060364125540578e-008 -2.06187503768258e-008 -2.063248872958139e-008 -2.064380350988634e-008 -2.065184925649732e-008 -2.065818317462615e-008 -2.066268144061503e-008 -2.066571725980361e-008 -2.066574432443368e-008 -2.066266522499009e-008 -2.065621044141592e-008 -2.064761962261632e-008 -2.06373110884475e-008 -2.062355324955085e-008
-2.073389923936175e-008 -2.068448091529825e-008 -2.062961823175875e-008 -2.057363181080879e-008 -2.055313101569011e-008 -2.056764192412307e-008 -2.061404764119789e-008 -2.064534738323575e-008 -2.067722994095956e-008 -2.070665262874042e-008 -2.073656581603155e-008 -2.076541510118055e-008 -2.079995290253449e-008 -2.083900197675959e-008 -2.087802616668097e-008 -2.091553835121097e-008 -2.095141605649145e-008 -2.098445901955916e-008 -2.101545430364609e-008 -2.104344350172626e-008 -2.107044309236611e-008 -2.109581515108436e-008 -2.111814843311208e-008 -2.11370204979548e-008 -2.115310411824308e-008 -2.116819432112424e-008 -2.118144809237989e-008 -2.119224689484219e-008 -2.120056546502564e-008 -2.120631683574156e-008 -2.121023363169386e-008 -2.121258148391897e-008 -2.121236023064941e-008 -2.120959555074576e-008 -2.120289009668955e-008 -2.119385220768402e-008 -2.118322422139524e-008 -2.116918964664894e-008
-2.127316404776719e-008 -2.122188044250772e-008 -2.117001564341959e-008 -2.111039951750215e-008 -2.107876705687055e-008 -2.109410236495906e-008 -2.114153560338672e-008 -2.117987817061334e-008 -2.121318083437625e-008 -2.124333843393408e-008 -2.127404802609402e-008 -2.130464259836678e-008 -2.133862403488927e-008 -2.137623957829718e-008 -2.141594898349023e-008 -2.145351860035615e-008 -2.148988636123598e-008 -2.152397283794822e-008 -2.155497988562137e-008 -2.158308475713161e-008 -2.160930645500189e-008 -2.163479742090083e-008 -2.165761876713456e-008 -2.167726357147193e-008 -2.169370326909117e-008 -2.170802744902917e-008 -2.172104169351249e-008 -2.173183995209699e-008 -2.173990221805516e-008 -2.174494472890787e-008 -2.174788799935312e-008 -2.174955980614677e-008 -2.175018415070965e-008 -2.174768598134309e-008 -2.174071558139126e-008 -2.173077838493531e-008 -2.17186657941581e-008 -2.170517905011205e-008
-2.180207986098652e-008 -2.175091795799982e-008 -2.170135967754754e-008 -2.164058678798916e-008 -2.160232203846934e-008 -2.161720273670397e-008 -2.166551437939947e-008 -2.17052059184644e-008 -2.173857424942451e-008 -2.176910529447305e-008 -2.180092407342941e-008 -2.183281224712842e-008 -2.186616371588826e-008 -2.190401981344436e-008 -2.194360481817645e-008 -2.198094186608086e-008 -2.201795153027713e-008 -2.205205666971038e-008 -2.20835423553749e-008 -2.211206026674629e-008 -2.213775476176381e-008 -2.216373074536576e-008 -2.218672124358194e-008 -2.220669793513639e-008 -2.222392112492048e-008 -2.223779059187681e-008 -2.225100942845803e-008 -2.22617003867782e-008 -2.226895685964493e-008 -2.227367247082395e-008 -2.227598485562501e-008 -2.227723490162657e-008 -2.227776027388884e-008 -2.227469119560485e-008 -2.226746097032344e-008 -2.225703830260496e-008 -2.224435966197258e-008 -2.223058187584805e-008
-2.232062226909188e-008 -2.226825721412316e-008 -2.221645056523389e-008 -2.217075159257608e-008 -2.213741932254094e-008 -2.214564728215621e-008 -2.217497600444767e-008 -2.221777855167074e-008 -2.225395482480965e-008 -2.228755746318823e-008 -2.23180755557255e-008 -2.235029690307966e-008 -2.2385024006336e-008 -2.242278702939125e-008 -2.246059007535556e-008 -2.24988918817785e-008 -2.253530602945291e-008 -2.25697488471416e-008 -2.260174025156861e-008 -2.263091974610841e-008 -2.265742358297972e-008 -2.268266085616595e-008 -2.270568683827685e-008 -2.27261912001173e-008 -2.274387348361586e-008 -2.275889209172513e-008 -2.277188604388657e-008 -2.278233553587388e-008 -2.278860673213704e-008 -2.279234897688794e-008 -2.279471279625665e-008 -2.279589379904143e-008 -2.279558227621536e-008 -2.279109476132687e-008 -2.27833028147726e-008 -2.277285624041137e-008 -2.276039295945477e-008 -2.274558749305115e-008
-2.282721615200084e-008 -2.277504962305066e-008 -2.272282393679786e-008 -2.268010896063137e-008 -2.26491440123146e-008 -2.265580519372921e-008 -2.26806985604931e-008 -2.272290316499879e-008 -2.275966289219785e-008 -2.279508512203871e-008 -2.28247577177884e-008 -2.285668054750708e-008 -2.289169845777429e-008 -2.292914219047905e-008 -2.296655996009898e-008 -2.300491530880039e-008 -2.304103801748886e-008 -2.307575344183085e-008 -2.31079146017819e-008 -2.313722493339685e-008 -2.316414788155976e-008 -2.318944292004937e-008 -2.321300065550964e-008 -2.323439612901587e-008 -2.325197246755661e-008 -2.326781365631337e-008 -2.328084798409496e-008 -2.329072186847116e-008 -2.329733896989308e-008 -2.330045495556982e-008 -2.330223658683552e-008 -2.330311850073488e-008 -2.330156912438681e-008 -2.329643837930976e-008 -2.328828349578495e-008 -2.327748951534939e-008 -2.326503980125514e-008 -2.324963154849973e-008
-2.332428708174317e-008 -2.327204356305019e-008 -2.321135011498845e-008 -2.316027070737042e-008 -2.313802636835793e-008 -2.314764526828932e-008 -2.318109514228611e-008 -2.321677698454015e-008 -2.32575667987316e-008 -2.32930864154889e-008 -2.332437243581379e-008 -2.335344951844519e-008 -2.338560256767399e-008 -2.342287907266114e-008 -2.346175560589832e-008 -2.349921248417142e-008 -2.353558549285022e-008 -2.357037017916889e-008 -2.360227494861687e-008 -2.363143586966058e-008 -2.365797544993177e-008 -2.368413157926118e-008 -2.370921241140449e-008 -2.373163502410832e-008 -2.374959838657654e-008 -2.376516605078346e-008 -2.377815215115381e-008 -2.37880287246251e-008 -2.379488768042602e-008 -2.379892907441619e-008 -2.379973700220978e-008 -2.379911559741376e-008 -2.379607169457364e-008 -2.379039707969174e-008 -2.378237603020911e-008 -2.377157898190292e-008 -2.375879975242808e-008 -2.374317007584905e-008
-2.380759210100901e-008 -2.375600962428067e-008 -2.369078348026493e-008 -2.363465301808213e-008 -2.361269274693157e-008 -2.362480975133447e-008 -2.36663766477472e-008 -2.370208134214397e-008 -2.374384860056488e-008 -2.377807605630622e-008 -2.381038042251595e-008 -2.383823804063223e-008 -2.386882877137792e-008 -2.390588589279172e-008 -2.39445384939496e-008 -2.3981466774459e-008 -2.401751797990216e-008 -2.40523918178087e-008 -2.408438188110069e-008 -2.411372686789479e-008 -2.41402518780106e-008 -2.416679904634682e-008 -2.419241231451349e-008 -2.421509011527942e-008 -2.423357414450307e-008 -2.424933904305436e-008 -2.426236367440786e-008 -2.427306833978762e-008 -2.427983477851961e-008 -2.428366856191356e-008 -2.428472226380156e-008 -2.42828006233307e-008 -2.427887835982766e-008 -2.427261285858786e-008 -2.426406880906045e-008 -2.425313609007405e-008 -2.424012466106456e-008 -2.422402007364735e-008
-2.427720700295973e-008 -2.422252696787694e-008 -2.4163343150238e-008 -2.410001735537851e-008 -2.406971510623915e-008 -2.408256569524218e-008 -2.413239242588544e-008 -2.418120213465306e-008 -2.421852233198085e-008 -2.425244449332657e-008 -2.428240100823376e-008 -2.43133934409796e-008 -2.434393302956354e-008 -2.43782373848191e-008 -2.441436373509171e-008 -2.445141017938208e-008 -2.448689947356279e-008 -2.452169367352427e-008 -2.455438960342419e-008 -2.45843509291309e-008 -2.461177079102969e-008 -2.463796857711159e-008 -2.466237398575535e-008 -2.468497795979335e-008 -2.470390639486423e-008 -2.472029855147558e-008 -2.473456039004836e-008 -2.474566859174872e-008 -2.475276376121526e-008 -2.475618841809453e-008 -2.475701074005452e-008 -2.475506776863825e-008 -2.475000149076698e-008 -2.474285260183416e-008 -2.473359308550262e-008 -2.472252410709242e-008 -2.470915591952924e-008 -2.469252195302552e-008
-2.473651267164565e-008 -2.468242828801563e-008 -2.462526568468159e-008 -2.45564772814472e-008 -2.452274517977394e-008 -2.453515242106146e-008 -2.459156190182165e-008 -2.464394756770161e-008 -2.468002494974023e-008 -2.471294276878124e-008 -2.474151497779668e-008 -2.47742896421165e-008 -2.480443229599749e-008 -2.483720275281758e-008 -2.487244653540069e-008 -2.490908778168374e-008 -2.494410328902856e-008 -2.49786721202271e-008 -2.50115003256294e-008 -2.504165343828077e-008 -2.506975609031134e-008 -2.509584883007006e-008 -2.512011567385211e-008 -2.514278227983326e-008 -2.516170166088281e-008 -2.517840907888357e-008 -2.519318887106892e-008 -2.520416705985094e-008 -2.521156595408733e-008 -2.521538818995358e-008 -2.521579513935152e-008 -2.521415633958645e-008 -2.520867417340369e-008 -2.520026224567534e-008 -2.519045010564829e-008 -2.517878579715602e-008 -2.516490144724518e-008 -2.514792742984389e-008
