data/galIOV_gridfiles/galileo_iov_z_q19w50.grd
DSAA
361 181
-180 180
-90 90
-3.1980414737869E-008 3.5560094970104E-008
[rows 51 to 67 of 181, columns 266 to 303 of 361]
2.534559085888981e-008 2.529491256144928e-008 2.524261315063278e-008 2.516991116435648e-008 2.514074687289497e-008 2.516951802240495e-008 2.52500422311791e-008 2.531915385159982e-008 2.537985349552281e-008 2.543501419721452e-008 2.548726715689221e-008 2.553719175958435e-008 2.55858894151723e-008 2.563540918256035e-008 2.568469396144295e-008 2.572959749735273e-008 2.577182798669403e-008 2.581040059741881e-008 2.584407411656856e-008 2.587249331290443e-008 2.589906837860679e-008 2.592248858783014e-008 2.594280463860324e-008 2.59609526046316e-008 2.597719213752174e-008 2.599146887194445e-008 2.600102751178067e-008 2.600589754132769e-008 2.600731361332012e-008 2.600577439316225e-008 2.600058661556699e-008 2.59922969780013e-008 2.598113769301071e-008 2.59676698921239e-008 2.595030671198859e-008 2.592893332287128e-008 2.590426767756189e-008 2.58761989260765e-008
2.477893058803412e-008 2.472778415279996e-008 2.467079872987526e-008 2.460506866583899e-008 2.45835558762127e-008 2.461497198245058e-008 2.468989467352266e-008 2.475200091925113e-008 2.481244167431747e-008 2.486660680110816e-008 2.491835454319301e-008 2.496473302098899e-008 2.501333715362979e-008 2.506484650318046e-008 2.511443209277167e-008 2.515853337186588e-008 2.519857214888728e-008 2.523491876230402e-008 2.526835652607773e-008 2.529656739872403e-008 2.532348506446614e-008 2.534787700240123e-008 2.536900347161317e-008 2.538769528221746e-008 2.540372415912608e-008 2.541667557011591e-008 2.542688440042131e-008 2.543237797898288e-008 2.543422233004947e-008 2.543234228681561e-008 2.54273251596316e-008 2.541856276558746e-008 2.540652109142815e-008 2.539288457405466e-008 2.537687474360215e-008 2.53562079819133e-008 2.533247835052381e-008 2.530510997748682e-008
2.419832568912539e-008 2.414891097097217e-008 2.409291212711973e-008 2.403015400927283e-008 2.401043292952275e-008 2.404310716864433e-008 2.411414305971447e-008 2.417141199551107e-008 2.423010434578471e-008 2.428378906378963e-008 2.433514231042795e-008 2.438124769605412e-008 2.443005021215842e-008 2.44819751432276e-008 2.453143516446019e-008 2.457455267528094e-008 2.461350898989503e-008 2.464923797970638e-008 2.468162058261349e-008 2.471042211354773e-008 2.473739108581866e-008 2.476208020931909e-008 2.478384498168936e-008 2.480250902026506e-008 2.481851941318027e-008 2.483122139992084e-008 2.484105044307019e-008 2.484698826798709e-008 2.484855234310396e-008 2.484672687522035e-008 2.484205293999656e-008 2.483293421097885e-008 2.482158789136439e-008 2.480810239234124e-008 2.479229694045401e-008 2.477229107103432e-008 2.474849884677553e-008 2.472108383067652e-008
2.360320489518554e-008 2.355218631534642e-008 2.349390273480784e-008 2.345223100873356e-008 2.343268268087971e-008 2.345588920103316e-008 2.350587794652773e-008 2.357260285896176e-008 2.363182682877208e-008 2.368857550772989e-008 2.373758323142926e-008 2.378760716629152e-008 2.383762450134704e-008 2.388685095147015e-008 2.393445987280188e-008 2.397755962066785e-008 2.401677933556346e-008 2.405202350361836e-008 2.408376635794358e-008 2.41134853681345e-008 2.414071428723809e-008 2.416508608550538e-008 2.418676965443133e-008 2.420552501755675e-008 2.422144866716413e-008 2.423437015021041e-008 2.424350450266914e-008 2.42487197003016e-008 2.425008764564059e-008 2.424873269907991e-008 2.42433917874168e-008 2.423542984486756e-008 2.422557849048747e-008 2.421266432198677e-008 2.419638459248538e-008 2.417663921289612e-008 2.415246704740667e-008 2.412395604614755e-008
2.299949551359105e-008 2.294781991601617e-008 2.288927974948798e-008 2.285515193661018e-008 2.283633588496417e-008 2.285499099685582e-008 2.289697430234749e-008 2.296576477877546e-008 2.302593576939974e-008 2.308233697329232e-008 2.31319560983308e-008 2.318286221128361e-008 2.323339026108286e-008 2.328187187382725e-008 2.332777795080711e-008 2.337080475552568e-008 2.340959230518958e-008 2.344450382921458e-008 2.347654087026101e-008 2.350572529967343e-008 2.353302843890963e-008 2.355723276882684e-008 2.357880183532938e-008 2.359781663181903e-008 2.361303161128013e-008 2.362587617442572e-008 2.36348954897648e-008 2.363975297796637e-008 2.364196294155697e-008 2.364059606513391e-008 2.363580682365586e-008 2.362831478192759e-008 2.361864125727601e-008 2.360600228588814e-008 2.358972109884457e-008 2.357000568298846e-008 2.35456991253354e-008 2.351662084669403e-008
2.238706879500421e-008 2.233441897678537e-008 2.22739746120877e-008 2.2234725489851e-008 2.222146384296487e-008 2.224149903406737e-008 2.228304537789931e-008 2.235003477269174e-008 2.241257041436356e-008 2.246819444008547e-008 2.251754932124952e-008 2.256813499322099e-008 2.261870141675396e-008 2.266614901713568e-008 2.271133468649152e-008 2.275289038051085e-008 2.279159974861938e-008 2.282708144701239e-008 2.285908623962646e-008 2.288757348736264e-008 2.291295051618407e-008 2.293750620475596e-008 2.296006995736887e-008 2.297872436005727e-008 2.299344558523953e-008 2.300448936438646e-008 2.301408622791383e-008 2.302024283947052e-008 2.302271684627593e-008 2.302237455558353e-008 2.301879972526008e-008 2.301127319017179e-008 2.300087676279826e-008 2.29876225240276e-008 2.297208694468396e-008 2.295255824424284e-008 2.292775730308872e-008 2.289870062110182e-008
2.176773705827119e-008 2.171664175290051e-008 2.165378863666411e-008 2.161202481907881e-008 2.159281439381606e-008 2.161918405896055e-008 2.166275366878102e-008 2.173021569561221e-008 2.179251417501196e-008 2.184731539116767e-008 2.189580475310044e-008 2.194605313370337e-008 2.199622668144793e-008 2.204293162321573e-008 2.208685286780405e-008 2.21276490501797e-008 2.216552854996803e-008 2.220086658039435e-008 2.223299717255526e-008 2.226081366164567e-008 2.228591646993044e-008 2.231000212537313e-008 2.233239454772064e-008 2.235101251379456e-008 2.236501396107705e-008 2.237646203112949e-008 2.238594962930854e-008 2.239242034143822e-008 2.239512763443389e-008 2.239469619782703e-008 2.239146746906618e-008 2.238372507587197e-008 2.237326788150245e-008 2.235980492552806e-008 2.234356396039596e-008 2.232405492398421e-008 2.229865079428124e-008 2.22702367705489e-008
2.11435423106472e-008 2.109080056279411e-008 2.103742062646507e-008 2.097496913858197e-008 2.094313117564448e-008 2.097604444756374e-008 2.10427237228755e-008 2.110384778547238e-008 2.116506019892845e-008 2.12195026509241e-008 2.127031160793752e-008 2.131815134769928e-008 2.136588762926237e-008 2.141186829273088e-008 2.145467616730027e-008 2.149429961552437e-008 2.153099773741657e-008 2.156560429237705e-008 2.159732926090027e-008 2.162575997124525e-008 2.165128662254862e-008 2.167483627731122e-008 2.169549299077423e-008 2.171297940031354e-008 2.172793876692958e-008 2.174084291909852e-008 2.175051610339891e-008 2.175616579781474e-008 2.175849954754245e-008 2.175760518484248e-008 2.175314141348333e-008 2.174552405874133e-008 2.173566771856651e-008 2.172187137422208e-008 2.170461802644799e-008 2.168276447495882e-008 2.165823414862833e-008 2.163071725297551e-008
2.05120384213516e-008 2.046132958008923e-008 2.041283499709762e-008 2.034370067076881e-008 2.030575957368577e-008 2.034256944074457e-008 2.041568258035849e-008 2.047243867701412e-008 2.053132427804607e-008 2.058440070540069e-008 2.063488692256205e-008 2.068145894794306e-008 2.072814742647625e-008 2.077305645048615e-008 2.081480849485939e-008 2.085287374335192e-008 2.088919829484724e-008 2.092285204449252e-008 2.095436383794163e-008 2.098267866789731e-008 2.100788718187265e-008 2.103140711261069e-008 2.105123863964636e-008 2.106854613020411e-008 2.108340469852497e-008 2.109653167332154e-008 2.110648504043716e-008 2.11119621284285e-008 2.111398091325242e-008 2.111254518745234e-008 2.110778259648162e-008 2.110017267608092e-008 2.108991554472408e-008 2.107606355033447e-008 2.105794715092277e-008 2.103627790025898e-008 2.10120943214119e-008 2.098466633690742e-008
1.987382628399587e-008 1.98252574325018e-008 1.976874182602759e-008 1.972193697595313e-008 1.970003461652951e-008 1.972695264448371e-008 1.977327147108298e-008 1.98333084530365e-008 1.989017585183813e-008 1.99428438963012e-008 1.998971153839475e-008 2.003730380248745e-008 2.008313899163085e-008 2.01262438180934e-008 2.016605429020992e-008 2.02030343248136e-008 2.023906822340662e-008 2.027236091360692e-008 2.030295359643434e-008 2.033067572101585e-008 2.035577860595997e-008 2.037909028022197e-008 2.039939372835306e-008 2.041655763689051e-008 2.043076443414202e-008 2.04432027504016e-008 2.045380918190798e-008 2.045976498508185e-008 2.046131454800616e-008 2.045895905016019e-008 2.045456596410657e-008 2.044735112027302e-008 2.043638471891849e-008 2.042133700708235e-008 2.040323518618238e-008 2.038295818363907e-008 2.035969150013256e-008 2.033221725393781e-008
1.92278663240605e-008 1.918260077033113e-008 1.912761764538889e-008 1.908627380926321e-008 1.906915247971192e-008 1.909175986892059e-008 1.913104361212966e-008 1.918905254109731e-008 1.924290825019618e-008 1.929335448978152e-008 1.93386730153108e-008 1.938552484497891e-008 1.943071233624911e-008 1.947282604400763e-008 1.951108717711613e-008 1.954767096940224e-008 1.958264375649109e-008 1.961569037783498e-008 1.964538675959222e-008 1.967251573742472e-008 1.969747676988964e-008 1.97202251294737e-008 1.974082360790452e-008 1.975772734254815e-008 1.977173534376382e-008 1.978382945536238e-008 1.97941602860503e-008 1.979998053841475e-008 1.980118379183939e-008 1.979861223428694e-008 1.979381137534717e-008 1.978627817113196e-008 1.977489981005845e-008 1.97595649797553e-008 1.974230891998957e-008 1.972231280289295e-008 1.969952321565814e-008 1.967221103228937e-008
1.857345905864214e-008 1.852825811085576e-008 1.848167815356251e-008 1.844053498143154e-008 1.841480658900732e-008 1.842905404602214e-008 1.848175034625783e-008 1.853884019006689e-008 1.858944634386619e-008 1.86359797275745e-008 1.86829566509092e-008 1.872727499932236e-008 1.877037212832848e-008 1.881154655323525e-008 1.884961332142115e-008 1.888610830371208e-008 1.892000021809331e-008 1.895198447041437e-008 1.898102376118478e-008 1.900771530841187e-008 1.903233637945679e-008 1.905441706711053e-008 1.907473992213479e-008 1.909209972943692e-008 1.910645490408925e-008 1.911836522401207e-008 1.912699251378954e-008 1.91322954424306e-008 1.913353175970763e-008 1.913111565498979e-008 1.912557274160628e-008 1.911689645667393e-008 1.910416827332094e-008 1.909014724930778e-008 1.907427735140738e-008 1.90545636561897e-008 1.903139973999338e-008 1.90045313845606e-008
1.791280729508381e-008 1.786927596778368e-008 1.782652889612431e-008 1.778672811167472e-008 1.775684945825782e-008 1.776959198053145e-008 1.78263388834605e-008 1.788200632714234e-008 1.792953580943034e-008 1.79739166966032e-008 1.802001816758931e-008 1.806353209685292e-008 1.810569134510292e-008 1.814594398151907e-008 1.81835079513046e-008 1.821930426327056e-008 1.825266981701969e-008 1.828383193002613e-008 1.831204794495541e-008 1.833789716518196e-008 1.836169216594001e-008 1.838327506191653e-008 1.84028329983286e-008 1.842022899207163e-008 1.843409924004222e-008 1.84454479598241e-008 1.845311138988736e-008 1.845771511474076e-008 1.84589435124627e-008 1.845600903553933e-008 1.845068304359566e-008 1.844151974753827e-008 1.842945931436143e-008 1.841600534682363e-008 1.840054253698884e-008 1.838116716237053e-008 1.835781863554556e-008 1.833154130612001e-008
1.724839254532221e-008 1.720467590722397e-008 1.715703982645909e-008 1.71181427548479e-008 1.710382860064754e-008 1.712200869645747e-008 1.716091600471487e-008 1.721464535870641e-008 1.726325372744468e-008 1.730884477570629e-008 1.735113419369038e-008 1.739512609218997e-008 1.743677850667664e-008 1.747587114166255e-008 1.751245332052815e-008 1.754737829157804e-008 1.758076849442527e-008 1.761125934172921e-008 1.763817196337156e-008 1.766285768071132e-008 1.768546119175844e-008 1.770591480525113e-008 1.772466968460833e-008 1.774159208538825e-008 1.77548860836888e-008 1.77650558521914e-008 1.777142611573929e-008 1.777586135432458e-008 1.777607218019916e-008 1.777377390765954e-008 1.776783557302751e-008 1.775955300896133e-008 1.77497385785706e-008 1.773711523799035e-008 1.772106682368667e-008 1.770181075363858e-008 1.767863676062592e-008 1.765160312711783e-008
1.657732111349132e-008 1.653513744789304e-008 1.648550307877386e-008 1.644871445162198e-008 1.643927181224223e-008 1.645959014686974e-008 1.649270173119521e-008 1.654431571211156e-008 1.659185635580832e-008 1.663670308911889e-008 1.667785964267066e-008 1.672127548273214e-008 1.67623523223308e-008 1.680053111223658e-008 1.68363256921314e-008 1.687060716394219e-008 1.690349436427548e-008 1.693317055783844e-008 1.695885610826153e-008 1.698265277289918e-008 1.700419228916402e-008 1.702398594860471e-008 1.704197197537981e-008 1.705820076530395e-008 1.707084890993067e-008 1.707985966746607e-008 1.708594115110424e-008 1.708952164040765e-008 1.708989295621358e-008 1.708733213035947e-008 1.708154751841376e-008 1.707357597370328e-008 1.70639278321298e-008 1.705202146423107e-008 1.70361195918783e-008 1.701760135988435e-008 1.699458585833787e-008 1.696845738457633e-008
1.590161574836373e-008 1.585788672558796e-008 1.581022110512472e-008 1.57741415829931e-008 1.576497528219203e-008 1.578327898902384e-008 1.581699863237374e-008 1.586763989542282e-008 1.591458407933995e-008 1.595985233310295e-008 1.60013021829231e-008 1.604265266073602e-008 1.608150354039582e-008 1.611945984197005e-008 1.615508098277454e-008 1.618883789426313e-008 1.622077061752123e-008 1.624925770247462e-008 1.62738710992754e-008 1.6296214666856e-008 1.631780004171503e-008 1.633704066638822e-008 1.63546028650801e-008 1.636983329680376e-008 1.638159012693907e-008 1.638980534482893e-008 1.639543353696821e-008 1.639884794104209e-008 1.63992466247507e-008 1.639660919885595e-008 1.639119741380072e-008 1.6382909291106e-008 1.637194085225942e-008 1.635992391988937e-008 1.63457878256561e-008 1.632767587406462e-008 1.630555022950776e-008 1.62806814781461e-008
1.522292827532502e-008 1.51808798696609e-008 1.513383360307453e-008 1.509641649377815e-008 1.508360043910305e-008 1.510504088935607e-008 1.513981805594445e-008 1.519023946702939e-008 1.523490627206431e-008 1.52790921219019e-008 1.531981568385982e-008 1.535994753861032e-008 1.539789203193315e-008 1.543475292731968e-008 1.54699119463033e-008 1.550264073850788e-008 1.553371242485551e-008 1.556152166473372e-008 1.558512860153033e-008 1.560705913233436e-008 1.562796806702078e-008 1.5646696822203e-008 1.566331750938776e-008 1.567779211980842e-008 1.56885747764922e-008 1.56960838466173e-008 1.570129329316184e-008 1.570428907254717e-008 1.570498745054428e-008 1.570205068995847e-008 1.569692889242187e-008 1.568831666722417e-008 1.567772557590332e-008 1.566581334780177e-008 1.565235179791213e-008 1.563518582241782e-008 1.561399357822035e-008 1.559046183514396e-008
