data/galIOV_gridfiles/galileo_iov_x_q22w32.grd
DSAA
361 181
-180 180
-90 90
-2.4253196647466E-008 2.4130587582577E-008
[rows 17 to 33 of 181, columns 273 to 311 of 361]
4.699202774383377e-010 6.305463318031588e-010 7.888803301844009e-010 9.442617001141145e-010 1.097860192852195e-009 1.250553916301483e-009 1.402067782390624e-009 1.552427707594643e-009 1.701903549229558e-009 1.85090394771404e-009 1.999531006593046e-009 2.147436947961143e-009 2.294833855174152e-009 2.441846448615537e-009 2.588269622067828e-009 2.734207328156516e-009 2.879031702132106e-009 3.022253140836012e-009 3.164501036130074e-009 3.305926078876862e-009 3.445641826097602e-009 3.584030761539649e-009 3.722006282097058e-009 3.858767782309895e-009 3.993891197339756e-009 4.127746826867614e-009 4.260275419931798e-009 4.391218277736894e-009 4.520860570486598e-009 4.648808301461857e-009 4.77417968431048e-009 4.897670481745473e-009 5.02016825891897e-009 5.141344165120773e-009 5.260301586727473e-009 5.377537964329778e-009 5.492229983641207e-009 5.603648401728648e-009 5.71299439828003e-009
5.049765031040931e-010 6.74246636865073e-010 8.406851965501247e-010 1.004797610403141e-009 1.167100743469464e-009 1.32854747375144e-009 1.489112215442102e-009 1.648835377831445e-009 1.80818617482372e-009 1.967223077604579e-009 2.125736827226389e-009 2.283523836430663e-009 2.440611633632891e-009 2.597278796718649e-009 2.75347699835043e-009 2.909138799014288e-009 3.063488969561229e-009 3.215992827576014e-009 3.367026484832064e-009 3.517316372453593e-009 3.666529895241989e-009 3.814843933415722e-009 3.962414609485918e-009 4.108401908009073e-009 4.252723351228696e-009 4.395212969388175e-009 4.536030721983892e-009 4.675881172508074e-009 4.814782052676377e-009 4.951475332699631e-009 5.085206360291704e-009 5.216568301765262e-009 5.346246213990952e-009 5.474544216328438e-009 5.601546416795272e-009 5.726802131900785e-009 5.848809823899165e-009 5.967975005915781e-009 6.08454886753779e-009
5.419427936151896e-010 7.188167276679654e-010 8.920509490189934e-010 1.064632081313927e-009 1.236486393703018e-009 1.407148199996992e-009 1.577052980686639e-009 1.746521081803984e-009 1.91558876481146e-009 2.084322403917491e-009 2.252540717029234e-009 2.420301888376415e-009 2.587403844485183e-009 2.753678254354792e-009 2.919268567413562e-009 3.084196006461117e-009 3.24796175242979e-009 3.41002414551266e-009 3.570508919127333e-009 3.730224324144192e-009 3.889019255804255e-009 4.046929378936516e-009 4.203634654411133e-009 4.358910221039027e-009 4.513285719996296e-009 4.665203358972897e-009 4.814764716912809e-009 4.962959068110536e-009 5.109676549883479e-009 5.254222373839919e-009 5.396680211039838e-009 5.53676055377861e-009 5.674539715267399e-009 5.810672910345396e-009 5.94517711550823e-009 6.077045453046643e-009 6.206298320935394e-009 6.333462913029028e-009 6.457577285713245e-009
5.781039522166145e-010 7.637183152125378e-010 9.444164823665629e-010 1.125099363611355e-009 1.305976746660521e-009 1.485982016073431e-009 1.665629027925847e-009 1.845040212059136e-009 2.02381078951834e-009 2.202071927266692e-009 2.380006299619506e-009 2.557633660655909e-009 2.73449665172093e-009 2.910466601302646e-009 3.085673130815813e-009 3.259899925844776e-009 3.432912188244026e-009 3.604409442181294e-009 3.77465273982755e-009 3.94435680210526e-009 4.113081708274848e-009 4.280635313854335e-009 4.446883689627495e-009 4.612089742968342e-009 4.775735213126904e-009 4.93639594849466e-009 5.094913896407278e-009 5.251666212768381e-009 5.406478602579969e-009 5.559240168135454e-009 5.709902932180214e-009 5.8580759637943e-009 6.004205744272838e-009 6.148500247859919e-009 6.290581246654272e-009 6.430233233489187e-009 6.56731251362021e-009 6.700542474132409e-009 6.831572008541896e-009
6.091641781130604e-010 8.044382907615844e-010 9.949105675476155e-010 1.185416676487427e-009 1.375564203681818e-009 1.564954651633755e-009 1.754265510012899e-009 1.943551805112838e-009 2.132567990925488e-009 2.320658995741808e-009 2.508169100773747e-009 2.695297741459496e-009 2.881662062108443e-009 3.067500975025253e-009 3.252713491998298e-009 3.436639563972926e-009 3.619193362195973e-009 3.800392251804716e-009 3.980341009250981e-009 4.159986908821615e-009 4.338650983173995e-009 4.515950502487575e-009 4.691888714625147e-009 4.86615504741075e-009 5.038105112063551e-009 5.207911894664261e-009 5.375823727030943e-009 5.541699516308831e-009 5.705190100337535e-009 5.865908829773468e-009 6.023910537046276e-009 6.180428876603452e-009 6.335083927526127e-009 6.487463747420705e-009 6.636966800456835e-009 6.783377861837401e-009 6.926918726651894e-009 7.067615568720329e-009 7.20607348914589e-009
6.352354750335439e-010 8.408025613270222e-010 1.042831769872494e-009 1.244249234388628e-009 1.444716464953769e-009 1.644082352948588e-009 1.843308781974642e-009 2.042826586808702e-009 2.241807416681086e-009 2.439408656657226e-009 2.636465733318304e-009 2.833268304467839e-009 3.029686268589612e-009 3.225664327439658e-009 3.420355104960017e-009 3.61405525413699e-009 3.806636197092683e-009 3.998066906060576e-009 4.188789646964435e-009 4.378005223462706e-009 4.565590411783826e-009 4.752430941004998e-009 4.937741992696149e-009 5.121039559646753e-009 5.302049703042102e-009 5.480638976258753e-009 5.657650120278192e-009 5.832555292503793e-009 6.00480771095085e-009 6.174444626604723e-009 6.340716060427772e-009 6.504858044200718e-009 6.667437125537616e-009 6.827086983227998e-009 6.983548980379071e-009 7.136951991551194e-009 7.287650000220376e-009 7.435820338838999e-009 7.581111872908028e-009
6.619922750769986e-010 8.786004258287995e-010 1.091705817152226e-009 1.303145437077441e-009 1.513606543950325e-009 1.722954256333394e-009 1.932139664906072e-009 2.141344249035721e-009 2.34995801367145e-009 2.557411477720064e-009 2.764323916194534e-009 2.970933878118532e-009 3.177214667906627e-009 3.383019961017553e-009 3.587676509194363e-009 3.791527178050065e-009 3.99447638797633e-009 4.196040565482882e-009 4.396331034278787e-009 4.595245509533161e-009 4.792909602961695e-009 4.98956413819015e-009 5.184020365716946e-009 5.376049468424042e-009 5.565853821169964e-009 5.753848976121473e-009 5.940217882737073e-009 6.123771267289189e-009 6.304252810135443e-009 6.482025007401182e-009 6.657148952036814e-009 6.830370914369575e-009 7.000798145357532e-009 7.167235245663727e-009 7.330254832406856e-009 7.49086115713752e-009 7.649709250372749e-009 7.805258807609935e-009 7.956512120769401e-009
6.91810922703188e-010 9.184369676520584e-010 1.141778616869596e-009 1.362644463050741e-009 1.582230058040787e-009 1.801250026429774e-009 2.020315491262828e-009 2.239051032929372e-009 2.457222254823714e-009 2.674711048557343e-009 2.891604542284913e-009 3.1080177075534e-009 3.323998581030612e-009 3.539764550058102e-009 3.754704371949638e-009 3.96893891217383e-009 4.18223796246275e-009 4.393896109908422e-009 4.604095835056283e-009 4.812942315613466e-009 5.020685460401952e-009 5.226749537519168e-009 5.430278140561611e-009 5.631710757658644e-009 5.830731768537261e-009 6.027953774575048e-009 6.222992903338565e-009 6.414845305155713e-009 6.603917582445865e-009 6.790224680713856e-009 6.974230695652716e-009 7.155858010247012e-009 7.333752877724658e-009 7.507921583478647e-009 7.6784941708371e-009 7.846717538378059e-009 8.012713879870072e-009 8.174421897004292e-009 8.332012772948369e-009
7.24405484372318e-010 9.590601325192364e-010 1.191365014652362e-009 1.421392055489557e-009 1.650040645268814e-009 1.878899916694135e-009 2.107959091606951e-009 2.33653376374652e-009 2.564407082771804e-009 2.791704173546029e-009 3.018567132844731e-009 3.244955046472914e-009 3.470911040011619e-009 3.696646961887933e-009 3.921743763328488e-009 4.146270724308773e-009 4.369792342793237e-009 4.591511812799498e-009 4.812397195984318e-009 5.031502917723766e-009 5.248794120324307e-009 5.46386507809706e-009 5.676538674142728e-009 5.8881447655626e-009 6.096655137816716e-009 6.302435122884708e-009 6.505461838075486e-009 6.705668312631169e-009 6.903835909974749e-009 7.099096401342582e-009 7.291583579202482e-009 7.480591107964273e-009 7.66586836099808e-009 7.84841293581876e-009 8.027265402996602e-009 8.2028812464926e-009 8.374789291206727e-009 8.542563850662732e-009 8.707249305817401e-009
7.585595966924803e-010 1.00046882894926e-009 1.240713565617591e-009 1.479217188699345e-009 1.717107753063468e-009 1.956047968325314e-009 2.195064472475496e-009 2.433549644135247e-009 2.671345314585819e-009 2.908577376695104e-009 3.145337662327268e-009 3.381724941821708e-009 3.617893284195223e-009 3.853820259976334e-009 4.088810098408575e-009 4.323472960980805e-009 4.557547070789576e-009 4.790256419082656e-009 5.021363339100758e-009 5.249873946336476e-009 5.476972735546025e-009 5.70204496513352e-009 5.925317054971113e-009 6.145619323133497e-009 6.362467786826002e-009 6.576874289749577e-009 6.788614629387194e-009 6.997966235607951e-009 7.204062620478734e-009 7.407729734372937e-009 7.608568655767073e-009 7.805950692124273e-009 7.999612927234839e-009 8.189061431046937e-009 8.375476393309388e-009 8.558227705417116e-009 8.737310239301067e-009 8.911988319338527e-009 9.082687887910728e-009
7.901881182097937e-010 1.042125561965665e-009 1.290610295993524e-009 1.537264590228998e-009 1.784617193883892e-009 2.033303997070193e-009 2.282028275080066e-009 2.530470489468613e-009 2.778145156953497e-009 3.025229133123738e-009 3.271790237181476e-009 3.517966318965241e-009 3.76418828201134e-009 4.010414436449043e-009 4.255559840484154e-009 4.500620092170744e-009 4.745070756461347e-009 4.987768697666193e-009 5.228446699942809e-009 5.467108911995841e-009 5.70456380019473e-009 5.939306660613923e-009 6.171388257983784e-009 6.400551166405475e-009 6.626954600105823e-009 6.850574369878463e-009 7.070751517843073e-009 7.288022275226392e-009 7.502898029461171e-009 7.71560001498706e-009 7.924383635211304e-009 8.12921076155746e-009 8.330313962277629e-009 8.528238837651096e-009 8.72250670069653e-009 8.911928163799557e-009 9.09719810752704e-009 9.278803534274588e-009 9.45702499456801e-009
8.225144990328347e-010 1.083018585586558e-009 1.339635795828281e-009 1.594909690707934e-009 1.852619516227665e-009 2.110811146230377e-009 2.368937906554929e-009 2.627417380207663e-009 2.885212732174673e-009 3.141609003859087e-009 3.397757359836482e-009 3.653842879020639e-009 3.909788445640699e-009 4.165980298140611e-009 4.422088661787168e-009 4.677862950026577e-009 4.932031443014314e-009 5.183886246540003e-009 5.434650513333664e-009 5.683919605506904e-009 5.931087910027298e-009 6.174723164966894e-009 6.415866145820549e-009 6.654427987696407e-009 6.890264221066068e-009 7.122716380714329e-009 7.351759097488682e-009 7.57773804858699e-009 7.801472869986577e-009 8.022130091156896e-009 8.238398378955963e-009 8.451151006165885e-009 8.660399947194617e-009 8.866206236172186e-009 9.067345017748244e-009 9.263911439386141e-009 9.456293554869864e-009 9.64495355055954e-009 9.829350305088373e-009
8.49697908222549e-010 1.121643327644158e-009 1.38793602325531e-009 1.651874490461775e-009 1.919513469239549e-009 2.187810429658399e-009 2.455270234849721e-009 2.723278438003891e-009 2.991005535291776e-009 3.256955534413629e-009 3.523267722576748e-009 3.789889836086706e-009 4.055918707535666e-009 4.322369560420924e-009 4.588935158985612e-009 4.854757658933355e-009 5.11830486755549e-009 5.379809765921333e-009 5.640610109860587e-009 5.899921261033254e-009 6.156221395421832e-009 6.408842832115663e-009 6.659523589473111e-009 6.907492763184252e-009 7.1521624682288e-009 7.392985418127271e-009 7.63105182423653e-009 7.866367193572369e-009 8.098618531654367e-009 8.326506580322185e-009 8.550575421548461e-009 8.771754442065294e-009 8.989186007639571e-009 9.201765084759209e-009 9.409564218968121e-009 9.613739940209348e-009 9.813891724694294e-009 1.000905404186248e-008 1.019883202802526e-008
8.727479105149576e-010 1.158644751980558e-009 1.435915336070772e-009 1.710537861855407e-009 1.986415468054675e-009 2.263788687203643e-009 2.540915868390929e-009 2.81770346297864e-009 3.094124579086628e-009 3.37064399727178e-009 3.648290205881031e-009 3.926180067584373e-009 4.203782348898824e-009 4.480277371868964e-009 4.755798172209628e-009 5.031213752992435e-009 5.304978738069332e-009 5.576447749808305e-009 5.846065675027435e-009 6.114738612703329e-009 6.380860690250444e-009 6.643327844989005e-009 6.902389976513329e-009 7.159134182164048e-009 7.41285589479281e-009 7.662970346873893e-009 7.909399367731714e-009 8.153298108470271e-009 8.393970135469896e-009 8.630237616010833e-009 8.862177516528062e-009 9.090914356727624e-009 9.315802863939219e-009 9.535758467321351e-009 9.750780825537695e-009 9.961938628876642e-009 1.016912407808642e-008 1.037096972997472e-008 1.056727345201251e-008
8.898415717834308e-010 1.190135244888345e-009 1.479531345165011e-009 1.767252158273846e-009 2.052245190019974e-009 2.339428165414833e-009 2.626353816834881e-009 2.912517294876786e-009 3.198476075364147e-009 3.485155556766776e-009 3.773541604790949e-009 4.061696316478526e-009 4.34939657080521e-009 4.635627930600615e-009 4.921630473245907e-009 5.206502367954807e-009 5.489552801326806e-009 5.770379816169999e-009 6.049872054591342e-009 6.327663757439146e-009 6.602945488489055e-009 6.874497470738761e-009 7.143015769981485e-009 7.408660924597371e-009 7.671021351135038e-009 7.929727865206924e-009 8.185325893679782e-009 8.437874361987184e-009 8.686600182080838e-009 8.930664682793864e-009 9.171275608030665e-009 9.407650907647174e-009 9.639468953299901e-009 9.866379893905625e-009 1.008914651693929e-008 1.030757145823154e-008 1.052128717974932e-008 1.072926531317376e-008 1.093245965185734e-008
8.83654646570492e-010 1.210837932135029e-009 1.52081021790978e-009 1.822569040120921e-009 2.119335071065517e-009 2.415323475229765e-009 2.711734549937496e-009 3.007971872312379e-009 3.303821954157265e-009 3.601147679675553e-009 3.899437383045323e-009 4.196029180759164e-009 4.493004118649005e-009 4.790250661886397e-009 5.086513882698026e-009 5.380053225587193e-009 5.672377426133171e-009 5.963217685514835e-009 6.251918697371775e-009 6.538395796040436e-009 6.8227532983219e-009 7.103792894984362e-009 7.381374151526799e-009 7.655865453417811e-009 7.927088141581319e-009 8.19471587650145e-009 8.458740268134452e-009 8.719798881145022e-009 8.977190736141631e-009 9.230272007293751e-009 9.478153115187253e-009 9.72152110220004e-009 9.960701763799597e-009 1.019546556855417e-008 1.042497781517519e-008 1.065020674589596e-008 1.087090346707384e-008 1.108595297194068e-008 1.12950800959743e-008
8.989568388926732e-010 1.243639785683498e-009 1.56624325871859e-009 1.878096984269855e-009 2.185211951162758e-009 2.49047314629718e-009 2.796259320729498e-009 3.102262103086727e-009 3.408226953499951e-009 3.715236380225193e-009 4.022610366273217e-009 4.328523518685466e-009 4.634671380980229e-009 4.942144249248835e-009 5.248143941479876e-009 5.551223623571383e-009 5.853107915400415e-009 6.153594054965708e-009 6.451496897468698e-009 6.747322572302577e-009 7.040711793438925e-009 7.330854915149232e-009 7.617325684773717e-009 7.900987108843792e-009 8.180926358040174e-009 8.456916494852577e-009 8.729443702374757e-009 8.999203631174067e-009 9.264520244875332e-009 9.525189363142748e-009 9.780885721263291e-009 1.003200750703354e-008 1.027841611171413e-008 1.052013028153708e-008 1.075695622753345e-008 1.098942797566799e-008 1.121699612605486e-008 1.143823133759891e-008 1.165428095043229e-008
