data/galIOV_gridfiles/galileo_iov_z_q19w50.grd
DSAA
361 181
-180 180
-90 90
-3.1980414737869E-008 3.5560094970104E-008
[rows 51 to 67 of 181, columns 190 to 227 of 361]
2.147269130183203e-008 2.160766451069939e-008 2.174160327274762e-008 2.187252848762009e-008 2.200308011497916e-008 2.213178911515602e-008 2.225925774063232e-008 2.238564210065948e-008 2.251094326904878e-008 2.263391588053327e-008 2.275438702411845e-008 2.287366398206482e-008 2.299298871728163e-008 2.311171713596678e-008 2.322944470085892e-008 2.334748657857533e-008 2.34639139798381e-008 2.357669336022169e-008 2.368778209625541e-008 2.379782738462212e-008 2.390698575810064e-008 2.401544158027777e-008 2.412000670443929e-008 2.422100659166876e-008 2.431910543751305e-008 2.441516463317644e-008 2.450923040808529e-008 2.460015244165031e-008 2.468745919290081e-008 2.477166609337778e-008 2.485265837374968e-008 2.493004467711118e-008 2.500478991154596e-008 2.507853924384209e-008 2.515072128644242e-008 2.521909547816537e-008 2.52830528858214e-008 2.53438558840987e-008
2.092772160022358e-008 2.106256956103256e-008 2.119516055246354e-008 2.132571504329418e-008 2.145457255363606e-008 2.158240212586683e-008 2.170983589167874e-008 2.183575028505063e-008 2.196027195727772e-008 2.208264604684945e-008 2.220292764907734e-008 2.232169735422846e-008 2.243985415959498e-008 2.255782151857908e-008 2.267540881534368e-008 2.279218434159421e-008 2.290763332090345e-008 2.302043350517467e-008 2.313109815373099e-008 2.324031297770253e-008 2.334772435100449e-008 2.345451084133252e-008 2.355873768438593e-008 2.365917315848601e-008 2.375711042577007e-008 2.385221134767385e-008 2.39451887311793e-008 2.403569106340124e-008 2.412228682755049e-008 2.420626931330003e-008 2.428687764555392e-008 2.436414550890768e-008 2.44385143348262e-008 2.451095706662671e-008 2.458148860361198e-008 2.464911302118835e-008 2.471284566392406e-008 2.477392324460292e-008
2.037525175996838e-008 2.050992927599007e-008 2.064104911174123e-008 2.077069215187542e-008 2.089811623540239e-008 2.102484720095298e-008 2.11522036984343e-008 2.127790337518891e-008 2.140134533198186e-008 2.1523260436356e-008 2.164369587085557e-008 2.176114163232994e-008 2.187846554024487e-008 2.199560651277799e-008 2.211263224531173e-008 2.222856047769054e-008 2.234243905404288e-008 2.245496769082354e-008 2.256505861692301e-008 2.26731755106935e-008 2.277873017348089e-008 2.288391598994681e-008 2.298767737262811e-008 2.308766340204173e-008 2.318428639602033e-008 2.327870884931937e-008 2.337069858615135e-008 2.34605428645456e-008 2.354643132867449e-008 2.362973682430391e-008 2.371010157094355e-008 2.378706885674679e-008 2.386059935624918e-008 2.393205384474956e-008 2.400120754018633e-008 2.406796446942902e-008 2.413161500357286e-008 2.419231890130155e-008
1.981852341915178e-008 1.995065724153279e-008 2.008057240349152e-008 2.020817899191966e-008 2.033537817350835e-008 2.046183959578509e-008 2.058758016794167e-008 2.071252142013053e-008 2.083498403257109e-008 2.095554973147406e-008 2.107432925974594e-008 2.119139371061999e-008 2.1308839080496e-008 2.142550007643414e-008 2.154143102425492e-008 2.165632089769084e-008 2.176924166092481e-008 2.188092676249645e-008 2.199036627002205e-008 2.209782402609974e-008 2.22032968388612e-008 2.230672644862193e-008 2.240740745110922e-008 2.250524969409149e-008 2.260151211534214e-008 2.269621999355464e-008 2.278759168761331e-008 2.287569306206944e-008 2.296056821425693e-008 2.304272649288956e-008 2.312210270443587e-008 2.319824239835012e-008 2.327126352429353e-008 2.334171877746063e-008 2.341001103394182e-008 2.347606701757304e-008 2.353928698742179e-008 2.359977982456811e-008
1.925532920775876e-008 1.938499413660473e-008 1.951273018482626e-008 1.963876117220909e-008 1.976611224189728e-008 1.989203362036066e-008 2.001628540656046e-008 2.014023604175608e-008 2.02618348206992e-008 2.038092963349798e-008 2.049750857481493e-008 2.061422579645345e-008 2.073189839396274e-008 2.084816332303133e-008 2.096272259857201e-008 2.10764210771291e-008 2.118802665966235e-008 2.129874878719711e-008 2.140729867518723e-008 2.151386523049883e-008 2.161910276934996e-008 2.172120061400664e-008 2.181909190595293e-008 2.191384492643386e-008 2.200979762515049e-008 2.210480212473893e-008 2.219521624028168e-008 2.228127381515906e-008 2.236475319473224e-008 2.244563616412385e-008 2.252402545203981e-008 2.259952710507388e-008 2.267139194904904e-008 2.274129534329665e-008 2.280874893059479e-008 2.287419002779962e-008 2.293701973624046e-008 2.29971373287385e-008
1.868560694024005e-008 1.881364835979468e-008 1.893953361849925e-008 1.906556075196242e-008 1.919220036278709e-008 1.931773346947113e-008 1.944070556658343e-008 1.956206193887017e-008 1.968211672975894e-008 1.980017296040511e-008 1.991664533741318e-008 2.003276234766227e-008 2.014879448409756e-008 2.026371525232638e-008 2.037727260110073e-008 2.048941527527259e-008 2.059991882897194e-008 2.070881613650518e-008 2.081618022812416e-008 2.092167491891944e-008 2.102508482554262e-008 2.112597678943004e-008 2.122352422725961e-008 2.131822117977127e-008 2.141179245661546e-008 2.150363697005089e-008 2.159249107354658e-008 2.167719801410577e-008 2.175972568336397e-008 2.183903720153068e-008 2.191582012594027e-008 2.199043704470564e-008 2.206142698124612e-008 2.213083941968979e-008 2.219757667754671e-008 2.226230883852224e-008 2.232526224732698e-008 2.238491591716129e-008
1.810999758336479e-008 1.823676340898573e-008 1.836117325318055e-008 1.848583235885898e-008 1.861334367480725e-008 1.873876842354033e-008 1.885929985619518e-008 1.897802600393493e-008 1.909636140968029e-008 1.921380500313418e-008 1.932988115660408e-008 1.944502825933122e-008 1.955975964309037e-008 1.967286281592914e-008 1.978508619125056e-008 1.989559707962562e-008 2.000434479637486e-008 2.011163554712073e-008 2.021703377352083e-008 2.032123682432553e-008 2.042302483670891e-008 2.052260152532576e-008 2.062013250573505e-008 2.071388281465079e-008 2.08052863559369e-008 2.089486271451498e-008 2.09816987315429e-008 2.10651064973946e-008 2.114633137015338e-008 2.122429314050976e-008 2.129976616252211e-008 2.137305561156995e-008 2.144362533235038e-008 2.151194704033109e-008 2.157810308481977e-008 2.164193191557314e-008 2.170462215876368e-008 2.176382897204987e-008
1.753355456080185e-008 1.765758897042731e-008 1.778129482628056e-008 1.790506009679135e-008 1.802921390494491e-008 1.815177130144067e-008 1.827130257218899e-008 1.838919159633762e-008 1.850607030576447e-008 1.862217626651093e-008 1.873728767612185e-008 1.885119698478446e-008 1.896416081058855e-008 1.907575774214225e-008 1.918622719136802e-008 1.929502927792813e-008 1.94019458596864e-008 1.950714884345309e-008 1.961075215612667e-008 1.971283396414282e-008 1.981294287916009e-008 1.991117903582982e-008 2.000698739376355e-008 2.009991817667519e-008 2.019007702945e-008 2.027811598344238e-008 2.036393600468416e-008 2.044680564225507e-008 2.052634432019553e-008 2.060288036164006e-008 2.067711119150087e-008 2.074885754775827e-008 2.081843439669608e-008 2.088583201142005e-008 2.095108657835664e-008 2.101433549872213e-008 2.107565454217806e-008 2.113378299332095e-008
1.695207357185508e-008 1.707444295639273e-008 1.719750201288254e-008 1.731984332032514e-008 1.744096401365325e-008 1.756026917118691e-008 1.76784612221445e-008 1.77953252508934e-008 1.791083875763529e-008 1.802569519746411e-008 1.813971903496318e-008 1.825182060613667e-008 1.836311350650444e-008 1.847286383915583e-008 1.858152608948168e-008 1.868867504230723e-008 1.879369524692181e-008 1.889667725013961e-008 1.899829528797758e-008 1.909837177594437e-008 1.919628989370477e-008 1.929319894152157e-008 1.938747470422474e-008 1.947885499129773e-008 1.956773785928316e-008 1.965426629935087e-008 1.973932912371335e-008 1.982166672187782e-008 1.989937595997455e-008 1.997458232997541e-008 2.004755466069997e-008 2.011800686326503e-008 2.018641938245654e-008 2.025264585148831e-008 2.031685419434454e-008 2.037861582118799e-008 2.043885930186057e-008 2.049560176788215e-008
1.636736330293244e-008 1.648806500125206e-008 1.660936990224885e-008 1.673034601205953e-008 1.684941034835422e-008 1.696682829450154e-008 1.708271439245246e-008 1.719772352682362e-008 1.731165902318117e-008 1.742471304207531e-008 1.753705637346263e-008 1.764745740953852e-008 1.775659155956617e-008 1.786426889048614e-008 1.797149963452299e-008 1.80772838716654e-008 1.818057938295281e-008 1.828179914475778e-008 1.838131869009906e-008 1.847938419582683e-008 1.857563106136558e-008 1.867017765975255e-008 1.876263671461937e-008 1.885224619518486e-008 1.893942037001557e-008 1.902437073394755e-008 1.91077314187934e-008 1.918817155348115e-008 1.926516239509054e-008 1.933920071886503e-008 1.941094735234369e-008 1.948053205945545e-008 1.954779455706588e-008 1.961256577801458e-008 1.967507745061673e-008 1.973537588397534e-008 1.979335018637356e-008 1.984854700018737e-008
1.577916533488567e-008 1.589792989880396e-008 1.601802575368938e-008 1.613812723417547e-008 1.62552550140623e-008 1.637012907592302e-008 1.648401681391531e-008 1.659705909800738e-008 1.670901810041773e-008 1.682022022803089e-008 1.693087002942947e-008 1.703941551689983e-008 1.714597019516434e-008 1.725111351052989e-008 1.73572334205556e-008 1.746177489146696e-008 1.756311405684846e-008 1.766229816544056e-008 1.775987101793272e-008 1.785597295225109e-008 1.79502341383934e-008 1.804262537102788e-008 1.813312911492418e-008 1.822083891376702e-008 1.830599025879747e-008 1.838896029872991e-008 1.847093211032242e-008 1.854949165554056e-008 1.862522483312051e-008 1.869792066766712e-008 1.876832327121655e-008 1.883691164882352e-008 1.890309378854627e-008 1.896605992956855e-008 1.902704075171174e-008 1.908554998970962e-008 1.914163318441503e-008 1.919538779941546e-008
1.519040143318059e-008 1.530871380770394e-008 1.542651400236067e-008 1.554351220317183e-008 1.565827350517584e-008 1.577135135780484e-008 1.588337173892277e-008 1.599437187020139e-008 1.610473076094067e-008 1.621383181705259e-008 1.632166848433476e-008 1.642797979672852e-008 1.653305062852805e-008 1.663723653038055e-008 1.674049158606297e-008 1.684226017318843e-008 1.694158320176686e-008 1.703877578005509e-008 1.713433152382824e-008 1.722848234128758e-008 1.732097800577209e-008 1.741111465347956e-008 1.749909829981684e-008 1.758496902548408e-008 1.766894029966593e-008 1.775072802871115e-008 1.783023174307269e-008 1.79071115834882e-008 1.798086286936386e-008 1.805170280536466e-008 1.812043937823391e-008 1.818706490178913e-008 1.825135805769825e-008 1.831332771531905e-008 1.837284904214614e-008 1.842985345085756e-008 1.848439059903516e-008 1.853690778002296e-008
1.46007481143675e-008 1.471871381857667e-008 1.483403180627629e-008 1.494780689448191e-008 1.505984197336703e-008 1.517110583988939e-008 1.528096507187633e-008 1.538999598376783e-008 1.549872787510665e-008 1.560548983457494e-008 1.571019053044779e-008 1.581402750988409e-008 1.591733134734035e-008 1.602031499223516e-008 1.612043589162494e-008 1.621940095157915e-008 1.631638074939478e-008 1.64112531850046e-008 1.650472304406736e-008 1.659670563908263e-008 1.668787541021175e-008 1.67755088319103e-008 1.686096178960678e-008 1.69448782755369e-008 1.702763791606507e-008 1.710791930305544e-008 1.71848777640658e-008 1.726012610295928e-008 1.733180120178895e-008 1.740056697910924e-008 1.746751422638858e-008 1.753227314857798e-008 1.759478492285882e-008 1.765534933855794e-008 1.771385278627539e-008 1.776928404032251e-008 1.78224501056034e-008 1.787385032042208e-008
1.40141936958858e-008 1.412873114187793e-008 1.424141406454354e-008 1.435225323903495e-008 1.446179793970373e-008 1.457064434971645e-008 1.467845966392837e-008 1.478508044882408e-008 1.489060253870535e-008 1.499456258730212e-008 1.509679276097488e-008 1.519816939650727e-008 1.529890680150387e-008 1.539856963756866e-008 1.549642391836874e-008 1.559243325824606e-008 1.568708111503639e-008 1.577979407584621e-008 1.587097606960836e-008 1.596041373431147e-008 1.604843870692066e-008 1.613493530287366e-008 1.62191336107761e-008 1.63012517795609e-008 1.638125431890849e-008 1.645909188141165e-008 1.653413756888456e-008 1.660701898568644e-008 1.667760613240308e-008 1.674525573983866e-008 1.681037616141872e-008 1.687307957590253e-008 1.693397581857086e-008 1.699266169777856e-008 1.704952237436538e-008 1.710400570453791e-008 1.715623859803517e-008 1.72067652485094e-008
1.342717230927551e-008 1.353905927271686e-008 1.364872045600888e-008 1.3756566571462e-008 1.38628554307564e-008 1.396989209484396e-008 1.407548109179888e-008 1.417919872220584e-008 1.428149560104075e-008 1.438241605322299e-008 1.448196096609939e-008 1.45803418624302e-008 1.467854065001675e-008 1.477487132574206e-008 1.487010122181083e-008 1.496297860045861e-008 1.505504681712882e-008 1.514577863351753e-008 1.523436662590775e-008 1.532117808704303e-008 1.540590796748673e-008 1.549126536753844e-008 1.557408381191797e-008 1.565390596917145e-008 1.573135830851369e-008 1.580670499596988e-008 1.587959257995986e-008 1.594999818304304e-008 1.601955566599146e-008 1.608599415129089e-008 1.614899527491204e-008 1.621002989796849e-008 1.626906508136458e-008 1.632621345912025e-008 1.638166945480813e-008 1.643516794696939e-008 1.648612939436177e-008 1.653576555653701e-008
1.284091129386603e-008 1.294911534573198e-008 1.305602477991734e-008 1.316128277960485e-008 1.326545159409705e-008 1.336923822525881e-008 1.347171787847199e-008 1.357257981485856e-008 1.367191983571254e-008 1.3769817064342e-008 1.386651281777506e-008 1.396233584491432e-008 1.405733177015527e-008 1.415102574845109e-008 1.424321294782671e-008 1.433356901533854e-008 1.44225368418389e-008 1.451032604345855e-008 1.45965679410335e-008 1.468097286975609e-008 1.476383029233586e-008 1.484572659133771e-008 1.492597842259149e-008 1.500354856806527e-008 1.507901223778898e-008 1.515211045370352e-008 1.522292182187939e-008 1.52914857234268e-008 1.535803565208435e-008 1.542225492859824e-008 1.548342650574149e-008 1.554275291189918e-008 1.559990755210397e-008 1.565639394017522e-008 1.571114091976649e-008 1.576331661215928e-008 1.581319030470123e-008 1.586101768396591e-008
1.225425186579955e-008 1.235872346690519e-008 1.246309898858523e-008 1.2565683791977e-008 1.266743733303154e-008 1.276813202432005e-008 1.28674940233892e-008 1.296521817120884e-008 1.306154804718139e-008 1.315635599484056e-008 1.325005394075431e-008 1.334305798037915e-008 1.343511590624097e-008 1.352578199813307e-008 1.361527349998638e-008 1.370253062918594e-008 1.378844834127254e-008 1.38732265124768e-008 1.395716404167818e-008 1.403905336487884e-008 1.41191330583718e-008 1.419825776104684e-008 1.42755652009659e-008 1.435078004958402e-008 1.44237346151301e-008 1.449492852227777e-008 1.456349929829779e-008 1.462978620637357e-008 1.469393149235735e-008 1.475573378624902e-008 1.48152252384514e-008 1.487245302937574e-008 1.492789047319557e-008 1.498329376508929e-008 1.503762242434394e-008 1.508799853060186e-008 1.513644043662522e-008 1.518270030332423e-008
