data/bds_gridfiles/version0/BDSX-R100-Q21W34S0.grd
DSAA
361 181
-180 180
-90 90
-7.3655690972345E-008 7.1456998724183E-008
[rows 17 to 33 of 181, columns 39 to 77 of 361]
1.546550848803246e-008 1.526021294776058e-008 1.50474198672412e-008 1.482139610831843e-008 1.459230020543877e-008 1.436569876326706e-008 1.413426431168944e-008 1.389458152049324e-008 1.364812315981532e-008 1.339849634177411e-008 1.314932092732017e-008 1.289695544467234e-008 1.263581562920072e-008 1.237049377065649e-008 1.210206157665251e-008 1.182884057597846e-008 1.155082696182971e-008 1.1271622247118e-008 1.099314051531082e-008 1.070779882894585e-008 1.041525840576691e-008 1.012059415915159e-008 9.822178983629867e-009 9.519123688182151e-009 9.213356492950586e-009 8.904108943048411e-009 8.590283008732343e-009 8.273004741118221e-009 7.952962265915799e-009 7.629759744099932e-009 7.303270770131477e-009 6.973579916208384e-009 6.640477214254951e-009 6.304838405975477e-009 5.967899291799812e-009 5.629947817916266e-009 5.289670173155716e-009 4.946644770819138e-009 4.602301484140972e-009
1.654848767379421e-008 1.63208409651371e-008 1.608974841491612e-008 1.585041090405186e-008 1.560442305251848e-008 1.535994402191625e-008 1.510915213622079e-008 1.484642180071074e-008 1.457645519436785e-008 1.430563520550654e-008 1.403497522895048e-008 1.376213417296462e-008 1.348305376516931e-008 1.319877055378781e-008 1.291054435227812e-008 1.261707535804127e-008 1.231693867344049e-008 1.201210076494047e-008 1.170742404057061e-008 1.140293885185368e-008 1.109585087237555e-008 1.078512560747181e-008 1.046718737535256e-008 1.014293454139911e-008 9.816553706493247e-009 9.486674153391729e-009 9.152595682390904e-009 8.814842683555528e-009 8.473667695908287e-009 8.12882853388078e-009 7.781697261812824e-009 7.431615837519949e-009 7.077037861000112e-009 6.71919458050726e-009 6.359897031028215e-009 5.999079324880894e-009 5.635741467152413e-009 5.270401055342297e-009 4.903379977728506e-009
1.764788662484564e-008 1.739938916220429e-008 1.714604537032795e-008 1.689126262058763e-008 1.663406585568253e-008 1.637648686614403e-008 1.610758928209047e-008 1.582249032547187e-008 1.552840526256749e-008 1.523539792800779e-008 1.494430683455817e-008 1.465075025847266e-008 1.435045037975713e-008 1.404414443959308e-008 1.373293297173027e-008 1.341654462288728e-008 1.309406126408203e-008 1.276531003942392e-008 1.243540395426943e-008 1.210865534706776e-008 1.17835182370864e-008 1.145470393070699e-008 1.111759094552763e-008 1.07740967193633e-008 1.042629386269957e-008 1.007402663558789e-008 9.718923201924053e-009 9.360515844498381e-009 8.998474469234416e-009 8.633213561967763e-009 8.26539348986757e-009 7.893034438882435e-009 7.516787390711914e-009 7.137105361152554e-009 6.755183032988072e-009 6.37139020489989e-009 5.98570014460848e-009 5.597146655234634e-009 5.20659818082902e-009
1.875256105884616e-008 1.849282238555148e-008 1.82256094180878e-008 1.795261480869228e-008 1.767694804479211e-008 1.739974458882074e-008 1.711260470036759e-008 1.681377508781696e-008 1.650503437866811e-008 1.618976304367635e-008 1.587416399895772e-008 1.555613185626853e-008 1.523335847294314e-008 1.490711115158023e-008 1.45728970331529e-008 1.423162623939494e-008 1.388580242221067e-008 1.353528723643048e-008 1.318238590300292e-008 1.28329212184461e-008 1.248351355942582e-008 1.213195951645495e-008 1.17746673075816e-008 1.14111738970101e-008 1.104126338597933e-008 1.066642728888636e-008 1.028960398975316e-008 9.910032066187849e-009 9.526978606215764e-009 9.140664537628629e-009 8.750500274398641e-009 8.356157911738209e-009 7.958679107835659e-009 7.557522237280175e-009 7.153268959875813e-009 6.746363770049654e-009 6.337155667351792e-009 5.925422803953571e-009 5.511437202734893e-009
1.986427742729556e-008 1.959545540213137e-008 1.931776508471306e-008 1.902749660722729e-008 1.873086598855258e-008 1.8431985786204e-008 1.812844555415322e-008 1.782049698591586e-008 1.749710071312692e-008 1.716101549587061e-008 1.682143498763533e-008 1.648015472722703e-008 1.613772546635612e-008 1.579028130419471e-008 1.543145126284332e-008 1.506563429648665e-008 1.469641132477129e-008 1.432501132411108e-008 1.395292972179765e-008 1.357670230020286e-008 1.319843975247278e-008 1.28204750988205e-008 1.2439502689433e-008 1.205242664842293e-008 1.165969891670728e-008 1.126389192012675e-008 1.086531994525321e-008 1.046383359392249e-008 1.005852861540584e-008 9.649121573259306e-009 9.237039103216789e-009 8.821734943039845e-009 8.40293808745873e-009 7.979916834602337e-009 7.553162960705968e-009 7.123500749552831e-009 6.690297198989899e-009 6.255113355734309e-009 5.817786252943783e-009
2.09905745696886e-008 2.070679531701979e-008 2.041394552562025e-008 2.010905007353833e-008 1.979624589948487e-008 1.947960018023809e-008 1.91598538726782e-008 1.883375043867037e-008 1.849227160870711e-008 1.814006002958649e-008 1.778313817904565e-008 1.742228964039668e-008 1.705559929016515e-008 1.668304058521136e-008 1.630228433788114e-008 1.591452825725559e-008 1.552302306066008e-008 1.512823790516937e-008 1.473127259475542e-008 1.432928522067685e-008 1.392486090640787e-008 1.352022040742261e-008 1.311319502709128e-008 1.270198757001753e-008 1.228518056345228e-008 1.186691576562525e-008 1.144675098967341e-008 1.102242104377199e-008 1.059394356931433e-008 1.016133325769869e-008 9.726526262992958e-009 9.290269303154012e-009 8.849734010231107e-009 8.403935433375511e-009 7.95377814030243e-009 7.501015053423435e-009 7.045093928000071e-009 6.586579257642885e-009 6.12574693726444e-009
2.212793278112129e-008 2.182477997250981e-008 2.151539491671611e-008 2.119786004479012e-008 2.087128137148113e-008 2.053639710022403e-008 2.019467649496496e-008 1.984640328953086e-008 1.948975245636339e-008 1.912449163198577e-008 1.875301977942383e-008 1.837521812211665e-008 1.798560352423421e-008 1.758624707289032e-008 1.718370351539453e-008 1.677415645606709e-008 1.636036481416072e-008 1.594179111950745e-008 1.551645761532412e-008 1.508986245257817e-008 1.466099844137492e-008 1.422999841808962e-008 1.379597018842827e-008 1.33590531421684e-008 1.291930802132135e-008 1.247795185686873e-008 1.2034758984891e-008 1.158617734853774e-008 1.113322771657036e-008 1.0678095601066e-008 1.022108805692803e-008 9.76244035979456e-009 9.298585816794187e-009 8.829455810126276e-009 8.356033406472284e-009 7.879693096949057e-009 7.400657782748193e-009 6.919050897703609e-009 6.435085464242781e-009
2.327746205684323e-008 2.295222930193877e-008 2.262707096124019e-008 2.229804887204331e-008 2.1957850903523e-008 2.160280591998994e-008 2.123800202790601e-008 2.086948444482112e-008 2.049689266702848e-008 2.01157594811803e-008 1.972618154585853e-008 1.93290767259939e-008 1.89205906599388e-008 1.850134810709052e-008 1.807601414745832e-008 1.764116413288709e-008 1.720134580523523e-008 1.675949129964162e-008 1.63132417402743e-008 1.586211610960627e-008 1.540550494369465e-008 1.494634248219656e-008 1.448585458323594e-008 1.402367687964915e-008 1.355965504897151e-008 1.30938152971153e-008 1.262572100895875e-008 1.215272614423903e-008 1.167523920687362e-008 1.119720026441828e-008 1.071802148507716e-008 1.023557991175302e-008 9.747737908478864e-009 9.255608461103151e-009 8.759744585368408e-009 8.260184845980821e-009 7.757481499114646e-009 7.252059110609357e-009 6.745133347887881e-009
2.44442664952055e-008 2.409868129537155e-008 2.375553679782069e-008 2.34124159610195e-008 2.305666514417869e-008 2.268246556839256e-008 2.229518666794342e-008 2.190672228226803e-008 2.151529914421935e-008 2.11133310644944e-008 2.07022224394082e-008 2.02833320889005e-008 1.985510833263491e-008 1.941931973824494e-008 1.897378529913406e-008 1.851516138386767e-008 1.804987577577354e-008 1.758454813724828e-008 1.711776144214577e-008 1.664186840799296e-008 1.615728832233745e-008 1.567013461328246e-008 1.518353410580489e-008 1.469602183456748e-008 1.420501921205375e-008 1.371232411356536e-008 1.321797087126886e-008 1.271996777400382e-008 1.221888340852206e-008 1.171770466073926e-008 1.121560434297026e-008 1.070947320522762e-008 1.019819361592903e-008 9.682853074740047e-009 9.164045439631381e-009 8.641562509527935e-009 8.116053947087032e-009 7.588303183074286e-009 7.057191318544395e-009
2.561085238574908e-008 2.525796992169617e-008 2.489712424289684e-008 2.453176422452766e-008 2.415540032037836e-008 2.376686877619798e-008 2.336397789876127e-008 2.295466122925555e-008 2.2538911920282e-008 2.211472631812335e-008 2.168377759375292e-008 2.124418137353721e-008 2.079564406432196e-008 2.033816906343121e-008 1.98709741688067e-008 1.939210478247858e-008 1.890541948778919e-008 1.841599770044957e-008 1.792233136195222e-008 1.742184098732445e-008 1.691307204556085e-008 1.64008933225469e-008 1.588703151688822e-008 1.537150504813369e-008 1.485420273495691e-008 1.433478701733786e-008 1.381409396088667e-008 1.329106712394115e-008 1.276527046015051e-008 1.224069304097746e-008 1.171504209553306e-008 1.118461351756711e-008 1.064925454422797e-008 1.011022325261499e-008 9.568367008711778e-009 9.022807461296807e-009 8.474230980736115e-009 7.923034255676763e-009 7.368555189933334e-009
2.677614453995646e-008 2.641436236744379e-008 2.603923302153973e-008 2.565523130656687e-008 2.526175194642094e-008 2.485504511861621e-008 2.443540259742233e-008 2.400644478416059e-008 2.357120778911415e-008 2.312601169473573e-008 2.267275569027273e-008 2.221095814072128e-008 2.173988820134898e-008 2.125972614307418e-008 2.077020963857596e-008 2.02706726089558e-008 1.976261284713287e-008 1.924955751438764e-008 1.872926642567928e-008 1.820302521265114e-008 1.767062202377621e-008 1.71349035984618e-008 1.659596485826994e-008 1.605219117185277e-008 1.550771930355894e-008 1.496154589472074e-008 1.441415181298469e-008 1.386589259575382e-008 1.331649871310669e-008 1.276778749191486e-008 1.221670701852865e-008 1.166053021954929e-008 1.110115781398873e-008 1.053858502435987e-008 9.972521566996866e-009 9.403141575976057e-009 8.831480196419042e-009 8.25665554334804e-009 7.678602202279633e-009
2.793822074543299e-008 2.756628802267804e-008 2.717839929021307e-008 2.677661984101597e-008 2.636700342700609e-008 2.594388981403499e-008 2.550700441381234e-008 2.505807765182707e-008 2.460301366475663e-008 2.414026387729143e-008 2.366700489628271e-008 2.318243938809603e-008 2.26872313616558e-008 2.218472699472292e-008 2.167461240646501e-008 2.115299848202576e-008 2.062104560185597e-008 2.008338216478201e-008 1.95390226017679e-008 1.89875046512029e-008 1.842996774304906e-008 1.78687430985405e-008 1.730486060413684e-008 1.673675851862424e-008 1.616494760541994e-008 1.559099551731861e-008 1.501634896776987e-008 1.44427585360655e-008 1.386908028162942e-008 1.329469028546955e-008 1.271730452962055e-008 1.213597516051698e-008 1.155257409712517e-008 1.096644978729351e-008 1.037626910746172e-008 9.783036733140382e-009 9.188203497676071e-009 8.590139255379584e-009 7.988427043405043e-009
2.909397382939406e-008 2.871240238326794e-008 2.831272608810792e-008 2.789408601733709e-008 2.74651228815196e-008 2.702724213414564e-008 2.657649725459525e-008 2.610988381311924e-008 2.56342146549266e-008 2.51539641936844e-008 2.466375075215184e-008 2.415892748341333e-008 2.364132438802024e-008 2.311669063834781e-008 2.258415165729641e-008 2.203930107332792e-008 2.148241294415695e-008 2.091826207470018e-008 2.034879018537698e-008 1.977329278932884e-008 1.919102850511917e-008 1.860440599961464e-008 1.801531593259585e-008 1.742180261030383e-008 1.68237816727998e-008 1.622363547448236e-008 1.562400312223866e-008 1.50226612909668e-008 1.442076579774357e-008 1.381967270678208e-008 1.321645567116176e-008 1.261039263755917e-008 1.20026380166187e-008 1.139314502964944e-008 1.078049971331304e-008 1.016415379881314e-008 9.544802201958699e-009 8.922947312519301e-009 8.298157215008148e-009
3.024584456974474e-008 2.984786574782017e-008 2.943626289983427e-008 2.900732848294132e-008 2.856225334065585e-008 2.810495508370046e-008 2.763879086529901e-008 2.715852387639315e-008 2.666655452472691e-008 2.616630412908866e-008 2.565703072565641e-008 2.513661724400389e-008 2.460101361562021e-008 2.405058763938489e-008 2.34932680607035e-008 2.292792023647525e-008 2.234835147299625e-008 2.175600847545233e-008 2.115994640936629e-008 2.056034964787094e-008 1.995364619996087e-008 1.9341007906587e-008 1.872535662703692e-008 1.810582405064235e-008 1.748236748185505e-008 1.685572688992115e-008 1.622915990211843e-008 1.560005942546583e-008 1.496982574191315e-008 1.434252429895686e-008 1.371476080052238e-008 1.30834590579843e-008 1.245074054964667e-008 1.181813283123848e-008 1.118281121790752e-008 1.054304595602005e-008 9.899759975184948e-009 9.254471861893673e-009 8.60636839282902e-009
3.138974489980163e-008 3.09784946869056e-008 3.055292789094758e-008 3.011149727484742e-008 2.965365903257112e-008 2.918082790204727e-008 2.869631895252193e-008 2.820138079981859e-008 2.769556727570034e-008 2.717690328101774e-008 2.664939289139699e-008 2.611477110043781e-008 2.556344722711186e-008 2.498993428151788e-008 2.440736000653087e-008 2.382015310581448e-008 2.3219448264257e-008 2.260063345144296e-008 2.19761905166814e-008 2.13504893634595e-008 2.071815758989285e-008 2.007766922178885e-008 1.943450410997136e-008 1.878928865837349e-008 1.814002717467061e-008 1.748554539524075e-008 1.682957594543845e-008 1.6171927789353e-008 1.5515675084855e-008 1.486207490261426e-008 1.420927953580481e-008 1.355334040352685e-008 1.289679705341616e-008 1.224114602042393e-008 1.158227285923746e-008 1.091830277615364e-008 1.025235290729298e-008 9.584610708213041e-009 8.913233249471808e-009
3.252032915884711e-008 3.209998493174119e-008 3.166345710204129e-008 3.120691005960914e-008 3.073301387641925e-008 3.025039262069528e-008 2.975004293467785e-008 2.923693435167021e-008 2.871457752791481e-008 2.818325575621307e-008 2.764183220648163e-008 2.708694626849098e-008 2.651569325502212e-008 2.592700804712317e-008 2.532407098080581e-008 2.470942017402975e-008 2.408486804689362e-008 2.34449772270276e-008 2.279474690311773e-008 2.213986740235044e-008 2.148089775559225e-008 2.08136287569108e-008 2.014305517445e-008 1.947115477689722e-008 1.879514363371925e-008 1.811331199406057e-008 1.742913690715761e-008 1.674419709052668e-008 1.606189714472513e-008 1.538017205797202e-008 1.470175961292575e-008 1.402359041923288e-008 1.334345813205813e-008 1.26644898689443e-008 1.198165808700518e-008 1.129362097632782e-008 1.060472007038239e-008 9.914273731125547e-009 9.219105428901329e-009
3.363985930672578e-008 3.320835105751759e-008 3.276299015177664e-008 3.230051655990693e-008 3.18137161984978e-008 3.131141494178655e-008 3.079427124136416e-008 3.026637750478292e-008 2.972866869155086e-008 2.918315738113184e-008 2.862708526037971e-008 2.805271623930657e-008 2.746040512645096e-008 2.685449641199895e-008 2.62346942723134e-008 2.559835748488727e-008 2.494582443220949e-008 2.428279212525018e-008 2.361123456917638e-008 2.293030291412454e-008 2.224168405160686e-008 2.154724685318669e-008 2.084955249527689e-008 2.014975986045239e-008 1.944627321683752e-008 1.873897030571084e-008 1.80302259408262e-008 1.731807859605714e-008 1.660703652658643e-008 1.589710715676761e-008 1.519287487845386e-008 1.449300435355189e-008 1.379208943846167e-008 1.308949475245342e-008 1.238210874843453e-008 1.167136246196921e-008 1.09591400632886e-008 1.024387520203749e-008 9.524317858814239e-009
