data/bds_gridfiles/version0/BDSX-R100-Q21W34S0.grd
DSAA
361 181
-180 180
-90 90
-7.3655690972345E-008 7.1456998724183E-008
[rows 51 to 67 of 181, columns 234 to 272 of 361]
-4.344614657465174e-008 -4.244020152630537e-008 -4.140790985658597e-008 -4.034955784724581e-008 -3.927515363857614e-008 -3.817968903813453e-008 -3.705657524399879e-008 -3.59248155994866e-008 -3.478700952537837e-008 -3.363561776265684e-008 -3.24736115798979e-008 -3.130057752182081e-008 -3.012101383521148e-008 -2.892405617134191e-008 -2.771432910255682e-008 -2.649826305057005e-008 -2.526830230273182e-008 -2.402803675554039e-008 -2.278860063505503e-008 -2.154773937895779e-008 -2.030032357286996e-008 -1.904159460961513e-008 -1.777331521549692e-008 -1.650485143147281e-008 -1.523382162729478e-008 -1.39583391859123e-008 -1.268813433948222e-008 -1.141752261048231e-008 -1.015004370582133e-008 -8.887925285711298e-009 -7.630785388197898e-009 -6.376105496731551e-009 -5.133303278923652e-009 -3.884378736159546e-009 -2.618632285004167e-009 -1.313040419942985e-009 -6.926302724533063e-011 1.114012499645374e-009 2.232448849791894e-009
-4.410867746627006e-008 -4.30797666654027e-008 -4.202699021397165e-008 -4.095728579809918e-008 -3.986777237568571e-008 -3.875705756770484e-008 -3.762419528732326e-008 -3.647839652763281e-008 -3.531830329626694e-008 -3.414105833841971e-008 -3.295644847900308e-008 -3.176569698756235e-008 -3.056369601798838e-008 -2.934897454168394e-008 -2.812225424374243e-008 -2.688493955554121e-008 -2.564000318998004e-008 -2.438664576754411e-008 -2.312910426864786e-008 -2.186545591675809e-008 -2.05955652425066e-008 -1.931906491243789e-008 -1.803562247952808e-008 -1.67499860370123e-008 -1.545812577147911e-008 -1.416449379196073e-008 -1.287425819213569e-008 -1.158371477713778e-008 -1.029795297442136e-008 -9.015933981222974e-009 -7.739779017977896e-009 -6.468186891956202e-009 -5.205636405104235e-009 -3.932912105470229e-009 -2.640439914526096e-009 -1.308016529405479e-009 -3.700576675163186e-011 1.139641561030272e-009 2.264633646463195e-009
-4.47487331188956e-008 -4.3698593978019e-008 -4.262659002177837e-008 -4.154297401197329e-008 -4.043961177202392e-008 -3.931530070660952e-008 -3.816923050425621e-008 -3.700914902928986e-008 -3.583125847214236e-008 -3.463113826332499e-008 -3.342647545721137e-008 -3.221835467696705e-008 -3.099630124754294e-008 -2.976323333753455e-008 -2.851795939202853e-008 -2.726230552817653e-008 -2.600151511987123e-008 -2.473223007413379e-008 -2.345645242148265e-008 -2.217279707883063e-008 -2.088239105828501e-008 -1.958677047677095e-008 -1.828532571879441e-008 -1.698391563386658e-008 -1.56738996345821e-008 -1.436189092883943e-008 -1.305423735641294e-008 -1.174514906065289e-008 -1.044054136526993e-008 -9.140226522859828e-009 -7.844723782810861e-009 -6.553608751678123e-009 -5.274073944375529e-009 -3.983203285712282e-009 -2.678772979339535e-009 -1.327569414980169e-009 -2.986215779058071e-011 1.157120225544319e-009 2.295635075461339e-009
-4.536664940997469e-008 -4.429857920061613e-008 -4.321253374208792e-008 -4.211140603769664e-008 -4.099208473649954e-008 -3.985218490607766e-008 -3.869012390150959e-008 -3.751181092182963e-008 -3.631852799259123e-008 -3.510862274080206e-008 -3.388968911198526e-008 -3.266183196726608e-008 -3.142306406210118e-008 -3.016893574284685e-008 -2.890440393475428e-008 -2.763236572594095e-008 -2.635261181960628e-008 -2.506675310315543e-008 -2.377187638332402e-008 -2.246922480239224e-008 -2.116026644871607e-008 -1.984240884844818e-008 -1.851919276453644e-008 -1.720147455611934e-008 -1.58794524864573e-008 -1.455446420381353e-008 -1.32267318510245e-008 -1.190150414081366e-008 -1.057846013099368e-008 -9.259904827028012e-009 -7.94723655047794e-009 -6.640900543891964e-009 -5.335154992636481e-009 -4.032214226956009e-009 -2.729582138507774e-009 -1.421848123693377e-009 -8.10821543543502e-011 1.164588366032831e-009 2.347956153304359e-009
-4.5963127996419e-008 -4.487635758695504e-008 -4.377546238446194e-008 -4.266045566003485e-008 -4.15260231197491e-008 -4.037102544848101e-008 -3.919211026533645e-008 -3.799871563843367e-008 -3.679111298122859e-008 -3.556818529005364e-008 -3.433575537289457e-008 -3.309114817606061e-008 -3.183386550866903e-008 -3.056028920642438e-008 -2.927674954044309e-008 -2.798771727980924e-008 -2.6689885874726e-008 -2.538790602424631e-008 -2.407587428878355e-008 -2.275491329917932e-008 -2.142918118008429e-008 -2.00919078142827e-008 -1.87487177959865e-008 -1.741443807398052e-008 -1.607747890379426e-008 -1.473671360178698e-008 -1.339109859072556e-008 -1.204947793614159e-008 -1.070959477555546e-008 -9.372980653645915e-009 -8.042861900375117e-009 -6.720434182173466e-009 -5.392752673142041e-009 -4.067746791232536e-009 -2.748722291347313e-009 -1.44172300756945e-009 -7.981033290377485e-011 1.18272592079577e-009 2.383823096312007e-009
-4.652809687096698e-008 -4.54357339080866e-008 -4.432138330849051e-008 -4.319108459882117e-008 -4.204062227140164e-008 -4.086990738222116e-008 -3.967976485981117e-008 -3.847017004071378e-008 -3.724726331706039e-008 -3.601356255381816e-008 -3.476905607380677e-008 -3.350598091739709e-008 -3.222467925929796e-008 -3.093334616833962e-008 -2.963312000286759e-008 -2.832368272029023e-008 -2.701142973572002e-008 -2.569379103160526e-008 -2.436698598523785e-008 -2.303201182746229e-008 -2.169078075269682e-008 -2.033948230841933e-008 -1.898197530631787e-008 -1.762645217246257e-008 -1.626603869877291e-008 -1.49046960158671e-008 -1.354646641328294e-008 -1.218831915997671e-008 -1.083249816422352e-008 -9.477840796560968e-009 -8.128269296560915e-009 -6.793580196430365e-009 -5.460065711226574e-009 -4.101850721854993e-009 -2.688073997595289e-009 -1.289089473098006e-009 -2.06105259207815e-011 1.200537616685306e-009 2.408504936151798e-009
-4.707080892591645e-008 -4.597029736176861e-008 -4.484443664488631e-008 -4.370018668316998e-008 -4.253690019919152e-008 -4.135113604206125e-008 -4.014984564172816e-008 -3.892559051467485e-008 -3.768647307911881e-008 -3.644108728925281e-008 -3.518307454539166e-008 -3.390355111672687e-008 -3.260165460884489e-008 -3.129381893156217e-008 -2.997797599436336e-008 -2.864983074367977e-008 -2.732203371028879e-008 -2.59888438381895e-008 -2.464611604407731e-008 -2.329519037137605e-008 -2.194012662631876e-008 -2.05745957059677e-008 -1.920103164529692e-008 -1.782829017103759e-008 -1.644848917271778e-008 -1.50692351032027e-008 -1.369641196223163e-008 -1.232276080694383e-008 -1.095190272889669e-008 -9.580164627521912e-009 -8.213171259262133e-009 -6.865091617221086e-009 -5.520884779458128e-009 -4.146890720702158e-009 -2.688471741334402e-009 -1.252070779803811e-009 5.151843215490349e-012 1.21319631437439e-009 2.43263121613147e-009
-4.759424018158956e-008 -4.648129745852186e-008 -4.534602072225952e-008 -4.418949044207879e-008 -4.301393079305055e-008 -4.181884959792021e-008 -4.060363052432271e-008 -3.937229279668879e-008 -3.81174763635846e-008 -3.684938370085781e-008 -3.557122194719848e-008 -3.427887022868343e-008 -3.297011001085972e-008 -3.16461259180277e-008 -3.031426851250821e-008 -2.897285964731548e-008 -2.76251297111231e-008 -2.627272339952061e-008 -2.491137872252799e-008 -2.354233134714774e-008 -2.217202041560244e-008 -2.079405785016006e-008 -1.9409208656752e-008 -1.801753508681556e-008 -1.662438840663227e-008 -1.523242707412792e-008 -1.384318780794043e-008 -1.245445313741663e-008 -1.106570518577857e-008 -9.682854761056583e-009 -8.306083906684291e-009 -6.935775090620726e-009 -5.572344588271512e-009 -4.201732282822236e-009 -2.801691182022026e-009 -1.356993185410467e-009 -4.06516391047563e-011 1.228956089733943e-009 2.443976774103081e-009
-4.809054681977327e-008 -4.696741628493485e-008 -4.582119432561242e-008 -4.465374687058688e-008 -4.34657286801691e-008 -4.226056192659946e-008 -4.103370493833309e-008 -3.979248144978634e-008 -3.852531415250233e-008 -3.72366286692738e-008 -3.594332647843727e-008 -3.463856489098347e-008 -3.331810971706954e-008 -3.198034124558981e-008 -3.063340976126308e-008 -2.927895476131701e-008 -2.791377095684366e-008 -2.65450567096164e-008 -2.516599290675063e-008 -2.37803224990902e-008 -2.239493064471286e-008 -2.10038196868735e-008 -1.960571072127191e-008 -1.819819206878652e-008 -1.679087039373021e-008 -1.538523190347951e-008 -1.398126461580908e-008 -1.257838371908923e-008 -1.117430573966614e-008 -9.778515638361469e-009 -8.389238610211558e-009 -7.000450157230589e-009 -5.624152924873118e-009 -4.254667883973356e-009 -2.85738366152733e-009 -1.390226814179275e-009 -5.418835595927784e-011 1.236220459085771e-009 2.462978500279376e-009
-4.856312078567043e-008 -4.742678026290187e-008 -4.626769321329714e-008 -4.508824316525324e-008 -4.388670745942588e-008 -4.267002734655168e-008 -4.143394810704711e-008 -4.017831933787943e-008 -3.890405916305763e-008 -3.761136557263191e-008 -3.630287000618533e-008 -3.498050738788288e-008 -3.364477383084206e-008 -3.22927185252408e-008 -3.093179037390284e-008 -2.956454879878209e-008 -2.818797885867163e-008 -2.680369194287566e-008 -2.541065671260326e-008 -2.401284519671423e-008 -2.26105182124661e-008 -2.120322233402034e-008 -1.978947535309413e-008 -1.836952747702505e-008 -1.694914267615597e-008 -1.552697666557637e-008 -1.410804979426013e-008 -1.269030681152863e-008 -1.127543304466043e-008 -9.866834303239807e-009 -8.465362795718e-009 -7.069185812124914e-009 -5.679018715463479e-009 -4.270778599672486e-009 -2.810886239518345e-009 -1.328896901888563e-009 -9.62998441621599e-012 1.246717700408506e-009 2.498045139114485e-009
-4.901041894546061e-008 -4.78609746712036e-008 -4.669142217256047e-008 -4.550118618255061e-008 -4.428707145982549e-008 -4.305981985975274e-008 -4.181380712376801e-008 -4.054565000140828e-008 -3.926132410278818e-008 -3.796106112440428e-008 -3.664095030821699e-008 -3.530396701672724e-008 -3.39557481919714e-008 -3.258901512927625e-008 -3.121606642787607e-008 -2.983795216188263e-008 -2.844848389765877e-008 -2.70515736815715e-008 -2.564400586316383e-008 -2.423257212759772e-008 -2.281536997172932e-008 -2.139336770487111e-008 -1.996421479622536e-008 -1.853162229365892e-008 -1.70984151871266e-008 -1.566157672373201e-008 -1.422976167248034e-008 -1.279729839763792e-008 -1.137135969926435e-008 -9.948594022555549e-009 -8.535125454867373e-009 -7.126002652171174e-009 -5.725290979189167e-009 -4.308672045043216e-009 -2.828193072393572e-009 -1.323977421308757e-009 -1.280709114718328e-011 1.243687026630706e-009 2.516934391342454e-009
-4.94345183663157e-008 -4.826981573251276e-008 -4.708871430032912e-008 -4.589444936600893e-008 -4.467961775720558e-008 -4.343891027336362e-008 -4.217961341208927e-008 -4.089868114153046e-008 -3.959590923489848e-008 -3.828123064248993e-008 -3.695517025684425e-008 -3.561159616372807e-008 -3.424909534467296e-008 -3.287141629211972e-008 -3.14890517354554e-008 -3.010066102912681e-008 -2.870049331419756e-008 -2.728756522405284e-008 -2.586827424658574e-008 -2.444146746683139e-008 -2.300980803047032e-008 -2.157264335752799e-008 -2.01278864604979e-008 -1.868330367741882e-008 -1.723692075819125e-008 -1.578953701119751e-008 -1.434376088519561e-008 -1.289795354148463e-008 -1.145863792101022e-008 -1.002281374322276e-008 -8.596187718545004e-009 -7.179987683375091e-009 -5.760758357478069e-009 -4.34733583216455e-009 -2.928019769826843e-009 -1.473013090326287e-009 -1.025269517135482e-010 1.216129464747705e-009 2.516163886224961e-009
-4.983661416412048e-008 -4.865606931779555e-008 -4.746428652062207e-008 -4.62675993346814e-008 -4.504681148913677e-008 -4.379327925909423e-008 -4.252209693919314e-008 -4.123108621281599e-008 -3.991219088349946e-008 -3.858528073916078e-008 -3.725222797657224e-008 -3.590091403581758e-008 -3.452725143526844e-008 -3.313716079021034e-008 -3.174590430139991e-008 -3.034748313447109e-008 -2.893538478402205e-008 -2.750753781068602e-008 -2.607683126121387e-008 -2.463682534954045e-008 -2.319265654798342e-008 -2.174313323868875e-008 -2.028489117722503e-008 -1.882980761768304e-008 -1.737239273847677e-008 -1.59136020728645e-008 -1.445698975431715e-008 -1.299781806907027e-008 -1.154651440213431e-008 -1.009736238992421e-008 -8.657339235832663e-009 -7.230322534988695e-009 -5.79724582543877e-009 -4.383224594381123e-009 -2.970241045996406e-009 -1.508988645742278e-009 -1.185672903168528e-010 1.214739468606618e-009 2.533153466767972e-009
-5.020546477384418e-008 -4.903428155200772e-008 -4.783392652821041e-008 -4.661843778875321e-008 -4.538001639885632e-008 -4.411560631016e-008 -4.283565149333419e-008 -4.153815980609212e-008 -4.021957419277846e-008 -3.888141567226885e-008 -3.75328599172952e-008 -3.616875287562657e-008 -3.478751296360623e-008 -3.339350167467198e-008 -3.199064438256058e-008 -3.057689925459918e-008 -2.914722998415384e-008 -2.770833956406118e-008 -2.626681921301149e-008 -2.481632383827978e-008 -2.336226100914468e-008 -2.190125764748735e-008 -2.043789640438472e-008 -1.897327096049801e-008 -1.750773104942971e-008 -1.603813304342083e-008 -1.457203610102853e-008 -1.310151449235229e-008 -1.163644900866067e-008 -1.017495457639568e-008 -8.719426266513453e-009 -7.277085958075841e-009 -5.851974514891955e-009 -4.408611832319903e-009 -2.905927249530599e-009 -1.391550374596731e-009 -3.219727077470632e-011 1.26962296595825e-009 2.571852265262601e-009
-5.055506257063633e-008 -4.938184984648135e-008 -4.817437494708926e-008 -4.694416903148538e-008 -4.569283266089894e-008 -4.441615070824649e-008 -4.312877539369315e-008 -4.182657193711861e-008 -4.050282898237988e-008 -3.915445631597619e-008 -3.779461982849276e-008 -3.64203453514728e-008 -3.503037224243326e-008 -3.362942347968981e-008 -3.221588206273478e-008 -3.079093975049137e-008 -2.934644054391007e-008 -2.789803718029442e-008 -2.644770097051888e-008 -2.498720143396597e-008 -2.35241600463967e-008 -2.205265493001981e-008 -2.058074191954144e-008 -1.910694938405429e-008 -1.763116419815568e-008 -1.615176853971526e-008 -1.467563591599923e-008 -1.319635378053002e-008 -1.171962696644848e-008 -1.024847643655352e-008 -8.777830436435168e-009 -7.321296521655164e-009 -5.891977212231312e-009 -4.434474560687393e-009 -2.879789225944631e-009 -1.341149540585772e-009 2.403065778369524e-011 1.299901971387138e-009 2.604313967705445e-009
-5.08828486497786e-008 -4.969806624546147e-008 -4.848395790046095e-008 -4.724011267364428e-008 -4.597871392992805e-008 -4.470232117032915e-008 -4.340862663166428e-008 -4.20926926482572e-008 -4.07561463556248e-008 -3.940374952708566e-008 -3.803507940809349e-008 -3.665299342067182e-008 -3.52572188481223e-008 -3.384717265758593e-008 -3.241966078472903e-008 -3.09804996761538e-008 -2.953572581970309e-008 -2.80837423374482e-008 -2.662253243534771e-008 -2.515410467557805e-008 -2.368031583381191e-008 -2.21998412953108e-008 -2.07173865753217e-008 -1.922922229585051e-008 -1.774038713624786e-008 -1.625180477420692e-008 -1.476367400118819e-008 -1.327951109176213e-008 -1.17971549878235e-008 -1.03166178794612e-008 -8.838437061173108e-009 -7.372464207006129e-009 -5.92439339724035e-009 -4.447224482166527e-009 -2.890949435870437e-009 -1.35563358642645e-009 3.206245283918248e-011 1.322582124844224e-009 2.625118708371909e-009
-5.118423257370349e-008 -4.998822526798853e-008 -4.876796719839614e-008 -4.751186004748281e-008 -4.624524708922022e-008 -4.496624991627875e-008 -4.366684255362856e-008 -4.234061992072291e-008 -4.099296094963541e-008 -3.963425500915391e-008 -3.825754315056716e-008 -3.686806399880378e-008 -3.546539998939135e-008 -3.404797270448835e-008 -3.260906193480287e-008 -3.115973248813044e-008 -2.971066479669557e-008 -2.825284994028431e-008 -2.678331568678787e-008 -2.530536442939894e-008 -2.382231465325178e-008 -2.233209672000727e-008 -2.084013882166905e-008 -1.934017323901205e-008 -1.784050268784051e-008 -1.634082413307971e-008 -1.484516303880194e-008 -1.335484717227909e-008 -1.186648196610201e-008 -1.037826846525657e-008 -8.889349736561967e-009 -7.412191612969014e-009 -5.958443482694431e-009 -4.485397599544433e-009 -2.931467590075248e-009 -1.37122374824673e-009 1.916846389162738e-011 1.319146314026001e-009 2.637144027921618e-009
