data/bds_gridfiles/version0/BDSX-R100-Q21W34S0.grd
DSAA
361 181
-180 180
-90 90
-7.3655690972345E-008 7.1456998724183E-008
[rows 34 to 50 of 181, columns 273 to 311 of 361]
2.258852803154984e-009 3.048176488199542e-009 3.82078764662587e-009 4.584853412914335e-009 5.344270559992971e-009 6.105523541850039e-009 6.86853682463814e-009 7.632455398145553e-009 8.396480877447727e-009 9.156079549379629e-009 9.91331757344777e-009 1.066880867787168e-008 1.142069446084092e-008 1.217163252266901e-008 1.291875119284881e-008 1.365841095435459e-008 1.439380559894268e-008 1.512176459529856e-008 1.584938710795563e-008 1.657979136674118e-008 1.731621835924841e-008 1.805735984724077e-008 1.879967839385652e-008 1.953963689677361e-008 2.027297962518035e-008 2.100429294423234e-008 2.17295761371353e-008 2.245004671887732e-008 2.316877864310832e-008 2.388458103669371e-008 2.459733569351513e-008 2.528680165939343e-008 2.596406539159982e-008 2.663072161774281e-008 2.728198548868183e-008 2.791768190877042e-008 2.853840322145401e-008 2.914296958994603e-008 2.973240521439341e-008
2.350196602842319e-009 3.148994642226806e-009 3.942153413313559e-009 4.725106617036977e-009 5.5074716923473e-009 6.292339122224232e-009 7.079731350317541e-009 7.868022039990725e-009 8.654956581317586e-009 9.438163334804255e-009 1.022018003545764e-008 1.099833425104087e-008 1.177213038189899e-008 1.254612127046565e-008 1.331628282900595e-008 1.407984881431363e-008 1.483960274239951e-008 1.5590882637233e-008 1.634357042238532e-008 1.710110629853855e-008 1.786418948361448e-008 1.86318101978885e-008 1.940061616462559e-008 2.016644396592346e-008 2.092484408407278e-008 2.168210462871847e-008 2.243654217176296e-008 2.318550273638187e-008 2.393467093358385e-008 2.467690821485501e-008 2.540805706718834e-008 2.611886146274677e-008 2.681748404298112e-008 2.750398959642442e-008 2.817370713334863e-008 2.883074325927531e-008 2.94715632926148e-008 3.00924509456403e-008 3.069882726883064e-008
2.436841026334901e-009 3.25045347790293e-009 4.056859314620133e-009 4.861253291819895e-009 5.670138528526688e-009 6.479304761927514e-009 7.290522213732289e-009 8.101036104079173e-009 8.9095992003193e-009 9.717913248939175e-009 1.05246471985227e-008 1.13259758726214e-008 1.212380555090565e-008 1.291988127095126e-008 1.371165583065606e-008 1.449756213461438e-008 1.527714474959632e-008 1.605364333981113e-008 1.683690151259018e-008 1.762287296069528e-008 1.841464685448337e-008 1.920681999876402e-008 1.999675765625606e-008 2.078699269173282e-008 2.15733106372641e-008 2.235901837797177e-008 2.314526434053144e-008 2.392769758689276e-008 2.469785037677651e-008 2.545877838069212e-008 2.620808010629926e-008 2.693928126099699e-008 2.766043527886496e-008 2.837016527060058e-008 2.906074106549028e-008 2.973396723289449e-008 3.039443838103028e-008 3.103715405791639e-008 3.166301345001078e-008
2.502178987615665e-009 3.339100261751594e-009 4.167105631728333e-009 4.996547570978167e-009 5.8298957885456e-009 6.663539542982275e-009 7.497493279548716e-009 8.330384637225125e-009 9.161308135642487e-009 9.992960823464895e-009 1.082344206367969e-008 1.164822174290152e-008 1.246977571589859e-008 1.328854399496618e-008 1.410331841934161e-008 1.491200718458734e-008 1.571546895592609e-008 1.651874576285655e-008 1.732886903572757e-008 1.814204178059299e-008 1.895953260095341e-008 1.977681979952007e-008 2.059188381435507e-008 2.140875656201025e-008 2.222321823983479e-008 2.303768785272901e-008 2.385229029516735e-008 2.465939607506841e-008 2.54518572744781e-008 2.623749812045509e-008 2.700573277564275e-008 2.775532112148537e-008 2.849841676198543e-008 2.922868239142798e-008 2.993663310519225e-008 3.062708492219186e-008 3.130552369968435e-008 3.196194947686345e-008 3.260001486620745e-008
2.532695943775328e-009 3.410332237916382e-009 4.273755532951682e-009 5.131288518017275e-009 5.988018999844459e-009 6.84538645249795e-009 7.700905539170099e-009 8.55585007373294e-009 9.409271470576152e-009 1.026231137496368e-008 1.111629856650953e-008 1.196519258680562e-008 1.280970597874668e-008 1.365242530675529e-008 1.448952736884649e-008 1.532294190036419e-008 1.615470638092747e-008 1.698472460657932e-008 1.78208215619534e-008 1.865893619373671e-008 1.949930958381543e-008 2.034242487334095e-008 2.118526616598624e-008 2.203001600235648e-008 2.287760022450352e-008 2.372043572600819e-008 2.455413911312291e-008 2.538732847945439e-008 2.620954624232364e-008 2.701067850694424e-008 2.779786030814947e-008 2.857270469567518e-008 2.93317286637146e-008 3.007600725924447e-008 3.08065512737936e-008 3.151825980244681e-008 3.220316222776408e-008 3.286710730428606e-008 3.351472673980149e-008
2.589905047491566e-009 3.495068790708952e-009 4.382784806785307e-009 5.262233732652209e-009 6.143007075004851e-009 7.023908258608888e-009 7.902086218796063e-009 8.779528620960721e-009 9.65536085732609e-009 1.053081097023241e-008 1.140720948921281e-008 1.227961949503437e-008 1.314732554703734e-008 1.401305997011886e-008 1.487266950665783e-008 1.573114614057017e-008 1.658844425624957e-008 1.744511177655266e-008 1.830674812410729e-008 1.917070815233645e-008 2.00368704311212e-008 2.090630987122303e-008 2.17755432598532e-008 2.264833760081729e-008 2.35241787927657e-008 2.438927106675372e-008 2.524784017373985e-008 2.610381069424487e-008 2.694431631223723e-008 2.776566568736626e-008 2.857437494303385e-008 2.93672146451763e-008 3.014290809647742e-008 3.090464677188856e-008 3.165103399088798e-008 3.237802465216417e-008 3.30777890395033e-008 3.375542731890556e-008 3.442062117270266e-008
2.692223321093078e-009 3.592260206263684e-009 4.490706014170668e-009 5.390762259396528e-009 6.294865266725344e-009 7.199154317071002e-009 8.10144291119511e-009 9.001143374708139e-009 9.900568474072754e-009 1.079910092861012e-008 1.169589011806667e-008 1.259176684650469e-008 1.348410904109413e-008 1.437126817041626e-008 1.525236183949005e-008 1.61332099720738e-008 1.701669069428683e-008 1.790023288722329e-008 1.878766261902789e-008 1.967823008694841e-008 2.057139416761205e-008 2.146797071100073e-008 2.236380158453575e-008 2.326258387509492e-008 2.416447219150119e-008 2.505394819411172e-008 2.59338271435664e-008 2.680740653774081e-008 2.76609167877135e-008 2.850390090833665e-008 2.933423162563375e-008 3.014386425347665e-008 3.093643806694075e-008 3.171332353353107e-008 3.247124404102687e-008 3.321123325816268e-008 3.393113179094072e-008 3.462706242634171e-008 3.531039333931587e-008
2.776515517153548e-009 3.689427323644364e-009 4.600527085761422e-009 5.520403217544442e-009 6.445723533566521e-009 7.372271175580064e-009 8.296893895142849e-009 9.218993636674764e-009 1.01414280371909e-008 1.106167453524537e-008 1.198050825046058e-008 1.289849319266531e-008 1.381360376491805e-008 1.472341476323214e-008 1.562692000353855e-008 1.65325899250471e-008 1.744148747833414e-008 1.835051828171645e-008 1.926445861911201e-008 2.018158486779362e-008 2.110270490529383e-008 2.202545763824937e-008 2.294572357598907e-008 2.387214792720921e-008 2.479687837165439e-008 2.570676258326967e-008 2.661041642753185e-008 2.750281018489341e-008 2.837200783392599e-008 2.923314914342974e-008 3.008063893682129e-008 3.090683267799236e-008 3.171495205711e-008 3.250510090279842e-008 3.328164593539326e-008 3.403865292132525e-008 3.477439378377678e-008 3.549082710558513e-008 3.619199244723112e-008
2.838807797329351e-009 3.77546868064454e-009 4.711249227134136e-009 5.653266873245736e-009 6.596158119880007e-009 7.542286706000558e-009 8.487493339519616e-009 9.432942582836101e-009 1.037800102396907e-008 1.13201770553408e-008 1.22609747623997e-008 1.319921134680032e-008 1.413507535334819e-008 1.506803133598457e-008 1.599616862570864e-008 1.692790928355963e-008 1.786142768682459e-008 1.879664612698042e-008 1.973629763940635e-008 2.068070500518238e-008 2.163173363712794e-008 2.258038092900215e-008 2.352621291609545e-008 2.447847444625578e-008 2.542078501804624e-008 2.635337129454137e-008 2.728072045292787e-008 2.818994480853899e-008 2.907811951189972e-008 2.995419998909455e-008 3.08158510753408e-008 3.165545204377311e-008 3.247648849769338e-008 3.328206211548782e-008 3.407746039535217e-008 3.485406977324129e-008 3.560920743806932e-008 3.634545049177723e-008 3.706565521939419e-008
2.896133373454217e-009 3.855280606761276e-009 4.815455685466496e-009 5.779324701837326e-009 6.74246175213958e-009 7.709430593396777e-009 8.675676998826281e-009 9.642752266017622e-009 1.060992191765584e-008 1.157385365283513e-008 1.253635628880849e-008 1.349586315840371e-008 1.445386902866339e-008 1.540924997847405e-008 1.636270798357964e-008 1.731963413901022e-008 1.827833336520966e-008 1.923928496890478e-008 2.020429848532263e-008 2.11749392549765e-008 2.21510784913791e-008 2.312396056645618e-008 2.409637857541264e-008 2.507101950492955e-008 2.603290057450294e-008 2.69879655074411e-008 2.793329003109028e-008 2.885869164298402e-008 2.976447192820385e-008 3.065493841925853e-008 3.153325352346277e-008 3.238912740410525e-008 3.323111764701581e-008 3.405733177348994e-008 3.486978010368864e-008 3.566387199166718e-008 3.643643694850372e-008 3.719063499637253e-008 3.792682501400779e-008
2.939508480736345e-009 3.92918022091815e-009 4.913337906093347e-009 5.898377811677027e-009 6.884689166130456e-009 7.872238754724464e-009 8.860587914651349e-009 9.847999688106107e-009 1.083698866852623e-008 1.182359697768679e-008 1.280706723847232e-008 1.378789951567304e-008 1.476750763724485e-008 1.574727396272638e-008 1.672603807091763e-008 1.77077375731774e-008 1.869210217571107e-008 1.967879355104062e-008 2.067055517609098e-008 2.166358647272951e-008 2.266164241052189e-008 2.366008670510681e-008 2.465501063458984e-008 2.565305549583035e-008 2.663854052679908e-008 2.760954421812255e-008 2.857011266214804e-008 2.95112677420492e-008 3.043466140648354e-008 3.133708112430034e-008 3.22243701218639e-008 3.310749640523085e-008 3.397959193044339e-008 3.483234015369612e-008 3.565793141599815e-008 3.646725489756838e-008 3.725780032371726e-008 3.802687365285698e-008 3.877692075542614e-008
2.994467623739129e-009 4.007114752452518e-009 5.010585492349305e-009 6.016634359964422e-009 7.0243777843993e-009 8.032854146293886e-009 9.042406717920497e-009 1.005033769941896e-008 1.106040743010678e-008 1.206789609218397e-008 1.30721753591769e-008 1.407338142132089e-008 1.50763431690828e-008 1.608027771662877e-008 1.708376057546247e-008 1.809030685638401e-008 1.909989163962524e-008 2.011304943982571e-008 2.112734558349204e-008 2.21436676897625e-008 2.316514367581738e-008 2.418562984581339e-008 2.520410584566561e-008 2.622413932825328e-008 2.722715006813666e-008 2.821716985583409e-008 2.919436087872586e-008 3.015286004753638e-008 3.109324740204216e-008 3.201393301695788e-008 3.292170109700011e-008 3.382574960354527e-008 3.471756901572557e-008 3.558785237019637e-008 3.643218264219088e-008 3.725868030175524e-008 3.806392755391343e-008 3.885080755011667e-008 3.961136589932648e-008
3.063468025884968e-009 4.089581024720449e-009 5.107932955775683e-009 6.131929797075193e-009 7.159808118179532e-009 8.191910059727313e-009 9.222058270014121e-009 1.025093978219942e-008 1.128016144233916e-008 1.230662939562752e-008 1.333027160479145e-008 1.435257495117359e-008 1.537873595869481e-008 1.640678179958788e-008 1.743610455561792e-008 1.846746631950646e-008 1.950327062377173e-008 2.054247738580789e-008 2.157800083247973e-008 2.261764412809164e-008 2.365899217532034e-008 2.47029117207172e-008 2.574973872784692e-008 2.678336779731944e-008 2.780368001852652e-008 2.881318089579496e-008 2.980653852167846e-008 3.078101496320849e-008 3.173908389382283e-008 3.268578786843337e-008 3.361975335264125e-008 3.454431652467125e-008 3.544654604434434e-008 3.633066302408748e-008 3.719219416617556e-008 3.803600255787128e-008 3.886338296712824e-008 3.966485556723781e-008 4.043103292922898e-008
3.127699835166021e-009 4.170874838808173e-009 5.203767238746134e-009 6.24651264402885e-009 7.293120942853765e-009 8.345993293566648e-009 9.396270988191579e-009 1.044571952485159e-008 1.149454870466358e-008 1.254055888986529e-008 1.358283471504169e-008 1.462759188431131e-008 1.567654513109293e-008 1.672853311930255e-008 1.778204215942805e-008 1.883721125758156e-008 1.989672055887597e-008 2.095843513131233e-008 2.201809667567001e-008 2.308070755019692e-008 2.414194008211564e-008 2.520934161250661e-008 2.627518148664389e-008 2.73251216975357e-008 2.836295840395124e-008 2.939051635376865e-008 3.040313650859938e-008 3.139640864547523e-008 3.237674054904029e-008 3.334620143263321e-008 3.430505555350943e-008 3.524473951572552e-008 3.61655168167925e-008 3.706752294814935e-008 3.794188507910102e-008 3.880225848866987e-008 3.964251703097315e-008 4.045226185172248e-008 4.122865192375404e-008
3.188024281693718e-009 4.24646690665333e-009 5.296856863606526e-009 6.357528657183175e-009 7.423887938785914e-009 8.494116079615157e-009 9.56371059440668e-009 1.063540474922155e-008 1.170428207728809e-008 1.276890730371611e-008 1.382937318609199e-008 1.489492730851213e-008 1.596859469070013e-008 1.704608442065205e-008 1.81228130243335e-008 1.920026075149046e-008 2.027996279731691e-008 2.136174511034428e-008 2.244787307421978e-008 2.353388460341265e-008 2.46180253676164e-008 2.57062971845902e-008 2.678388265763449e-008 2.785027119994593e-008 2.890464682611045e-008 2.994857061287655e-008 3.098280729226079e-008 3.19988706778336e-008 3.300332010043142e-008 3.399881396934911e-008 3.497978363528109e-008 3.593608877759609e-008 3.687692828494766e-008 3.779533939838925e-008 3.868635299680161e-008 3.955864258843396e-008 4.040381508309402e-008 4.121990839536276e-008 4.200438341178924e-008
3.243413501530567e-009 4.319652535686984e-009 5.387828357400715e-009 6.467257749532518e-009 7.552493628391015e-009 8.640995451982496e-009 9.728873772719592e-009 1.082003498247141e-008 1.190817405829322e-008 1.29917555723191e-008 1.40721179632312e-008 1.515955935721821e-008 1.62564444344189e-008 1.735724224700646e-008 1.845575985428923e-008 1.955574899613824e-008 2.065557203307252e-008 2.175818044496668e-008 2.286649527047777e-008 2.397234545164909e-008 2.507865264681616e-008 2.61859586941317e-008 2.727845745240652e-008 2.836064902577546e-008 2.943328447451067e-008 3.049792878503665e-008 3.155436907587068e-008 3.259228472523544e-008 3.36179757382565e-008 3.463535408890222e-008 3.563258955531335e-008 3.661004815957733e-008 3.756883635858127e-008 3.850013486445681e-008 3.940995435831135e-008 4.029306635421967e-008 4.114807284987101e-008 4.197625081508091e-008 4.277052262541125e-008
3.29644087456872e-009 4.388449159334956e-009 5.477410885813878e-009 6.575459889280248e-009 7.679244235849596e-009 8.787046896665198e-009 9.892647716006099e-009 1.099983640643324e-008 1.210515743615599e-008 1.320776745519433e-008 1.431082469076826e-008 1.542146643365274e-008 1.65405317962919e-008 1.766392860169449e-008 1.878310500806446e-008 1.990401336594074e-008 2.102557060913484e-008 2.214804764094312e-008 2.327400516632811e-008 2.439818698853051e-008 2.552720793492948e-008 2.665331168889403e-008 2.775978802423084e-008 2.885472375159136e-008 2.994544713624223e-008 3.103571580928426e-008 3.211861280104915e-008 3.317941236698292e-008 3.422369407444407e-008 3.525552290350548e-008 3.626938206376951e-008 3.726892598721311e-008 3.824282377270471e-008 3.919029984269441e-008 4.011444536568374e-008 4.101035234820018e-008 4.187892700072985e-008 4.271933200362269e-008 4.352769406929678e-008
