data/bds_gridfiles/version0/BDSX-R100-Q21W34S0.grd
DSAA
361 181
-180 180
-90 90
-7.3655690972345E-008 7.1456998724183E-008
[rows 102 to 118 of 181, columns 234 to 272 of 361]
-5.266242125540764e-008 -5.141445328027149e-008 -5.011648218156096e-008 -4.877746278730935e-008 -4.740363794592797e-008 -4.599972390344325e-008 -4.458650161070176e-008 -4.31746982073368e-008 -4.177245937226466e-008 -4.037552248523502e-008 -3.897832368021001e-008 -3.757681433775561e-008 -3.615756974038025e-008 -3.472573090728237e-008 -3.326885869900736e-008 -3.178231875311508e-008 -3.027311413862271e-008 -2.873804339666112e-008 -2.719769511701203e-008 -2.565493529988172e-008 -2.411543875341549e-008 -2.258188542684671e-008 -2.105556389473132e-008 -1.952633728969949e-008 -1.799962947863221e-008 -1.6477522108001e-008 -1.496613632418993e-008 -1.347053078995559e-008 -1.198997148106584e-008 -1.051394822026257e-008 -9.04368766112572e-009 -7.574170844028482e-009 -6.111023657417797e-009 -4.644878140327378e-009 -3.177175628720293e-009 -1.689925453832748e-009 -1.782775309312761e-010 1.303229757247442e-009 2.760732774054468e-009
-5.260157044506144e-008 -5.135750928204534e-008 -5.005680737711382e-008 -4.872233002420485e-008 -4.735907635313167e-008 -4.596774897780989e-008 -4.455613969117666e-008 -4.314043346752188e-008 -4.173587170637505e-008 -4.033434610338228e-008 -3.893450457444376e-008 -3.753614342261028e-008 -3.61113590694562e-008 -3.467735132953134e-008 -3.322093924627306e-008 -3.173676058145713e-008 -3.023330548780708e-008 -2.869925619988304e-008 -2.716463334532375e-008 -2.563086365525974e-008 -2.409853515375697e-008 -2.256604491010333e-008 -2.104257628712095e-008 -1.951634473981698e-008 -1.799205656445083e-008 -1.647299388828761e-008 -1.496282576021384e-008 -1.346817927640771e-008 -1.198575976873788e-008 -1.051029846075862e-008 -9.04379903668168e-009 -7.575587459657739e-009 -6.110949297910782e-009 -4.642701023801183e-009 -3.171621838517872e-009 -1.672275707243409e-009 -1.438368224003101e-010 1.32435133553101e-009 2.776797253726224e-009
-5.252294160534549e-008 -5.127231883047363e-008 -4.997971417249901e-008 -4.865706637812356e-008 -4.730182964916181e-008 -4.590815443464056e-008 -4.449994013769608e-008 -4.308798760332012e-008 -4.168054386401407e-008 -4.027895141719704e-008 -3.887914205346201e-008 -3.74651676829971e-008 -3.603259041280078e-008 -3.459884648699655e-008 -3.315545100401029e-008 -3.16813863109355e-008 -3.01798596607465e-008 -2.866067414065381e-008 -2.712694163695064e-008 -2.559410495705046e-008 -2.405884010803084e-008 -2.252835735373608e-008 -2.101194332741862e-008 -1.94962823388071e-008 -1.79748493600874e-008 -1.645624912939776e-008 -1.495102167247458e-008 -1.34588144215236e-008 -1.197638919572057e-008 -1.050304461361641e-008 -9.033568729047749e-009 -7.568221440793504e-009 -6.105314731892931e-009 -4.650921890952586e-009 -3.162397071152263e-009 -1.602058545056748e-009 -6.126961023858975e-011 1.386580794486711e-009 2.804288983988902e-009
-5.242457442852725e-008 -5.116785470850281e-008 -4.988039581047394e-008 -4.856846249755747e-008 -4.722234379778401e-008 -4.582726214747435e-008 -4.44218717870308e-008 -4.301575432974791e-008 -4.160670654807542e-008 -4.020582859531379e-008 -3.880688862790592e-008 -3.738507753258018e-008 -3.594409569995143e-008 -3.451045879809486e-008 -3.307967789667133e-008 -3.161079424012035e-008 -3.011273276325442e-008 -2.860297603461055e-008 -2.707289110022629e-008 -2.554456382092386e-008 -2.40092892184463e-008 -2.248130380404166e-008 -2.097128924376975e-008 -1.94646838178137e-008 -1.794687584792889e-008 -1.643055944844473e-008 -1.493066676498344e-008 -1.344158086773068e-008 -1.19609552306423e-008 -1.048984037261412e-008 -9.020491032387342e-009 -7.555363829363554e-009 -6.091815905645077e-009 -4.646466906751223e-009 -3.155710288378675e-009 -1.56331817166392e-009 -2.16579277955875e-011 1.417888756531658e-009 2.814245412664972e-009
-5.229535218329549e-008 -5.105460129053621e-008 -4.977382478035745e-008 -4.845403899331105e-008 -4.710551226086304e-008 -4.572271857541491e-008 -4.43263878525429e-008 -4.29240035606738e-008 -4.152127108617676e-008 -4.011760619375471e-008 -3.871074927233697e-008 -3.729072461751402e-008 -3.586203874807893e-008 -3.442811887209072e-008 -3.298970359465775e-008 -3.152374583491547e-008 -3.00297165318679e-008 -2.852362439573167e-008 -2.700470369908216e-008 -2.548133387453621e-008 -2.395035972166353e-008 -2.24282023247703e-008 -2.092119316247633e-008 -1.941689460646752e-008 -1.790704651863879e-008 -1.639829629339576e-008 -1.490202250787881e-008 -1.341578448509267e-008 -1.193892920008627e-008 -1.047096760615333e-008 -9.003532523607823e-009 -7.538816083503022e-009 -6.078767507235629e-009 -4.631375437386015e-009 -3.138556387896085e-009 -1.566946963075965e-009 -2.833116529769949e-011 1.416483703217531e-009 2.804748011572172e-009
-5.21443982669198e-008 -5.091306934056689e-008 -4.963897580538339e-008 -4.831587622330084e-008 -4.697246100898264e-008 -4.559518213897872e-008 -4.420713669220878e-008 -4.280972433947095e-008 -4.141272425415873e-008 -4.000991709887648e-008 -3.860127623662624e-008 -3.718275833440481e-008 -3.575822755776039e-008 -3.43243923965277e-008 -3.288766698774651e-008 -3.142338234607754e-008 -2.993061472799447e-008 -2.843086102662839e-008 -2.69196424165441e-008 -2.540630127906471e-008 -2.387993210579074e-008 -2.236411822013688e-008 -2.086492697680356e-008 -1.936487966022467e-008 -1.786000806197203e-008 -1.63568100341229e-008 -1.48671423431927e-008 -1.338506968635908e-008 -1.191258928441997e-008 -1.044873102504236e-008 -8.983754560047773e-009 -7.519156109857762e-009 -6.058087905139976e-009 -4.618624251538517e-009 -3.138851170996098e-009 -1.579753482053907e-009 -3.840421346606941e-011 1.389343265130372e-009 2.784807964950756e-009
-5.197385084450241e-008 -5.073689798747158e-008 -4.946369275405382e-008 -4.816085609602581e-008 -4.682588112220182e-008 -4.54496452127518e-008 -4.405687551399725e-008 -4.266964806350911e-008 -4.128073926846579e-008 -3.988186951949253e-008 -3.847332594507703e-008 -3.705605541292632e-008 -3.562963431449041e-008 -3.419717269277121e-008 -3.276260545760131e-008 -3.130460613152219e-008 -2.982213084460891e-008 -2.8324647046377e-008 -2.681813303606502e-008 -2.530545295172476e-008 -2.380040786517817e-008 -2.230310323756193e-008 -2.080459861933395e-008 -1.930340051766726e-008 -1.780559907115307e-008 -1.631108029135514e-008 -1.482725160095973e-008 -1.335152381576789e-008 -1.188469387136637e-008 -1.042016433842328e-008 -8.959406499841916e-009 -7.502897416337978e-009 -6.049706455881022e-009 -4.596949976245646e-009 -3.128212952781913e-009 -1.621666263494584e-009 -1.119828508150225e-010 1.332224280410029e-009 2.757511897433501e-009
-5.178003650710747e-008 -5.053844613788963e-008 -4.926882773977047e-008 -4.798043155546398e-008 -4.665802380479771e-008 -4.528227741227418e-008 -4.388677348703252e-008 -4.250910840960902e-008 -4.112982646555368e-008 -3.973374905917097e-008 -3.832736770990189e-008 -3.691419670864116e-008 -3.548761478126294e-008 -3.405643058187012e-008 -3.262719769533821e-008 -3.117638135196886e-008 -2.969955740960211e-008 -2.820698096870903e-008 -2.670579743313694e-008 -2.519961915228902e-008 -2.370808424757522e-008 -2.222470004791514e-008 -2.073135923737144e-008 -1.923205256877436e-008 -1.77410363892351e-008 -1.625333663574623e-008 -1.477683158193166e-008 -1.330765932029947e-008 -1.184728607764823e-008 -1.038734895483375e-008 -8.931046853023602e-009 -7.48067273910103e-009 -6.026788542755988e-009 -4.570331381872849e-009 -3.104080713677662e-009 -1.60485837076354e-009 -1.127915767908044e-010 1.31744545248757e-009 2.743242092385109e-009
-5.155664013476517e-008 -5.032906309647149e-008 -4.906701787263806e-008 -4.77758198504781e-008 -4.645080983642833e-008 -4.509329535022129e-008 -4.371151528842182e-008 -4.233300922058247e-008 -4.095105882920651e-008 -3.956149140508876e-008 -3.816591709975221e-008 -3.676011560092999e-008 -3.533702059616874e-008 -3.390785314100469e-008 -3.24792632375703e-008 -3.103857408356611e-008 -2.956897326554713e-008 -2.807549518799445e-008 -2.658263247519562e-008 -2.509134294538029e-008 -2.360708823664341e-008 -2.212481935226411e-008 -2.063909306394803e-008 -1.915042010619e-008 -1.766170569996515e-008 -1.618294341556163e-008 -1.471141099352407e-008 -1.325062871056071e-008 -1.179935626434954e-008 -1.034819193167103e-008 -8.899496129067127e-009 -7.452938995015962e-009 -6.011270958322097e-009 -4.550057915537454e-009 -3.029017772803009e-009 -1.469282026355756e-009 -2.55556218294534e-011 1.370245403891123e-009 2.750688669836059e-009
-5.131414992814155e-008 -5.00947659283626e-008 -4.883765229052415e-008 -4.755018853172974e-008 -4.622914478336486e-008 -4.488457269805509e-008 -4.350949327595655e-008 -4.213704169060036e-008 -4.075714131584899e-008 -3.937215370203228e-008 -3.798416523864631e-008 -3.658809951672611e-008 -3.516893817263394e-008 -3.37420713995051e-008 -3.232032556592302e-008 -3.08882286572253e-008 -2.942432627129809e-008 -2.793103898329535e-008 -2.644846378361309e-008 -2.496800073176322e-008 -2.349299545723427e-008 -2.201784198420042e-008 -2.054053824034444e-008 -1.906115967632452e-008 -1.757780208064263e-008 -1.610779145943098e-008 -1.46430719737625e-008 -1.318946520604981e-008 -1.17468950670602e-008 -1.0302588911189e-008 -8.860716286264563e-009 -7.418570860457053e-009 -5.987733800685095e-009 -4.529686426129181e-009 -2.990707029182663e-009 -1.407638218563335e-009 2.317854732442767e-011 1.386561732224221e-009 2.750251534043257e-009
-5.105414819040232e-008 -4.983708652828086e-008 -4.858242147723118e-008 -4.73017089290659e-008 -4.598990306563717e-008 -4.465196091678473e-008 -4.328724100942714e-008 -4.191998091988291e-008 -4.054704381505402e-008 -3.916803732953987e-008 -3.77790866253284e-008 -3.638109128907943e-008 -3.498078611897077e-008 -3.357463766419174e-008 -3.215394029427001e-008 -3.071790455132977e-008 -2.92596781639639e-008 -2.777620993429251e-008 -2.62981965860624e-008 -2.482951981095602e-008 -2.336445300445858e-008 -2.190272105016173e-008 -2.044078300658016e-008 -1.896875089023129e-008 -1.749361259182833e-008 -1.603028749354159e-008 -1.457511157438714e-008 -1.31286413411996e-008 -1.168623872996875e-008 -1.024739903352546e-008 -8.815248393131704e-009 -7.383238538900837e-009 -5.956640906939933e-009 -4.513280705789913e-009 -3.003438058758107e-009 -1.447619489850291e-009 5.375719197510165e-012 1.383515037261789e-009 2.72447096788013e-009
-5.076874459547756e-008 -4.95547675739228e-008 -4.830264722119057e-008 -4.703337901800406e-008 -4.572966184831809e-008 -4.440091028469902e-008 -4.304152186568471e-008 -4.168397882519908e-008 -4.031867496469621e-008 -3.894622171309092e-008 -3.755975464155156e-008 -3.61636421849292e-008 -3.477463401936556e-008 -3.338285940339006e-008 -3.196700060020897e-008 -3.053399326715084e-008 -2.90852284239946e-008 -2.760719999289061e-008 -2.613893033854589e-008 -2.468200718471545e-008 -2.322645259439489e-008 -2.177536459342486e-008 -2.032627899476966e-008 -1.886297334544592e-008 -1.739551248571011e-008 -1.594324659865381e-008 -1.449831121856096e-008 -1.30598674199042e-008 -1.162333324276038e-008 -1.019081247898889e-008 -8.766008800183183e-009 -7.339045519769331e-009 -5.920234614847912e-009 -4.496050793332262e-009 -3.00365118956091e-009 -1.448546030937108e-009 -7.256138581394829e-013 1.371056093456992e-009 2.706154272248751e-009
-5.044633343518309e-008 -4.924867313536772e-008 -4.801326181067292e-008 -4.674748249126136e-008 -4.545113774881889e-008 -4.412162163663416e-008 -4.277719314294238e-008 -4.142800767648115e-008 -4.007208844903273e-008 -3.87052109109071e-008 -3.732997214566213e-008 -3.594389682246485e-008 -3.455309472667245e-008 -3.315878585188362e-008 -3.175741904092117e-008 -3.03365841418563e-008 -2.889258888822129e-008 -2.743351639229664e-008 -2.597696018285481e-008 -2.452664795309959e-008 -2.307989720822162e-008 -2.163549391311979e-008 -2.018907070676546e-008 -1.873554731733205e-008 -1.728180735337521e-008 -1.584354420836431e-008 -1.441222942732644e-008 -1.298284086787688e-008 -1.155733905438944e-008 -1.013406095967941e-008 -8.715837630265751e-009 -7.29804439876203e-009 -5.885466990131024e-009 -4.446365342255063e-009 -2.953711209624274e-009 -1.416116335511514e-009 1.414715692114931e-011 1.36714917683159e-009 2.703578534133966e-009
-5.009952046233921e-008 -4.891584161525795e-008 -4.769281849837276e-008 -4.64342227526319e-008 -4.514893987323319e-008 -4.382153932502235e-008 -4.248883424834182e-008 -4.115224618094497e-008 -3.980458784085283e-008 -3.844638689397217e-008 -3.708027511822175e-008 -3.570254945030731e-008 -3.431266517285943e-008 -3.292136876184007e-008 -3.15308094739233e-008 -3.012271023242208e-008 -2.868709367093878e-008 -2.724138153523535e-008 -2.579838883369314e-008 -2.435787248484819e-008 -2.292112032747902e-008 -2.148515084329648e-008 -2.004838142098276e-008 -1.860407130469698e-008 -1.716196631399713e-008 -1.573761105693653e-008 -1.431892359293288e-008 -1.290028000064094e-008 -1.148497669584602e-008 -1.007129867218501e-008 -8.66078524558259e-009 -7.248320178278199e-009 -5.844904138799302e-009 -4.416751005971608e-009 -2.936946386582689e-009 -1.399499612796067e-009 1.259591654827712e-011 1.353030705895285e-009 2.687169938447867e-009
-4.973053148767805e-008 -4.855355176206366e-008 -4.733949488726068e-008 -4.608762269977336e-008 -4.480958392244452e-008 -4.35055595584482e-008 -4.218799912693426e-008 -4.085601643953698e-008 -3.951407676300024e-008 -3.816502222466226e-008 -3.680654666797116e-008 -3.543778352208753e-008 -3.405664224436414e-008 -3.267073185188531e-008 -3.128530008694717e-008 -2.988625034896327e-008 -2.846668678559984e-008 -2.703024046794843e-008 -2.559929246056358e-008 -2.417306788863334e-008 -2.274841475892053e-008 -2.132594483093989e-008 -1.990219462044948e-008 -1.847297547441504e-008 -1.704502612754361e-008 -1.562768284727706e-008 -1.421716580468176e-008 -1.281089645254513e-008 -1.140641024961847e-008 -1.000394112284106e-008 -8.601456373299677e-009 -7.198234919315691e-009 -5.798112954518802e-009 -4.39881755103089e-009 -2.959426444512389e-009 -1.45210415962598e-009 -3.128864399389347e-011 1.337398365195895e-009 2.657852554918613e-009
-4.933877093966426e-008 -4.816809871348751e-008 -4.696194250477813e-008 -4.571583784925249e-008 -4.445016847394756e-008 -4.316198506698734e-008 -4.185959497597612e-008 -4.053467954172597e-008 -3.920116238368321e-008 -3.786254330978614e-008 -3.651406450711706e-008 -3.515692496420253e-008 -3.378365300230931e-008 -3.240464259994977e-008 -3.102868232275761e-008 -2.964181649502633e-008 -2.823552392473573e-008 -2.680753845788575e-008 -2.539014256173722e-008 -2.397790365831612e-008 -2.256599826818439e-008 -2.115667287708348e-008 -1.974694371075257e-008 -1.833132379754795e-008 -1.691492234997643e-008 -1.550843699671469e-008 -1.410821438918275e-008 -1.271456062141265e-008 -1.13219075978051e-008 -9.930731919802162e-009 -8.53797645040004e-009 -7.141462269702968e-009 -5.74905494901345e-009 -4.369446356627056e-009 -2.951273683886895e-009 -1.444844533492626e-009 -4.024776840728167e-011 1.321442679616469e-009 2.631642041305556e-009
-4.892848311698504e-008 -4.776059318385042e-008 -4.655835544727761e-008 -4.532713723080288e-008 -4.40691829188592e-008 -4.279188943184693e-008 -4.149381634686805e-008 -4.018126394902173e-008 -3.886445027973103e-008 -3.753672930526857e-008 -3.62014335502074e-008 -3.485598234421935e-008 -3.349922146241549e-008 -3.213247073820783e-008 -3.076224098607311e-008 -2.938394903642852e-008 -2.799172294142042e-008 -2.658565243525717e-008 -2.517598429492888e-008 -2.377370023480416e-008 -2.237437515349431e-008 -2.097781959766366e-008 -1.957829008409297e-008 -1.817453686837377e-008 -1.677412889752989e-008 -1.537580843383971e-008 -1.398692695718553e-008 -1.260955592892628e-008 -1.123198030163864e-008 -9.850969900384706e-009 -8.469447439086208e-009 -7.089624753858589e-009 -5.712561542162021e-009 -4.31018574735114e-009 -2.845359381058523e-009 -1.351116172975813e-009 1.169462051907368e-012 1.312370698017161e-009 2.614137086047854e-009
