data/bds_gridfiles/version0/BDSY-R100-Q50W50S0.grd
DSAA
361 181
-180 180
-90 90
-9.573483962957E-008 9.6020415755466E-008
[rows 68 to 84 of 181, columns 117 to 155 of 361]
8.627478026097374e-008 8.551374880335091e-008 8.47136226592685e-008 8.389165210836962e-008 8.303090443399952e-008 8.213012716277291e-008 8.119209058045539e-008 8.022199783289474e-008 7.921886359174102e-008 7.818399042527113e-008 7.711187862216546e-008 7.600690818915831e-008 7.485552845616562e-008 7.366686272332659e-008 7.246438373126293e-008 7.122686550739948e-008 6.997154784568514e-008 6.869652300715465e-008 6.739450245464423e-008 6.606914216545969e-008 6.471395613442867e-008 6.333360619292753e-008 6.193251074104153e-008 6.04940524923883e-008 5.902938210494326e-008 5.755011405198219e-008 5.604899199616997e-008 5.453255994961513e-008 5.299195840963623e-008 5.144142385237973e-008 4.987938747055471e-008 4.830600346133364e-008 4.673285955435712e-008 4.514909619246655e-008 4.356944407895657e-008 4.19880900436727e-008 4.041506956745585e-008 3.885216406739812e-008 3.728940665953757e-008
8.672362131753308e-008 8.59615206711448e-008 8.516412833138455e-008 8.433791126927354e-008 8.345994167149355e-008 8.25509265640331e-008 8.16064357212397e-008 8.062298666191011e-008 7.961889544678668e-008 7.858458469795417e-008 7.750776059452856e-008 7.639092392004995e-008 7.524247273388753e-008 7.405676964809892e-008 7.28513580140095e-008 7.160192473216502e-008 7.033199144607062e-008 6.905095642854692e-008 6.774837862921509e-008 6.641067483636675e-008 6.503841043012483e-008 6.364700183751504e-008 6.223068097714519e-008 6.078747008216785e-008 5.932100098420594e-008 5.783098368502247e-008 5.632311541518137e-008 5.479225846304012e-008 5.325097851887295e-008 5.168777877365061e-008 5.012126550204688e-008 4.854321462112641e-008 4.696080973020265e-008 4.536119527666194e-008 4.377065628754918e-008 4.21806341023547e-008 4.059642274115872e-008 3.902592077472473e-008 3.745734558683187e-008
8.713196790661836e-008 8.636367532941883e-008 8.555991906595556e-008 8.472925268375429e-008 8.384538765114481e-008 8.293251579428838e-008 8.198207441489757e-008 8.099735007588304e-008 7.998997863592509e-008 7.895002196999364e-008 7.786658476045257e-008 7.674297609928836e-008 7.558975507209467e-008 7.439944927819896e-008 7.318841023292252e-008 7.193627421606579e-008 7.066148030330381e-008 6.937496019948305e-008 6.806395538493959e-008 6.672050103627421e-008 6.53401856354506e-008 6.393810838503739e-008 6.251224576120461e-008 6.106277039603757e-008 5.958918652814779e-008 5.809134740654514e-008 5.657493031800759e-008 5.50380319074402e-008 5.348909140524082e-008 5.191721803617551e-008 5.033993157999825e-008 4.875253066605144e-008 4.715925918734364e-008 4.555266368966262e-008 4.394961783070776e-008 4.235173167975192e-008 4.07622293197934e-008 3.918261814861223e-008 3.760479083404569e-008
8.750274427138062e-008 8.671688186061594e-008 8.589933632594913e-008 8.506484949997205e-008 8.41873270378431e-008 8.327036714752172e-008 8.23115641469068e-008 8.133781211539944e-008 8.033560394060534e-008 7.928287322775633e-008 7.81836142332364e-008 7.705649498436103e-008 7.589216036213737e-008 7.469885117853982e-008 7.348083295169976e-008 7.223302948861427e-008 7.096280154914017e-008 6.966877337561828e-008 6.834898687840345e-008 6.700824408255499e-008 6.56207429431232e-008 6.419802688863427e-008 6.27670228339734e-008 6.131424687302837e-008 5.983668468885337e-008 5.832553724605132e-008 5.680153804088744e-008 5.526384700101817e-008 5.371221837302594e-008 5.21270735888237e-008 5.053449487458418e-008 4.893842117626366e-008 4.733998888725714e-008 4.572687276521389e-008 4.409972204027392e-008 4.249848275468021e-008 4.091054701974505e-008 3.932201868454219e-008 3.773532961151197e-008
8.78328672385425e-008 8.703766592491205e-008 8.621494717634849e-008 8.537297925605398e-008 8.449598545070375e-008 8.357769960831736e-008 8.261899540592602e-008 8.164448297025294e-008 8.063796168193086e-008 7.958131782144639e-008 7.847723238299552e-008 7.734365526377915e-008 7.617272145308621e-008 7.497407999709676e-008 7.374949878110775e-008 7.249991797777967e-008 7.122614597589333e-008 6.992499178567648e-008 6.859848556952191e-008 6.724923531557175e-008 6.585743100298285e-008 6.443209969582405e-008 6.299452334013294e-008 6.153538325579976e-008 6.005146622184462e-008 5.853674316250168e-008 5.700527459590637e-008 5.545933605227432e-008 5.3896587636329e-008 5.230551036359473e-008 5.070324407805017e-008 4.909493768410223e-008 4.748485532999129e-008 4.586258522488114e-008 4.423684521501572e-008 4.262862066229471e-008 4.103215006270004e-008 3.943720597996048e-008 3.784355804676553e-008
8.811692019770116e-008 8.732175852213239e-008 8.64977525542466e-008 8.564477378273168e-008 8.476631058838714e-008 8.385684245110379e-008 8.290296204915701e-008 8.192078310411405e-008 8.090439428867841e-008 7.984593486475207e-008 7.874517170601737e-008 7.759898843791131e-008 7.64266097430563e-008 7.52140154859261e-008 7.398354235240615e-008 7.273787770409034e-008 7.145919064210695e-008 7.014728137045885e-008 6.881135476391402e-008 6.744941486589222e-008 6.605729506107582e-008 6.463785583395627e-008 6.319314751578464e-008 6.172871347858795e-008 6.024026796047949e-008 5.872608893206522e-008 5.718290128811932e-008 5.562913448521375e-008 5.405133836682021e-008 5.245967244266689e-008 5.084265513405915e-008 4.922424348084313e-008 4.759638568403752e-008 4.596602554084665e-008 4.435013344866577e-008 4.273828926786639e-008 4.113234345553204e-008 3.952919532473882e-008 3.793160395304191e-008
8.837008738589741e-008 8.756786435361073e-008 8.673641793882368e-008 8.587779923570467e-008 8.49950564715586e-008 8.40874668814356e-008 8.313879848172865e-008 8.215856477981123e-008 8.1144843060608e-008 8.008217442595086e-008 7.898137669913027e-008 7.783040560868871e-008 7.665314343860177e-008 7.543278807884961e-008 7.419444678933474e-008 7.293935773929281e-008 7.165302351818251e-008 7.03343756680173e-008 6.899277161511284e-008 6.762406195574777e-008 6.623002264614963e-008 6.480838983548163e-008 6.336172402168992e-008 6.189396562219859e-008 6.040181316649678e-008 5.888531049617065e-008 5.734043957212602e-008 5.578014820008945e-008 5.41943912212449e-008 5.259302981750282e-008 5.096806618652042e-008 4.933964890860779e-008 4.770247674569154e-008 4.606813915225014e-008 4.444247677580041e-008 4.282573571188966e-008 4.121707912658481e-008 3.961501813711707e-008 3.801306631527503e-008
8.85891062595395e-008 8.778185574702685e-008 8.693462494086915e-008 8.606378136556475e-008 8.517717053504245e-008 8.42636453151015e-008 8.333038492581605e-008 8.237853294323318e-008 8.13614443165544e-008 8.029539624916758e-008 7.919294192721917e-008 7.804403675104042e-008 7.686329138548909e-008 7.562849749971074e-008 7.438039422407606e-008 7.310679762409287e-008 7.181024295302788e-008 7.048610379587867e-008 6.913586962723296e-008 6.776609650908073e-008 6.63669867289505e-008 6.494746488427751e-008 6.350095654610978e-008 6.203147827307693e-008 6.053451616234294e-008 5.901938119418168e-008 5.747811094979218e-008 5.591480336846704e-008 5.431772728585929e-008 5.270728925344369e-008 5.107380877904011e-008 4.943387327404665e-008 4.779188242370004e-008 4.61559263171285e-008 4.451488912982351e-008 4.288373293556356e-008 4.128287938998227e-008 3.969539092276451e-008 3.808556940087179e-008
8.87661733451879e-008 8.79463776044881e-008 8.708504735404798e-008 8.621092851385759e-008 8.532049362073836e-008 8.44125781097756e-008 8.348592459091507e-008 8.253861042681277e-008 8.152656458743303e-008 8.04630418801011e-008 7.936005437079144e-008 7.821075192790517e-008 7.702151439658412e-008 7.578223665961153e-008 7.452460026767725e-008 7.324184522362235e-008 7.193779685050286e-008 7.060647874897773e-008 6.925367331984246e-008 6.788003809829769e-008 6.64797343264929e-008 6.505832287471033e-008 6.361046909783128e-008 6.213959258837659e-008 6.0644038227345e-008 5.913086775756467e-008 5.759200173714137e-008 5.602556864276597e-008 5.442948721442118e-008 5.280738770308216e-008 5.116849243645918e-008 4.951370274922128e-008 4.785894763987244e-008 4.621240581667151e-008 4.456493601056262e-008 4.293782214960329e-008 4.133499257867522e-008 3.974237985005951e-008 3.813761542904265e-008
8.890969660920096e-008 8.807003045233869e-008 8.717476718743913e-008 8.629757370241406e-008 8.541999194714684e-008 8.451698094085055e-008 8.360979171259214e-008 8.265248456915253e-008 8.164801626729041e-008 8.059324307501374e-008 7.949255790257834e-008 7.834582330314199e-008 7.714067845971579e-008 7.589351239069443e-008 7.463403882810145e-008 7.334149809277352e-008 7.202937224856296e-008 7.069432593275095e-008 6.933869850454494e-008 6.796748030702869e-008 6.656560195281226e-008 6.514244086520346e-008 6.369465995492698e-008 6.221618155512771e-008 6.072535131777394e-008 5.922259697081343e-008 5.769045298350242e-008 5.612298277412094e-008 5.453605926027091e-008 5.289754369044558e-008 5.125694401004669e-008 4.957771947410123e-008 4.790227656132393e-008 4.624299444209583e-008 4.458498078852642e-008 4.29690202107372e-008 4.13723905387974e-008 3.977074354401326e-008 3.817888413534097e-008
8.899748174057378e-008 8.814420637639551e-008 8.723631148996293e-008 8.635418585758349e-008 8.548069223307638e-008 8.458446340918765e-008 8.368461115216942e-008 8.273264772178811e-008 8.17353457144865e-008 8.068380417184014e-008 7.958730814711075e-008 7.843719105127704e-008 7.723376226788952e-008 7.598189544328265e-008 7.47149400059107e-008 7.341154945676841e-008 7.208963152666826e-008 7.074773684187053e-008 6.938652091512134e-008 6.801181015238113e-008 6.660801918184724e-008 6.518284712805499e-008 6.373484959793128e-008 6.225965132064636e-008 6.077299311823092e-008 5.927506638169947e-008 5.774433056498749e-008 5.61803604169135e-008 5.458559304776578e-008 5.294794533413938e-008 5.129352646004283e-008 4.960903012300771e-008 4.79258665691643e-008 4.625772036076306e-008 4.460281715976555e-008 4.29843876490012e-008 4.138661963443748e-008 3.978953756682225e-008 3.819671597526944e-008
8.903186319936567e-008 8.816788869972448e-008 8.724189671880561e-008 8.635607756645175e-008 8.549891817113681e-008 8.461055912570871e-008 8.372142124039452e-008 8.277799675306114e-008 8.178898642827877e-008 8.074782198513683e-008 7.964695827653472e-008 7.850050116913543e-008 7.729842445346828e-008 7.606435797831522e-008 7.47694620208612e-008 7.344608773039457e-008 7.211603905789393e-008 7.075417717994322e-008 6.939487061406461e-008 6.801266781384401e-008 6.660982705233865e-008 6.517778550441965e-008 6.373241333582564e-008 6.226152002847408e-008 6.07795577922244e-008 5.929923252539731e-008 5.777129236160336e-008 5.620551864502336e-008 5.460762808859113e-008 5.296529289560571e-008 5.130630677764383e-008 4.960934022682295e-008 4.792198801154208e-008 4.624932117244696e-008 4.459514060937127e-008 4.298037076791178e-008 4.13851802720707e-008 3.979155508824828e-008 3.821275546957564e-008
8.902560938275017e-008 8.815103043169985e-008 8.721651183561615e-008 8.632692717031996e-008 8.547490516269525e-008 8.45954240433811e-008 8.371251381460426e-008 8.277672734290004e-008 8.179609401649283e-008 8.075899796818308e-008 7.966222002742775e-008 7.851393579765786e-008 7.731483466348172e-008 7.607617289320625e-008 7.478278973492896e-008 7.345360546686873e-008 7.211733867926425e-008 7.074938225447137e-008 6.938330664119976e-008 6.799812153882921e-008 6.659321736360477e-008 6.516255299946667e-008 6.3716881852784e-008 6.224824828944888e-008 6.076970222685406e-008 5.928970736188121e-008 5.776691706117645e-008 5.620667042690444e-008 5.460753378102597e-008 5.296357429389065e-008 5.129441226007949e-008 4.959260744396975e-008 4.789748872157395e-008 4.621906477899847e-008 4.456574208305932e-008 4.294922986154207e-008 4.135549942710108e-008 3.976653611089664e-008 3.818295596260444e-008
8.897230761371504e-008 8.809205912712159e-008 8.71463214327752e-008 8.623685852725908e-008 8.540487333358056e-008 8.454581035220102e-008 8.365834164911217e-008 8.27303995272354e-008 8.176079246893613e-008 8.073344949602243e-008 7.963679654335615e-008 7.847740138814104e-008 7.728668132184289e-008 7.604012965180731e-008 7.476010499234023e-008 7.344039506477031e-008 7.209531680635707e-008 7.072143474243713e-008 6.934593034902796e-008 6.796270953286643e-008 6.655479478428587e-008 6.512987880775164e-008 6.368462943773294e-008 6.220742243681397e-008 6.072774283421313e-008 5.925268308862448e-008 5.773484047982859e-008 5.618595894922965e-008 5.459457456168335e-008 5.293965580413221e-008 5.12656819616258e-008 4.955117958031758e-008 4.784007321645121e-008 4.616301528926316e-008 4.450252400530434e-008 4.289149238930034e-008 4.130135613664463e-008 3.971614836263438e-008 3.813453761806935e-008
8.887702816839807e-008 8.798734303369747e-008 8.703179876992206e-008 8.612277475416457e-008 8.529310514875831e-008 8.444531773350852e-008 8.356606884718908e-008 8.264721272344453e-008 8.168750031684229e-008 8.066550225606299e-008 7.957504503464583e-008 7.841667819402531e-008 7.722687628743607e-008 7.59795857091225e-008 7.469908555502695e-008 7.337489433346659e-008 7.202522535178137e-008 7.064529021915445e-008 6.926452646826921e-008 6.78766413838828e-008 6.646783885861805e-008 6.504292165208101e-008 6.359876657102857e-008 6.212781631282349e-008 6.065419753331881e-008 5.918277721346329e-008 5.767265958885436e-008 5.613195154203109e-008 5.45399426209968e-008 5.288935138360828e-008 5.120613447010841e-008 4.948797816922737e-008 4.777160946431581e-008 4.608496483706126e-008 4.442655425506005e-008 4.281445304147919e-008 4.122975222500235e-008 3.965325811277326e-008 3.807614036642015e-008
8.873309468104086e-008 8.782101259481112e-008 8.686523868209188e-008 8.593970629707228e-008 8.513352371379423e-008 8.429602755568826e-008 8.343212011744899e-008 8.252211568862145e-008 8.157637330914195e-008 8.056834570838981e-008 7.947938358515322e-008 7.832308454626355e-008 7.713453669551746e-008 7.58877534324879e-008 7.460369670893994e-008 7.326881051546907e-008 7.191427983852311e-008 7.051813011742281e-008 6.913624606720642e-008 6.77428914041944e-008 6.633404890909764e-008 6.490875873561125e-008 6.346730120263227e-008 6.200341702965766e-008 6.053499400672386e-008 5.908137268614575e-008 5.757637019294582e-008 5.605287564279019e-008 5.44696671465838e-008 5.281189286035954e-008 5.11332968458604e-008 4.939689039477582e-008 4.767549047801376e-008 4.597899401153558e-008 4.431257238815556e-008 4.271278869071462e-008 4.113138601216389e-008 3.95720771952349e-008 3.80194923013e-008
8.855004759509395e-008 8.763030429389919e-008 8.666734271248429e-008 8.574700654098383e-008 8.49391659139594e-008 8.411214958597135e-008 8.325969028256537e-008 8.236062659911998e-008 8.14234358067807e-008 8.042147189472542e-008 7.934106778489739e-008 7.819083651195127e-008 7.700411106514037e-008 7.57569258454793e-008 7.446995450878116e-008 7.313074751620762e-008 7.176501838345844e-008 7.036691820049396e-008 6.897815576716264e-008 6.758232858517552e-008 6.61721676143717e-008 6.474812342938762e-008 6.331046417180215e-008 6.185495346379278e-008 6.039934498226253e-008 5.894861850962887e-008 5.745635657896275e-008 5.593663758318518e-008 5.435454076955697e-008 5.270354732192541e-008 5.101831373163617e-008 4.928451308131043e-008 4.755626890720845e-008 4.584436293845592e-008 4.418875513392702e-008 4.258907486159287e-008 4.101980627544155e-008 3.946926187629526e-008 3.79122676730419e-008
