data/bds_gridfiles/version0/BDSY-R100-Q50W50S0.grd
DSAA
361 181
-180 180
-90 90
-9.573483962957E-008 9.6020415755466E-008
[rows 51 to 67 of 181, columns 117 to 155 of 361]
7.270014026187855e-008 7.205720542298553e-008 7.139057459543091e-008 7.06923418303054e-008 6.996453614152018e-008 6.920778790036341e-008 6.842320437456815e-008 6.760423699651721e-008 6.675992653387352e-008 6.588345869336125e-008 6.497912326951352e-008 6.404736748635486e-008 6.308810206164455e-008 6.21102863241024e-008 6.110828674757174e-008 6.007967038619884e-008 5.903540898626148e-008 5.796955122700576e-008 5.68848724617257e-008 5.576957156954305e-008 5.463602227616026e-008 5.349374928481055e-008 5.233805616421344e-008 5.116409430802628e-008 4.996222605275469e-008 4.874003276571804e-008 4.751180131064374e-008 4.6271256123492e-008 4.502095686603756e-008 4.375649611508617e-008 4.247259189819083e-008 4.118132559157363e-008 3.989117848624567e-008 3.858950354306566e-008 3.728060765242404e-008 3.595808171397143e-008 3.462910266381463e-008 3.330861923145755e-008 3.198380019797717e-008
7.379443790451357e-008 7.31441240892054e-008 7.246493290797232e-008 7.175910462575743e-008 7.102001960874402e-008 7.025187985490451e-008 6.945822705658997e-008 6.862586684976983e-008 6.777114008394852e-008 6.688288132617067e-008 6.59625880261398e-008 6.502119264951235e-008 6.404368802920555e-008 6.304879352213464e-008 6.203184443134981e-008 6.098426006527952e-008 5.992510090885453e-008 5.884104478434624e-008 5.773533035218267e-008 5.660628575447077e-008 5.545100234840608e-008 5.428783647150892e-008 5.310966711042542e-008 5.191099055508249e-008 5.068858568646115e-008 4.944565525029644e-008 4.819428778396374e-008 4.693186611969595e-008 4.565856683740239e-008 4.437162280327938e-008 4.306671765045209e-008 4.175341817090381e-008 4.043867701104609e-008 3.911358072640104e-008 3.77824256359747e-008 3.644000064193311e-008 3.509304518235576e-008 3.375080944766887e-008 3.240437716258972e-008
7.485608377231059e-008 7.419845372583004e-008 7.351133311212906e-008 7.279753194132329e-008 7.204839697639065e-008 7.127254522581579e-008 7.04672722018938e-008 6.962483094369212e-008 6.875894974184805e-008 6.785801174983101e-008 6.692463314261797e-008 6.596972482028564e-008 6.497873186332354e-008 6.396790745053066e-008 6.293335115900215e-008 6.187014111726444e-008 6.079468542283908e-008 5.96883782978471e-008 5.856344577702276e-008 5.742038908308001e-008 5.624891836809685e-008 5.506492754727853e-008 5.386094175054369e-008 5.263196763758643e-008 5.138993670877715e-008 5.013097850420332e-008 4.885308680953077e-008 4.757050282929732e-008 4.627600285661604e-008 4.496949674011532e-008 4.36433770902547e-008 4.23092493208693e-008 4.097018762941997e-008 3.961888323787897e-008 3.826605376021715e-008 3.690500505066977e-008 3.554256823538717e-008 3.418184805697428e-008 3.281085668591108e-008
7.588365487719106e-008 7.521702770204215e-008 7.452196441636924e-008 7.379582419285186e-008 7.303778591517406e-008 7.225142204405111e-008 7.143409616479887e-008 7.0583400917586e-008 6.97039348402504e-008 6.879243407067194e-008 6.784749768869915e-008 6.687593767461066e-008 6.587364583156335e-008 6.484480389427716e-008 6.379432775879557e-008 6.271562349917405e-008 6.162116668786188e-008 6.050069484770767e-008 5.935982245992374e-008 5.819980343113333e-008 5.70150771911831e-008 5.581014216595418e-008 5.458801093999429e-008 5.334004553406281e-008 5.20762371444897e-008 5.079722596077455e-008 4.94978268722482e-008 4.819153049902955e-008 4.687214635417153e-008 4.554287311394863e-008 4.419633888856698e-008 4.284147888804262e-008 4.147925332830479e-008 4.010516871673545e-008 3.87316596859104e-008 3.734776792905519e-008 3.596631307731029e-008 3.458789817464166e-008 3.320114907517271e-008
7.688198626207258e-008 7.620761018744075e-008 7.54981880410816e-008 7.475751584313873e-008 7.399052513825121e-008 7.31927203489082e-008 7.236228001907889e-008 7.150476472850912e-008 7.061509807645216e-008 6.96922004072958e-008 6.87363291115116e-008 6.775293189692512e-008 6.673251479877288e-008 6.568722981185099e-008 6.462177068895927e-008 6.352368152495764e-008 6.240764115555565e-008 6.127976599456094e-008 6.012706217421102e-008 5.895199376999196e-008 5.775380024237733e-008 5.653617984111679e-008 5.529288764257145e-008 5.40323314239691e-008 5.275007204131036e-008 5.144368667592585e-008 5.013030123920609e-008 4.879436387511099e-008 4.744427080590023e-008 4.60926538342401e-008 4.472784847152504e-008 4.335518072434485e-008 4.196779035072704e-008 4.057168422244556e-008 3.917721294182416e-008 3.77683038728272e-008 3.636425530404649e-008 3.497302125352312e-008 3.357757629257401e-008
7.784267058809468e-008 7.715670528149104e-008 7.643929317351423e-008 7.568702913593155e-008 7.491097718433127e-008 7.410239041205818e-008 7.325970164543193e-008 7.239115998228912e-008 7.148998013463765e-008 7.055625372373555e-008 6.958761009565485e-008 6.858861983169022e-008 6.755379069769706e-008 6.649694631189006e-008 6.541846856904667e-008 6.430746059645848e-008 6.317568185583029e-008 6.203175123644964e-008 6.086468559369701e-008 5.967542528345165e-008 5.846257274356044e-008 5.722733088292157e-008 5.59693986234523e-008 5.468802143932061e-008 5.338704274764488e-008 5.206365419574758e-008 5.07286436784572e-008 4.937468859674189e-008 4.800279848909912e-008 4.662793348904556e-008 4.524195360803978e-008 4.384817024610678e-008 4.244003775050915e-008 4.102530864908864e-008 3.960866370653625e-008 3.818366973232836e-008 3.676444398425648e-008 3.535273218730573e-008 3.394477944087616e-008
7.877378210552987e-008 7.807292132059096e-008 7.734340557551027e-008 7.658736481322481e-008 7.580240825700335e-008 7.498300024561652e-008 7.412605173527052e-008 7.323925139769169e-008 7.233016633683544e-008 7.13888176818432e-008 7.040747384632767e-008 6.938102335343488e-008 6.833248698170607e-008 6.727311380230145e-008 6.618882069491007e-008 6.506922357775629e-008 6.391711861520245e-008 6.275266509993443e-008 6.157411538551455e-008 6.037164457101997e-008 5.914377543515293e-008 5.789254428019919e-008 5.662004685949552e-008 5.531654279034186e-008 5.399150050388694e-008 5.265863554062951e-008 5.130441190633594e-008 4.993669525633527e-008 4.854271700918616e-008 4.714240440661043e-008 4.573778947568912e-008 4.431979172580633e-008 4.289784559966585e-008 4.145953623014664e-008 4.002332739386157e-008 3.858746741900939e-008 3.714639355286176e-008 3.572020483302689e-008 3.430309946892571e-008
7.965610162977928e-008 7.895006049772377e-008 7.820972150837552e-008 7.74469416024949e-008 7.665100102741649e-008 7.582141386583045e-008 7.495634355133384e-008 7.405669925587374e-008 7.313679526700425e-008 7.218202480899552e-008 7.118783656593185e-008 7.014918431430107e-008 6.908989848614791e-008 6.801649091569322e-008 6.691965504045567e-008 6.578925510272717e-008 6.462719209894506e-008 6.344792590347497e-008 6.225514145802459e-008 6.103635133745182e-008 5.979385585173712e-008 5.852762140838614e-008 5.723908773173994e-008 5.592302232642191e-008 5.458103775291093e-008 5.323000317989882e-008 5.185797455704142e-008 5.047107090760456e-008 4.906275732879291e-008 4.764232775362853e-008 4.621671231406248e-008 4.478042329530381e-008 4.333882399042276e-008 4.188572441381459e-008 4.043266867076991e-008 3.898100739945518e-008 3.752754520722625e-008 3.608614480228865e-008 3.465079750775421e-008
8.04963503348509e-008 7.979031403601782e-008 7.904887938174371e-008 7.826944425162495e-008 7.746315792445395e-008 7.662276173466526e-008 7.575587317151408e-008 7.484994655690627e-008 7.391021070154266e-008 7.2941748501828e-008 7.192998780862128e-008 7.088598668386496e-008 6.982118225801934e-008 6.872518909039729e-008 6.761095838411183e-008 6.647480046477303e-008 6.531067578342819e-008 6.411873879708904e-008 6.290878489432441e-008 6.167359129451142e-008 6.041358293561062e-008 5.913364725773824e-008 5.783098093391789e-008 5.650925389248866e-008 5.515410492208697e-008 5.377662105281266e-008 5.23906675740968e-008 5.098291233503602e-008 4.956627165866911e-008 4.812740978606935e-008 4.667574064125143e-008 4.522597876914304e-008 4.376345183289872e-008 4.230196876582106e-008 4.08304446715241e-008 3.936379905276342e-008 3.790148467863678e-008 3.644539864200199e-008 3.498904384471337e-008
8.129798037335177e-008 8.058538526686638e-008 7.983644714918363e-008 7.904747850631366e-008 7.823155321933287e-008 7.738145746980004e-008 7.650542679323359e-008 7.559160684695759e-008 7.464257072158831e-008 7.366383120453638e-008 7.264312099763274e-008 7.159045282402295e-008 7.051542516938495e-008 6.940767249351496e-008 6.828148015846181e-008 6.713490826948002e-008 6.595702508327038e-008 6.475155688924982e-008 6.352565423899676e-008 6.227664614851014e-008 6.100319059696253e-008 5.970965125713555e-008 5.839202951267799e-008 5.705571111166288e-008 5.568762423031209e-008 5.429663996279745e-008 5.289427755284574e-008 5.147159610804059e-008 5.003922016439414e-008 4.858846996701092e-008 4.712198153844646e-008 4.565352909253164e-008 4.417530946269034e-008 4.269612020985086e-008 4.12116364699904e-008 3.972995993902579e-008 3.825513225975977e-008 3.67833839025053e-008 3.531305039791314e-008
8.205973980623652e-008 8.133908460329141e-008 8.05808420744607e-008 7.978006550617204e-008 7.895324590902102e-008 7.809586487368871e-008 7.719928459282419e-008 7.628701700821955e-008 7.533590037849318e-008 7.434788927524339e-008 7.33236478992411e-008 7.227049237103406e-008 7.117777438205252e-008 7.00604977956517e-008 6.892627793963395e-008 6.777148671426102e-008 6.657895510835552e-008 6.534773481712796e-008 6.410384962834929e-008 6.284634523275419e-008 6.156194607275785e-008 6.025509363774126e-008 5.892073203804743e-008 5.756857339027098e-008 5.618889166157787e-008 5.478905481821941e-008 5.337124024928283e-008 5.19321373931101e-008 5.048903005447379e-008 4.903059438812065e-008 4.755818698546274e-008 4.606278279146322e-008 4.457164812087451e-008 4.307448024136162e-008 4.157535437064267e-008 4.008260773099953e-008 3.85934760800078e-008 3.710709469780636e-008 3.562601212164055e-008
8.277909148999477e-008 8.20515537044722e-008 8.128620277234342e-008 8.047923993298598e-008 7.964588908505958e-008 7.878231661368786e-008 7.787773331726304e-008 7.695619933877967e-008 7.599660347288975e-008 7.499949380454371e-008 7.396735526317704e-008 7.290616523594195e-008 7.180781855120748e-008 7.067958623433911e-008 6.953507425337008e-008 6.836521690334591e-008 6.716046980218085e-008 6.591879986751071e-008 6.46630091308666e-008 6.339167344024596e-008 6.209557201558304e-008 6.077584963427489e-008 5.943030304735687e-008 5.806509669259774e-008 5.667461007836166e-008 5.526063218836705e-008 5.382909334557197e-008 5.237761716940277e-008 5.09200223074826e-008 4.944664448419145e-008 4.795854781727318e-008 4.645257583094324e-008 4.494577738257982e-008 4.343607658712361e-008 4.192204462511937e-008 4.041381681893689e-008 3.891033347536329e-008 3.741140973542617e-008 3.591581332884653e-008
8.345536588164041e-008 8.271961624445993e-008 8.194963978223375e-008 8.114274168011609e-008 8.030737182701524e-008 7.944383340603756e-008 7.853868716791032e-008 7.759656265300429e-008 7.662588765122846e-008 7.561525954616942e-008 7.457152836854941e-008 7.350466850829328e-008 7.240862674134771e-008 7.127583227648284e-008 7.011010144841779e-008 6.89237470590578e-008 6.770429142380853e-008 6.64595803731734e-008 6.519748009962972e-008 6.390935609626211e-008 6.260220392479707e-008 6.127103238521476e-008 5.991674223113965e-008 5.854084207631544e-008 5.714520145186272e-008 5.571221394758397e-008 5.426345878172096e-008 5.280476709002834e-008 5.13304063758434e-008 4.98434141836741e-008 4.833296299418924e-008 4.682040675529327e-008 4.53020976069104e-008 4.378083034690989e-008 4.225424992380785e-008 4.07219323894185e-008 3.920557707765382e-008 3.769974411364318e-008 3.618952061252789e-008
8.4093988651811e-008 8.335376485983746e-008 8.257869363093851e-008 8.176766485981203e-008 8.092815484963221e-008 8.005752149939032e-008 7.914587517830627e-008 7.81958128445427e-008 7.721647449579711e-008 7.619862964506743e-008 7.514636442504296e-008 7.407042626419357e-008 7.296553695869467e-008 7.182420317530325e-008 7.064888400073734e-008 6.945144951300167e-008 6.822367500254953e-008 6.697165474757052e-008 6.570276103199551e-008 6.44019952805019e-008 6.308391443871688e-008 6.174030067080985e-008 6.037348296967326e-008 5.898506741725621e-008 5.757455366486079e-008 5.613219198726604e-008 5.467236982246445e-008 5.320154707936924e-008 5.171246771082818e-008 5.021028617265639e-008 4.869018258667449e-008 4.716566251210005e-008 4.563612968960192e-008 4.409942837333924e-008 4.256110651241369e-008 4.101784762199937e-008 3.948740006190661e-008 3.796610398323161e-008 3.644296558857744e-008
8.469308193946184e-008 8.395003624515369e-008 8.317144384140779e-008 8.235797011563977e-008 8.151222972540956e-008 8.062951538504188e-008 7.970760817122912e-008 7.875482538615897e-008 7.777024830211509e-008 7.674996044298614e-008 7.569085748682125e-008 7.459837971111133e-008 7.348280502876154e-008 7.233217326903304e-008 7.115342993351629e-008 6.994348541844959e-008 6.871253939866189e-008 6.74602009301726e-008 6.618758456062219e-008 6.487282250702183e-008 6.354092487186661e-008 6.218520286360551e-008 6.080225207502198e-008 5.940061299892235e-008 5.797011731028282e-008 5.652123410854667e-008 5.50569481086087e-008 5.357487505454924e-008 5.206991333594099e-008 5.054765765209576e-008 4.902435880170506e-008 4.749169526325413e-008 4.595223801732678e-008 4.439629774118855e-008 4.284937261260563e-008 4.129542884055431e-008 3.974918749557468e-008 3.821347681983713e-008 3.66795971957369e-008
8.5256764629644e-008 8.450866125455376e-008 8.372479145924289e-008 8.290725567111585e-008 8.20557425452923e-008 8.1167065598625e-008 8.023891942525249e-008 7.928022201086447e-008 7.82901149357604e-008 7.726323876821662e-008 7.619977970523376e-008 7.509839401437263e-008 7.397259249513979e-008 7.281092125059816e-008 7.162256184404258e-008 7.040407220815122e-008 6.916561441569602e-008 6.790582396058201e-008 6.662366841087319e-008 6.530430474904032e-008 6.396281204770717e-008 6.259912198054585e-008 6.120679608312177e-008 5.979282023598005e-008 5.835054693106975e-008 5.689037707569732e-008 5.541442929056707e-008 5.39192006667084e-008 5.240225668002482e-008 5.086959647644776e-008 4.93325744544092e-008 4.778647802007716e-008 4.623453312709752e-008 4.466940554104463e-008 4.311058683059674e-008 4.154743048007749e-008 3.999162297842384e-008 3.844489719102143e-008 3.690030447653945e-008
8.578723300969061e-008 8.502973092388237e-008 8.423545342349507e-008 8.341703228541471e-008 8.25637512469268e-008 8.166897122919709e-008 8.073703063832728e-008 7.977310160813888e-008 7.877517098886004e-008 7.774479537096099e-008 7.667692122299472e-008 7.557973371235278e-008 7.443326818576666e-008 7.325128804041659e-008 7.205625755324509e-008 7.082698117512508e-008 6.958038599190994e-008 6.831363432479439e-008 6.701812179189961e-008 6.570098566469308e-008 6.435501529152267e-008 6.298424181475867e-008 6.159418051278213e-008 6.0163963503233e-008 5.87062666540656e-008 5.723770458595483e-008 5.574641590807674e-008 5.424170638647352e-008 5.270873156056918e-008 5.116848354594857e-008 4.961616232501891e-008 4.805118465654251e-008 4.649032796004777e-008 4.491644801943193e-008 4.334872554149912e-008 4.177531561108949e-008 4.021148232180865e-008 3.865898005136478e-008 3.710512054662506e-008
