data/bds_gridfiles/version0/BDSY-R100-Q50W50S0.grd
DSAA
361 181
-180 180
-90 90
-9.573483962957E-008 9.6020415755466E-008
[rows 17 to 33 of 181, columns 273 to 311 of 361]
-2.620483533700205e-008 -2.621026747591619e-008 -2.620357757426198e-008 -2.617962675132214e-008 -2.614106257384975e-008 -2.609441029010386e-008 -2.604072381971268e-008 -2.598302068237611e-008 -2.591786158016837e-008 -2.584099167741433e-008 -2.574906322830636e-008 -2.564418304894495e-008 -2.553377400071025e-008 -2.541262093915333e-008 -2.528527996598126e-008 -2.515580942582561e-008 -2.501672221706862e-008 -2.4860174916894e-008 -2.46911263210615e-008 -2.451722337525932e-008 -2.433526044879544e-008 -2.414517576585296e-008 -2.395209902254872e-008 -2.374892020005391e-008 -2.353274263948883e-008 -2.330943173394123e-008 -2.308078807725592e-008 -2.284313394624237e-008 -2.259811824176493e-008 -2.234679049622125e-008 -2.208382237506449e-008 -2.181231295198541e-008 -2.153677316009851e-008 -2.125762416758171e-008 -2.096986084782123e-008 -2.067368616778192e-008 -2.037105835074902e-008 -2.005914043813811e-008 -1.974139027950083e-008
-2.78790437157181e-008 -2.788419433685091e-008 -2.787723689007005e-008 -2.785390830468435e-008 -2.781013447650783e-008 -2.775960477200987e-008 -2.770787141164789e-008 -2.764820423758703e-008 -2.757615022214058e-008 -2.749271637993781e-008 -2.73970695941603e-008 -2.728545121675262e-008 -2.716674381701885e-008 -2.704265717951218e-008 -2.691043645969237e-008 -2.677289246608583e-008 -2.662482012987976e-008 -2.645772944848761e-008 -2.627608085101106e-008 -2.608786545084828e-008 -2.58952948241685e-008 -2.569746802327707e-008 -2.549443073761666e-008 -2.527762645731271e-008 -2.504641504148298e-008 -2.48050295632022e-008 -2.455641409206948e-008 -2.430385198112415e-008 -2.404737822848105e-008 -2.378284512601127e-008 -2.350311534426947e-008 -2.321239829413239e-008 -2.291529617320681e-008 -2.261381095007802e-008 -2.230780738003726e-008 -2.199604457604507e-008 -2.167575555901828e-008 -2.134596619166007e-008 -2.100822301191547e-008
-2.956568002857444e-008 -2.9565299611154e-008 -2.955079484463089e-008 -2.952381077833932e-008 -2.948341169111461e-008 -2.943780297253878e-008 -2.938777874864776e-008 -2.93228221209503e-008 -2.924008179192654e-008 -2.914523796697135e-008 -2.904446949570207e-008 -2.893582835916785e-008 -2.881857505883667e-008 -2.868781718987695e-008 -2.854269800778597e-008 -2.838925375316174e-008 -2.822793748163749e-008 -2.805602825508302e-008 -2.787498231327294e-008 -2.767901151733043e-008 -2.747012933912434e-008 -2.725472623572295e-008 -2.703334357976477e-008 -2.680350400996822e-008 -2.656670645511444e-008 -2.63146721127901e-008 -2.604864419014229e-008 -2.577673354664349e-008 -2.550029497752092e-008 -2.521656281570168e-008 -2.492347664597934e-008 -2.461973937800276e-008 -2.430563560282113e-008 -2.398494473146957e-008 -2.365906776202796e-008 -2.332555934151357e-008 -2.298585012247844e-008 -2.264008588561303e-008 -2.228405412012175e-008
-3.125987833902711e-008 -3.125389508850145e-008 -3.123107621904011e-008 -3.120086245228026e-008 -3.116377024096763e-008 -3.112201334266876e-008 -3.10705751540814e-008 -3.100112683774596e-008 -3.091407308764541e-008 -3.081234689586278e-008 -3.070511660219134e-008 -3.059457254809856e-008 -3.047491000401853e-008 -3.033686024820126e-008 -3.018166433187536e-008 -3.001516415518406e-008 -2.984210992967459e-008 -2.966505609305598e-008 -2.947941479845084e-008 -2.927380877971786e-008 -2.905155883237717e-008 -2.882047023180042e-008 -2.858380696510293e-008 -2.834372828507834e-008 -2.809666269976617e-008 -2.783014962952757e-008 -2.754825402902979e-008 -2.725822668503847e-008 -2.69628333808366e-008 -2.66616830900363e-008 -2.635323888569401e-008 -2.603372248353333e-008 -2.570421865546155e-008 -2.536684866088979e-008 -2.502233368128254e-008 -2.467082578574134e-008 -2.431338009712075e-008 -2.394409016422411e-008 -2.356798693413039e-008
-3.294240335369722e-008 -3.293543927133071e-008 -3.291909084485457e-008 -3.289336717580568e-008 -3.285454417375719e-008 -3.280716986599491e-008 -3.274709942386808e-008 -3.267497870399675e-008 -3.259312074683815e-008 -3.249151323829153e-008 -3.237733283132611e-008 -3.225610725009146e-008 -3.212400468946205e-008 -3.198047807392103e-008 -3.18238425974264e-008 -3.165100210932087e-008 -3.146839344322258e-008 -3.127823731222483e-008 -3.107660608930261e-008 -3.086263299411494e-008 -3.063441872253056e-008 -3.039358624634973e-008 -3.014452467447338e-008 -2.988834410720774e-008 -2.962154027789449e-008 -2.934295289307575e-008 -2.905033069742932e-008 -2.874663282852864e-008 -2.843537960593165e-008 -2.811599549762555e-008 -2.778634332924838e-008 -2.745237091796513e-008 -2.710954593731905e-008 -2.675716143435216e-008 -2.639584079591966e-008 -2.602202897795481e-008 -2.56389469541201e-008 -2.525247107627168e-008 -2.48588074116307e-008
-3.461586096231663e-008 -3.462116678886607e-008 -3.461805782453996e-008 -3.459042139758626e-008 -3.454792824859286e-008 -3.44966272270605e-008 -3.443363932514885e-008 -3.436272406156724e-008 -3.427778319651336e-008 -3.417181607345922e-008 -3.405226577501551e-008 -3.392291563253345e-008 -3.378372162083178e-008 -3.363585803916245e-008 -3.347010571676654e-008 -3.329009400222786e-008 -3.309916239042949e-008 -3.289693006000088e-008 -3.268461436149932e-008 -3.245972104312856e-008 -3.222060616007105e-008 -3.197058711790237e-008 -3.170918018129448e-008 -3.143787198596192e-008 -3.115756975994911e-008 -3.086242770023951e-008 -3.055690479298275e-008 -3.024044336952791e-008 -2.991376520957775e-008 -2.958085941803648e-008 -2.923607360951939e-008 -2.888260642696677e-008 -2.852339047910702e-008 -2.815321694167353e-008 -2.777462915193297e-008 -2.73852945133077e-008 -2.697991446529732e-008 -2.657146420000903e-008 -2.615638814086064e-008
-3.629884705918142e-008 -3.631428014834288e-008 -3.630723728534229e-008 -3.627869251074453e-008 -3.623995797673132e-008 -3.619010107193346e-008 -3.612659329974584e-008 -3.604726998636673e-008 -3.595370415446907e-008 -3.58480971949898e-008 -3.57276250293065e-008 -3.559461193886324e-008 -3.544705230995607e-008 -3.528482189584454e-008 -3.511361156254732e-008 -3.492988168119258e-008 -3.473325900194203e-008 -3.45207796619704e-008 -3.429129269791565e-008 -3.405467874273814e-008 -3.380856274463369e-008 -3.355071239161985e-008 -3.327781963183027e-008 -3.298776929968073e-008 -3.269027052057403e-008 -3.238453629297256e-008 -3.206835913531138e-008 -3.173979404518212e-008 -3.139545167044531e-008 -3.104208664912721e-008 -3.068405688346089e-008 -3.032041659492399e-008 -2.994526033494829e-008 -2.955331017975489e-008 -2.915058764097026e-008 -2.874126966936702e-008 -2.832448152185161e-008 -2.789892277580095e-008 -2.745939279851561e-008
-3.79888238554799e-008 -3.80094635194732e-008 -3.800414301572868e-008 -3.797237693273025e-008 -3.793371711675243e-008 -3.788356300568971e-008 -3.781872087687737e-008 -3.7738915785196e-008 -3.763823146124087e-008 -3.752703326752034e-008 -3.740290918695902e-008 -3.726583604885891e-008 -3.711530152629716e-008 -3.694414482360801e-008 -3.676294957886083e-008 -3.657126796480227e-008 -3.636669926409369e-008 -3.614790085039547e-008 -3.590842322758221e-008 -3.565783024376323e-008 -3.539977301834428e-008 -3.513063459293281e-008 -3.484806925419666e-008 -3.454565421268744e-008 -3.423117641054178e-008 -3.391106503249842e-008 -3.358172476311548e-008 -3.324047495382632e-008 -3.288351557319394e-008 -3.251369814213352e-008 -3.214015983139769e-008 -3.17615689042454e-008 -3.13684707473155e-008 -3.095806045676069e-008 -3.053495283507796e-008 -3.010627787905509e-008 -2.967243553207833e-008 -2.922659935680175e-008 -2.876563225524938e-008
-3.96785688956143e-008 -3.969620356735575e-008 -3.96912799521292e-008 -3.966308301904336e-008 -3.962792845409193e-008 -3.957475090307958e-008 -3.950349794385555e-008 -3.94184694019004e-008 -3.932039549058e-008 -3.920761509008339e-008 -3.907695362199012e-008 -3.893063470643637e-008 -3.877195137335823e-008 -3.860219423857666e-008 -3.841644873428414e-008 -3.82125698547975e-008 -3.799425817880347e-008 -3.776408975381383e-008 -3.752331561752456e-008 -3.726516177684412e-008 -3.699162933953198e-008 -3.670574773092996e-008 -3.640927124149033e-008 -3.610074438317334e-008 -3.577647633000006e-008 -3.544060736993029e-008 -3.509389646712942e-008 -3.473676585652752e-008 -3.437100276324774e-008 -3.399005117225029e-008 -3.359938435119814e-008 -3.319884095813596e-008 -3.278573588378475e-008 -3.236231963324871e-008 -3.192447981315884e-008 -3.147681481575602e-008 -3.101892837687654e-008 -3.054928987885897e-008 -3.007133306298916e-008
-4.136559567679553e-008 -4.137014455916436e-008 -4.136885726464737e-008 -4.135238768734584e-008 -4.131823839542746e-008 -4.126211282037582e-008 -4.118862962823367e-008 -4.110050291696424e-008 -4.10002208070964e-008 -4.088306529215663e-008 -4.074859601258091e-008 -4.059714929115039e-008 -4.043387344111297e-008 -4.0261228240726e-008 -4.006712316556258e-008 -3.985297112790614e-008 -3.962517581857955e-008 -3.93876208631699e-008 -3.913928615267965e-008 -3.886947829218171e-008 -3.858335849766409e-008 -3.828440011442173e-008 -3.797577489907892e-008 -3.765557839470233e-008 -3.731989501963291e-008 -3.697140368658302e-008 -3.66118550474145e-008 -3.624464488537985e-008 -3.586154111104776e-008 -3.546580560823625e-008 -3.505896189115568e-008 -3.464181259307124e-008 -3.421413146583993e-008 -3.37697931668689e-008 -3.331466513555422e-008 -3.284816362612001e-008 -3.237388701184781e-008 -3.188509738631056e-008 -3.138109033751016e-008
-4.304323496775079e-008 -4.304594700854712e-008 -4.30508530354885e-008 -4.303696338906722e-008 -4.299581575036654e-008 -4.294141458556493e-008 -4.287192739891607e-008 -4.278374065165862e-008 -4.267432604284902e-008 -4.254911756781016e-008 -4.241497331363127e-008 -4.226242482319288e-008 -4.209333758020603e-008 -4.190691363125456e-008 -4.170586578558097e-008 -4.148827617819202e-008 -4.12552902371485e-008 -4.100569391756209e-008 -4.074192865821846e-008 -4.046506035748186e-008 -4.017258082441545e-008 -3.986392756674798e-008 -3.953754088769576e-008 -3.920362144469124e-008 -3.88596740250766e-008 -3.850160048009939e-008 -3.812718434933255e-008 -3.774103588754867e-008 -3.734577693571633e-008 -3.69404170959892e-008 -3.651842613552634e-008 -3.607976355188063e-008 -3.563189029800286e-008 -3.517483112410147e-008 -3.470478363619415e-008 -3.421705638518607e-008 -3.371809721332963e-008 -3.320969770561596e-008 -3.269001570653133e-008
-4.471589434774285e-008 -4.472168294027663e-008 -4.473040121341353e-008 -4.472036573345498e-008 -4.468085056308187e-008 -4.462156899735309e-008 -4.45502464442853e-008 -4.446226386214695e-008 -4.435627187098054e-008 -4.422440011358024e-008 -4.408013604580284e-008 -4.392143421593329e-008 -4.374715111909529e-008 -4.355340271163579e-008 -4.334279784042932e-008 -4.311846380622177e-008 -4.287880785536935e-008 -4.262210261210855e-008 -4.23457549840688e-008 -4.205775628691132e-008 -4.175686553678487e-008 -4.14414509683909e-008 -4.110427194159182e-008 -4.075469935899462e-008 -4.039731955488594e-008 -4.002736942282896e-008 -3.964117251079729e-008 -3.923999763302207e-008 -3.883136572534563e-008 -3.841248603097889e-008 -3.797541392696835e-008 -3.751946259626685e-008 -3.705369279111102e-008 -3.657988063805683e-008 -3.60913979468573e-008 -3.558457710035204e-008 -3.506403130244039e-008 -3.453503383744559e-008 -3.399567790228699e-008
-4.638111477652333e-008 -4.639307220442746e-008 -4.639999566432878e-008 -4.638827819070159e-008 -4.63487360621471e-008 -4.629383772007356e-008 -4.622043772744599e-008 -4.612736852069535e-008 -4.601659866963508e-008 -4.588820318427495e-008 -4.573946085905119e-008 -4.557166633260764e-008 -4.53875276208613e-008 -4.519093466762689e-008 -4.497633393697881e-008 -4.474251511581164e-008 -4.44910481014518e-008 -4.422597887390466e-008 -4.394517125352825e-008 -4.364622449691224e-008 -4.33323743894881e-008 -4.300447098464507e-008 -4.266191813626018e-008 -4.230215063356677e-008 -4.192973028583892e-008 -4.154360815323666e-008 -4.114702581744442e-008 -4.073665407779455e-008 -4.03136867179003e-008 -3.987493254612968e-008 -3.94217665203683e-008 -3.895485477007133e-008 -3.847453458304465e-008 -3.797920099747525e-008 -3.746839761292109e-008 -3.694636018334602e-008 -3.640947083529125e-008 -3.585902715193591e-008 -3.52935832535295e-008
-4.80550055423741e-008 -4.80609132465504e-008 -4.805906779904851e-008 -4.80465772166408e-008 -4.801162130149918e-008 -4.795582802911925e-008 -4.788112754862313e-008 -4.778572349516185e-008 -4.767321723685155e-008 -4.754300992251091e-008 -4.739018362067352e-008 -4.721704374384689e-008 -4.702859756208064e-008 -4.68254862125868e-008 -4.660297274354393e-008 -4.636111691500265e-008 -4.610317188793046e-008 -4.58308376975401e-008 -4.553772024494612e-008 -4.522790426050881e-008 -4.49045435060386e-008 -4.456848348202943e-008 -4.421348514668195e-008 -4.384251579480026e-008 -4.345817156570396e-008 -4.306254228612889e-008 -4.265196869750107e-008 -4.222817221141669e-008 -4.179122344719642e-008 -4.133976186304184e-008 -4.086907731747816e-008 -4.038610689050895e-008 -3.989023497905002e-008 -3.937928358597798e-008 -3.884989639809636e-008 -3.830658890056841e-008 -3.774996875875837e-008 -3.71807193345393e-008 -3.659615126945005e-008
-4.970220047536874e-008 -4.970748147153985e-008 -4.971172139014063e-008 -4.969978665620772e-008 -4.966025203141208e-008 -4.96024012771782e-008 -4.953150833047569e-008 -4.943536404616619e-008 -4.931628534373625e-008 -4.918151849882126e-008 -4.903032862702727e-008 -4.885438955777508e-008 -4.865596202769877e-008 -4.844469034958696e-008 -4.822115292799508e-008 -4.7972018689924e-008 -4.770162790449961e-008 -4.741870406298078e-008 -4.711987252121805e-008 -4.680101639940627e-008 -4.646537974688167e-008 -4.611796660402685e-008 -4.575672475319413e-008 -4.537599738368385e-008 -4.497829243465689e-008 -4.456901391895108e-008 -4.415157909650015e-008 -4.371401245445452e-008 -4.325936533825777e-008 -4.279088029027309e-008 -4.230904652261357e-008 -4.181216579704154e-008 -4.129872997011717e-008 -4.076754960454879e-008 -4.022509527442238e-008 -3.966312616500207e-008 -3.908445776880963e-008 -3.849158339091674e-008 -3.789003700863222e-008
-5.131189836954514e-008 -5.134301749592542e-008 -5.136265222798234e-008 -5.134517560212305e-008 -5.130358032786835e-008 -5.12464318666182e-008 -5.117151029238573e-008 -5.107364021580839e-008 -5.095302951015033e-008 -5.081549883690149e-008 -5.066170046971193e-008 -5.048237574576723e-008 -5.027973887570305e-008 -5.006395348304545e-008 -4.983362754469062e-008 -4.957458009716568e-008 -4.929346608993815e-008 -4.899984084355152e-008 -4.869257826057611e-008 -4.836496034797066e-008 -4.801973298540707e-008 -4.766372377015924e-008 -4.729324551250003e-008 -4.690203884046241e-008 -4.649610243489754e-008 -4.608223215021653e-008 -4.56496646631155e-008 -4.519417366461674e-008 -4.472289537820583e-008 -4.423841534604274e-008 -4.374190035639677e-008 -4.323212650724764e-008 -4.270532689921234e-008 -4.216466754802898e-008 -4.159845733322102e-008 -4.101348013850231e-008 -4.0416195066713e-008 -3.98088950483992e-008 -3.91812402584199e-008
-5.292353646742466e-008 -5.297017783271563e-008 -5.29872468829255e-008 -5.296891847461584e-008 -5.293405660125957e-008 -5.287715080455223e-008 -5.279367071607082e-008 -5.269542462960135e-008 -5.257798234270412e-008 -5.24362982312354e-008 -5.227345668901069e-008 -5.209287790050349e-008 -5.189160836553601e-008 -5.166664319012037e-008 -5.142370064970048e-008 -5.116002200479752e-008 -5.087413889975005e-008 -5.056817035307997e-008 -5.024963188257208e-008 -4.991558192568906e-008 -4.956309104347903e-008 -4.919515349293631e-008 -4.881367484271766e-008 -4.84161526043367e-008 -4.800188644795495e-008 -4.757400514459462e-008 -4.71289329108694e-008 -4.666533454160438e-008 -4.618005349049163e-008 -4.567711028065991e-008 -4.51684636912696e-008 -4.464650928902306e-008 -4.41000093604035e-008 -4.353674539675894e-008 -4.295451706311913e-008 -4.235359129444927e-008 -4.173555096610558e-008 -4.110421362466169e-008 -4.045925375481935e-008
