data/bds_gridfiles/version0/BDSY-R100-Q50W50S0.grd
DSAA
361 181
-180 180
-90 90
-9.573483962957E-008 9.6020415755466E-008
[rows 85 to 101 of 181, columns 0 to 38 of 361]
1.179701081849081e-010 1.547633780722963e-009 2.94951289223883e-009 4.333848840911893e-009 5.723617524403113e-009 7.117378660962499e-009 8.515346116967263e-009 9.919475677283555e-009 1.132870904191677e-008 1.274314918351766e-008 1.418144233485072e-008 1.564466852391623e-008 1.713483242278981e-008 1.865438807889729e-008 2.019535378241828e-008 2.17571995439079e-008 2.333271234146829e-008 2.492256221235418e-008 2.651917114643666e-008 2.81129865370534e-008 2.97126488389998e-008 3.13301792679531e-008 3.295601316243405e-008 3.458747954866718e-008 3.621754899156867e-008 3.781992289952092e-008 3.940051089931546e-008 4.0961704808331e-008 4.25057784154566e-008 4.406866737481471e-008 4.564355516838364e-008 4.726492296937418e-008 4.891695740476157e-008 5.054928097399193e-008 5.217454346822817e-008 5.374329978289324e-008 5.526272337123086e-008 5.67292054365841e-008 5.813680516771835e-008
1.873093836395919e-010 1.59490977147956e-009 2.99174516774687e-009 4.368402205370798e-009 5.754078035448553e-009 7.134835678965231e-009 8.525875645164038e-009 9.931390523483838e-009 1.133561716954028e-008 1.271914801187496e-008 1.414862864060082e-008 1.560179659102e-008 1.708530183128023e-008 1.860008404048549e-008 2.013748821728653e-008 2.169649720224077e-008 2.327085349869764e-008 2.485713783499956e-008 2.645637884906021e-008 2.803839443379571e-008 2.9637358017093e-008 3.125529879085134e-008 3.288470577686299e-008 3.451345573069989e-008 3.614631355978765e-008 3.773592647691966e-008 3.931553980905268e-008 4.085857863054466e-008 4.239127970857476e-008 4.393775441533959e-008 4.548485122977807e-008 4.711038423228476e-008 4.880559207685764e-008 5.042852426877264e-008 5.207408022872635e-008 5.363330053178541e-008 5.51582535220896e-008 5.662514916802102e-008 5.798684813367225e-008
2.358014605593127e-010 1.642670927836726e-009 3.043277720790963e-009 4.415454115954688e-009 5.788391103657172e-009 7.159276562565121e-009 8.536292201343087e-009 9.920091359995413e-009 1.130531644500089e-008 1.269267210364561e-008 1.41063560772502e-008 1.554811996441384e-008 1.702096212762835e-008 1.852634581373416e-008 2.006368321111232e-008 2.161592678866135e-008 2.318963622835385e-008 2.476776858506321e-008 2.636068115157145e-008 2.794496093197843e-008 2.954473844185361e-008 3.115425519462271e-008 3.278805430578059e-008 3.441141250003542e-008 3.6038785668258e-008 3.762645226341706e-008 3.919044155081266e-008 4.072188878258134e-008 4.223609860160287e-008 4.376171316841819e-008 4.533920949321804e-008 4.695553704872486e-008 4.863297781019869e-008 5.028053100255754e-008 5.190820703101201e-008 5.347365145439612e-008 5.498339028240617e-008 5.643117316090752e-008 5.782351370466896e-008
2.552480245552184e-010 1.686685889618326e-009 3.10342487128802e-009 4.46045634082049e-009 5.814493729859565e-009 7.178249954905376e-009 8.541767679689657e-009 9.906890606467329e-009 1.127742411399715e-008 1.266126127146205e-008 1.406339708528652e-008 1.54946286145692e-008 1.695439979078032e-008 1.845156228311383e-008 1.999738085517715e-008 2.153816931110479e-008 2.31132667183899e-008 2.468337595666376e-008 2.627352516646073e-008 2.786123756963889e-008 2.944605533466531e-008 3.105589796660609e-008 3.269086329091968e-008 3.431471891564224e-008 3.593614320618084e-008 3.753662498711555e-008 3.906553260428356e-008 4.062479419291964e-008 4.207163267628624e-008 4.361142454206376e-008 4.517837078070375e-008 4.681368896536803e-008 4.847400749667922e-008 5.016266594447883e-008 5.174656141825356e-008 5.334675813522937e-008 5.480999711028537e-008 5.629115013799556e-008 5.764537975137823e-008
2.205642510930785e-010 1.669077145897361e-009 3.099350437361319e-009 4.480224745493282e-009 5.833342040801078e-009 7.179964919256697e-009 8.53625329843336e-009 9.88798618423402e-009 1.125317619056587e-008 1.261937550996546e-008 1.402088373149654e-008 1.543737674254616e-008 1.690007914011637e-008 1.838566453006555e-008 1.991825486722607e-008 2.145561181515211e-008 2.302198803672417e-008 2.458764987704344e-008 2.616807481908984e-008 2.774847006701295e-008 2.933760249211924e-008 3.094953071261726e-008 3.25691296735187e-008 3.420517518807649e-008 3.580721661036881e-008 3.739607005688824e-008 3.892081639957094e-008 4.044755390174457e-008 4.191809246511626e-008 4.344978149558923e-008 4.499020126774096e-008 4.665692419157118e-008 4.829861100761165e-008 4.9981094858091e-008 5.156309330831807e-008 5.315230953553864e-008 5.461057083512944e-008 5.607022687095258e-008 5.741109477800989e-008
1.683812813737912e-010 1.615908962913102e-009 3.085602443981658e-009 4.499369080665743e-009 5.846582485022317e-009 7.158145924674044e-009 8.530430396909206e-009 9.869895358925227e-009 1.124101681208008e-008 1.258244396965452e-008 1.399639611484901e-008 1.539484149112177e-008 1.686926950951568e-008 1.833982447833744e-008 1.987232717212881e-008 2.14000450989362e-008 2.296737352036855e-008 2.452581524959657e-008 2.610655462708168e-008 2.767498836701986e-008 2.926698691863368e-008 3.088228501014207e-008 3.248603268136779e-008 3.415003522667158e-008 3.573393968688956e-008 3.732081260591359e-008 3.884177476004321e-008 4.035305361201479e-008 4.183463131566606e-008 4.335843730032182e-008 4.485256608382601e-008 4.65899080375822e-008 4.820983939791373e-008 4.990661212607767e-008 5.146176052535008e-008 5.306846454937579e-008 5.450702960299199e-008 5.597579378779614e-008 5.727050986757112e-008
1.452657747709556e-010 1.62042383255458e-009 3.080323412364353e-009 4.488329355872038e-009 5.852084139873771e-009 7.194954008695007e-009 8.557673633935654e-009 9.90928242728397e-009 1.127795815758205e-008 1.264034251511642e-008 1.404589051120013e-008 1.546506532882675e-008 1.693904687985448e-008 1.842698605691469e-008 1.996366252638712e-008 2.150461031462908e-008 2.307704409311968e-008 2.464418854773553e-008 2.622455243962569e-008 2.780558905758342e-008 2.939917825053544e-008 3.101848067781451e-008 3.264776706436492e-008 3.429124546525058e-008 3.588626617904392e-008 3.746909803295472e-008 3.898329630603255e-008 4.050596902260913e-008 4.199362996559068e-008 4.354157127961947e-008 4.508990238591297e-008 4.676551502396425e-008 4.840783251161514e-008 5.009333267500108e-008 5.167283906345213e-008 5.326236677339464e-008 5.471699060118706e-008 5.617668167154403e-008 5.752517349272697e-008
9.133089757657082e-011 1.607309483595427e-009 3.082881623518569e-009 4.476788019184982e-009 5.84979904030645e-009 7.226445005886951e-009 8.594515006470868e-009 9.964506088164468e-009 1.134426925472905e-008 1.272446375293537e-008 1.41303556550828e-008 1.55694647868574e-008 1.705682926940994e-008 1.855646473512983e-008 2.011237940979728e-008 2.165873196044304e-008 2.325107804805088e-008 2.482289435633991e-008 2.640803815996492e-008 2.799866152451674e-008 2.958627840916665e-008 3.120576437337455e-008 3.287027790371174e-008 3.450404665967672e-008 3.610470530221786e-008 3.769701270904854e-008 3.919081896454641e-008 4.073640038136392e-008 4.222486917529134e-008 4.379487869681087e-008 4.537060638561791e-008 4.701910595816956e-008 4.867893912809522e-008 5.036539448475399e-008 5.194497334877515e-008 5.354009573607559e-008 5.49944625175403e-008 5.646237289103969e-008 5.783071831200687e-008
-1.35980310534073e-011 1.535808158393728e-009 3.033823004253161e-009 4.457114398435686e-009 5.851020797021095e-009 7.239584428308133e-009 8.623165471662513e-009 1.000819866406212e-008 1.138677311591102e-008 1.278377977541594e-008 1.419908598594831e-008 1.565469369352497e-008 1.714199490135575e-008 1.86631423176889e-008 2.021136064045864e-008 2.177934555835474e-008 2.336474413847577e-008 2.495617594043377e-008 2.653976168943237e-008 2.81357101050963e-008 2.974110876518617e-008 3.137183613923549e-008 3.302432005342824e-008 3.466910154858793e-008 3.627663632225359e-008 3.78548059263539e-008 3.938831056296812e-008 4.091291740497553e-008 4.244334924582913e-008 4.399992545340785e-008 4.560512162510043e-008 4.725004245375859e-008 4.891487721716615e-008 5.057368225716313e-008 5.218590301961901e-008 5.374800564154412e-008 5.525069912500227e-008 5.669047969739031e-008 5.811149005938424e-008
-9.258398384833488e-011 1.462790731535254e-009 2.988718978999479e-009 4.439792602549379e-009 5.837288781328903e-009 7.242212654948232e-009 8.653297687481709e-009 1.006034716186287e-008 1.142996704988214e-008 1.284267939866306e-008 1.427273287389928e-008 1.573893005909304e-008 1.723905358986461e-008 1.876938274100294e-008 2.03228862197672e-008 2.189604933157378e-008 2.349101214290238e-008 2.510309215340965e-008 2.668023112989233e-008 2.827474770384203e-008 2.989625125391643e-008 3.152818719718373e-008 3.31809515915234e-008 3.48531811863125e-008 3.64512742517003e-008 3.803521089590879e-008 3.958624868031573e-008 4.11039682684021e-008 4.265996090051279e-008 4.421461063259271e-008 4.582555611510333e-008 4.749924132477022e-008 4.913830119379252e-008 5.081345524115731e-008 5.241253788645679e-008 5.398218574591054e-008 5.549664679413239e-008 5.693711566027169e-008 5.838153480429161e-008
-6.326344904526007e-011 1.469659116483698e-009 2.972935550661623e-009 4.424075332201205e-009 5.833483764098361e-009 7.247882866691192e-009 8.661650203810958e-009 1.00725012313058e-008 1.146909327998895e-008 1.289073337942984e-008 1.433381947768025e-008 1.580795973497273e-008 1.731581823439607e-008 1.885200308358041e-008 2.041852139687513e-008 2.199759791606693e-008 2.359304754804077e-008 2.519532559125317e-008 2.679460131622006e-008 2.840182580689954e-008 3.003092588326843e-008 3.166783309601201e-008 3.331926250075628e-008 3.496655102634589e-008 3.65866837590144e-008 3.817879567078114e-008 3.973704560675209e-008 4.127747852464675e-008 4.283707068257738e-008 4.44134937939397e-008 4.603412176045776e-008 4.769312058229401e-008 4.934538370011076e-008 5.100203099231824e-008 5.260757643240092e-008 5.41732188732113e-008 5.568525199271186e-008 5.714321108532894e-008 5.858433671254256e-008
-3.031212654019158e-011 1.475285990658277e-009 2.982748536340798e-009 4.419031938982449e-009 5.809343866982349e-009 7.24310789059605e-009 8.665649453790135e-009 1.008645851403755e-008 1.149480822957434e-008 1.29339219308375e-008 1.438486737983679e-008 1.586960246855546e-008 1.738148466828317e-008 1.892085343464152e-008 2.050631878332897e-008 2.20871690344302e-008 2.368073391224834e-008 2.527778219537217e-008 2.689247577637945e-008 2.850619939095615e-008 3.01470024316365e-008 3.178140501450069e-008 3.343307155931201e-008 3.506270632863472e-008 3.670077235244268e-008 3.831126643924524e-008 3.986867167395797e-008 4.141933854071288e-008 4.299243811898746e-008 4.457328277576625e-008 4.620606999272107e-008 4.786721541727779e-008 4.95132804370704e-008 5.117192600107823e-008 5.276925729006137e-008 5.433519736135563e-008 5.585102969283488e-008 5.73073998337184e-008 5.876597321819055e-008
-5.479624276457652e-011 1.461748847515557e-009 2.961377534636774e-009 4.408978362735432e-009 5.821718896695747e-009 7.248180454493226e-009 8.677381001550705e-009 1.010456080700891e-008 1.152577446558967e-008 1.296842638228737e-008 1.443069065127535e-008 1.592254386741597e-008 1.744305811759329e-008 1.899232486716482e-008 2.057593718885642e-008 2.216863082372806e-008 2.376531281613669e-008 2.536919508960617e-008 2.698348673558134e-008 2.860571466754152e-008 3.024170849908576e-008 3.188223009656847e-008 3.352772144192557e-008 3.51671402873839e-008 3.679377256877634e-008 3.839995334745579e-008 3.997519038855715e-008 4.15376427454193e-008 4.311680913615961e-008 4.471358768561422e-008 4.634223694942362e-008 4.79986682466101e-008 4.964754847371081e-008 5.129774046967386e-008 5.29006008812073e-008 5.446337775324815e-008 5.597739844326999e-008 5.744578960494974e-008 5.889644677988011e-008
-1.104778544818977e-010 1.436652383338571e-009 2.956242406009759e-009 4.412373704928943e-009 5.818260200704917e-009 7.246301721371157e-009 8.689652031163803e-009 1.01307154658635e-008 1.154792665239348e-008 1.299697922694624e-008 1.446900053904818e-008 1.596803434720119e-008 1.749616815494336e-008 1.9045811618093e-008 2.063898514996372e-008 2.224592220388861e-008 2.383892184826671e-008 2.544543472329068e-008 2.706059361940882e-008 2.86862555374141e-008 3.031974043651077e-008 3.196151739122978e-008 3.360318110324771e-008 3.524868911058823e-008 3.687019517881445e-008 3.847496587957935e-008 4.006601152590004e-008 4.162432829203424e-008 4.321647992962221e-008 4.482166072951045e-008 4.644324882744787e-008 4.810925453759438e-008 4.974438469509193e-008 5.140320522479934e-008 5.300458297491277e-008 5.456218592530518e-008 5.608423088722534e-008 5.754703197968214e-008 5.899286884953235e-008
-4.91235064336449e-011 1.482469805399497e-009 2.9609772100087e-009 4.403199654323976e-009 5.823599880912144e-009 7.250260633256021e-009 8.691057736086408e-009 1.013614955810748e-008 1.157248601527959e-008 1.302266672699964e-008 1.450065707573519e-008 1.600783901113782e-008 1.754254928007785e-008 1.910257965215262e-008 2.069009512147755e-008 2.229343827942374e-008 2.389558643448792e-008 2.550462558162612e-008 2.712122107654691e-008 2.874910076503707e-008 3.038404073341872e-008 3.202793290296666e-008 3.36708722675761e-008 3.531270687789586e-008 3.693814703152197e-008 3.854449152756196e-008 4.013524601034327e-008 4.171380058574679e-008 4.330287494001228e-008 4.491309951302413e-008 4.654394169084058e-008 4.819264981613932e-008 4.98423021104664e-008 5.147635959810682e-008 5.307944817368171e-008 5.463791976847621e-008 5.615993940982882e-008 5.764286352255639e-008 5.910065140058922e-008
8.267171956495611e-011 1.576362663775694e-009 2.980960786163912e-009 4.39289572560519e-009 5.822115913775881e-009 7.238265628347923e-009 8.687256602995105e-009 1.015063544053751e-008 1.159818119415587e-008 1.30361945908282e-008 1.45235609969842e-008 1.604349056412711e-008 1.758102717323672e-008 1.915023597482314e-008 2.073032367892364e-008 2.233640160174411e-008 2.394171223647061e-008 2.555044522513549e-008 2.716631296090366e-008 2.879744680649055e-008 3.043107563593841e-008 3.207921288849848e-008 3.372027907396073e-008 3.536181393300713e-008 3.699514668798267e-008 3.859950977517347e-008 4.01939601089901e-008 4.178316048600999e-008 4.336487172077445e-008 4.498207645295677e-008 4.661852674902229e-008 4.825424457726984e-008 4.991633975493796e-008 5.153115856629822e-008 5.313452675135907e-008 5.469277823215225e-008 5.621666206286371e-008 5.771833167170898e-008 5.916493723656472e-008
1.21636746543495e-010 1.572450577839034e-009 2.984424989239853e-009 4.397299208107883e-009 5.818995814758139e-009 7.246066536372958e-009 8.689615970305308e-009 1.01488806869377e-008 1.160559363248225e-008 1.305956464758561e-008 1.454532656339088e-008 1.606618239603752e-008 1.761132603183654e-008 1.918022786901604e-008 2.076606447498963e-008 2.236826157076664e-008 2.397786476400969e-008 2.558749475595731e-008 2.720221309568679e-008 2.883236099161117e-008 3.047568843220352e-008 3.212057286969237e-008 3.376192765697623e-008 3.539834253984165e-008 3.702710786608439e-008 3.863668282795511e-008 4.023300543730479e-008 4.182664513621571e-008 4.342266164757414e-008 4.503955449788529e-008 4.667318681541356e-008 4.831524025406942e-008 4.995818808492011e-008 5.158098627046062e-008 5.31729886422631e-008 5.473104119493168e-008 5.625124644448213e-008 5.773857531096979e-008 5.921186242886589e-008
