data/bds_gridfiles/version0/BDSZ-R100-Q46W14S0.grd
DSAA
361 181
-180 180
-90 90
-7.7835082821829E-008 8.111063813311E-008
[rows 153 to 169 of 181, columns 76 to 113 of 361]
-7.676667822864348e-008 -7.669918392733575e-008 -7.662657644913079e-008 -7.654848356375199e-008 -7.646329454212006e-008 -7.637049136231842e-008 -7.627234081667772e-008 -7.617032848548986e-008 -7.6061229273268e-008 -7.592557956490755e-008 -7.578710008821084e-008 -7.567783489249013e-008 -7.559838946944003e-008 -7.552408016215618e-008 -7.546738094526291e-008 -7.548789449393654e-008 -7.556541431978251e-008 -7.564859782398597e-008 -7.579136995705512e-008 -7.594872787200764e-008 -7.607086595071054e-008 -7.618037288230055e-008 -7.628336318589374e-008 -7.638286708749208e-008 -7.647479769828384e-008 -7.655934106866726e-008 -7.663803584189066e-008 -7.67109637245857e-008 -7.677819485575121e-008 -7.684107257297774e-008 -7.689689401487864e-008 -7.694299257157705e-008 -7.698176059290185e-008 -7.701408224484072e-008 -7.703981905813102e-008 -7.705929629604476e-008 -7.707048853742598e-008 -7.707492379165701e-008
-7.701628166426142e-008 -7.695178311325603e-008 -7.688141869347499e-008 -7.680538072928848e-008 -7.672250207292065e-008 -7.663250830572593e-008 -7.653546394419988e-008 -7.643681463146151e-008 -7.633069273298988e-008 -7.620258649601653e-008 -7.607425967947855e-008 -7.595450869510117e-008 -7.587967465592253e-008 -7.580567997278777e-008 -7.574325090425894e-008 -7.577373492237089e-008 -7.585294528870099e-008 -7.592758912753756e-008 -7.606398257003577e-008 -7.622014448890417e-008 -7.633923379372475e-008 -7.644472808857135e-008 -7.654381727736748e-008 -7.663984387130203e-008 -7.672863302932526e-008 -7.681070123122129e-008 -7.688680512067827e-008 -7.695753823234542e-008 -7.702381249311734e-008 -7.708381597584079e-008 -7.713636610801776e-008 -7.718007081941791e-008 -7.721651350232137e-008 -7.724688005522015e-008 -7.727182460397777e-008 -7.729036245294649e-008 -7.730121901011803e-008 -7.730578479928913e-008
-7.722016244666008e-008 -7.715835157154245e-008 -7.709068113979708e-008 -7.701647284452871e-008 -7.693629375937651e-008 -7.685083916242339e-008 -7.675722049745532e-008 -7.665799222754529e-008 -7.654863549764532e-008 -7.643479529924249e-008 -7.633769141506598e-008 -7.622064836964818e-008 -7.61190221112127e-008 -7.601618977678442e-008 -7.594021071399521e-008 -7.59475978832927e-008 -7.603946494786147e-008 -7.614834918338963e-008 -7.63059133240329e-008 -7.645152669209806e-008 -7.655644653890313e-008 -7.665904201853966e-008 -7.675745414050224e-008 -7.685093418591431e-008 -7.693644807724338e-008 -7.701557864437111e-008 -7.708940943567407e-008 -7.715787620061401e-008 -7.722125712972057e-008 -7.727711272422373e-008 -7.73256768153196e-008 -7.736818138496103e-008 -7.740304725528635e-008 -7.743217852393732e-008 -7.745523769599077e-008 -7.747218041084626e-008 -7.748398139113109e-008 -7.748948088476887e-008
-7.737878912960767e-008 -7.731863952355273e-008 -7.725306891784381e-008 -7.718106487685339e-008 -7.710404054610014e-008 -7.702178097852995e-008 -7.693216769893805e-008 -7.683331826164956e-008 -7.672195205905636e-008 -7.661746988309327e-008 -7.652842102548773e-008 -7.643075642776279e-008 -7.631707976174122e-008 -7.619335339538164e-008 -7.612384717760064e-008 -7.612802363821115e-008 -7.620701717976993e-008 -7.632532472199029e-008 -7.649441672647951e-008 -7.663291398455166e-008 -7.673225323547825e-008 -7.683013427303839e-008 -7.69254597843962e-008 -7.701592755397071e-008 -7.70985416521505e-008 -7.717467107014621e-008 -7.724605724574607e-008 -7.731186268337579e-008 -7.737156873344169e-008 -7.742471172373317e-008 -7.74709836176671e-008 -7.750988049735899e-008 -7.754233141058698e-008 -7.757087959714549e-008 -7.759363842486802e-008 -7.760980954817341e-008 -7.762113719496913e-008 -7.76271038102032e-008
-7.749009179665287e-008 -7.743260097342652e-008 -7.736914542999566e-008 -7.72992491378855e-008 -7.722399497142814e-008 -7.714401890756992e-008 -7.705868600418202e-008 -7.696309118784022e-008 -7.685288101485815e-008 -7.674664557821594e-008 -7.665590555001682e-008 -7.657189168904782e-008 -7.646495559216124e-008 -7.635394707982021e-008 -7.630492541669127e-008 -7.633332308626299e-008 -7.638657214186361e-008 -7.647196855301617e-008 -7.662580783164661e-008 -7.676047403741693e-008 -7.686467839875039e-008 -7.696071720727744e-008 -7.704880661568128e-008 -7.713444802453551e-008 -7.721437858078435e-008 -7.7288314710094e-008 -7.735760071091489e-008 -7.741963964654674e-008 -7.747520653274401e-008 -7.752505099017418e-008 -7.756830764233129e-008 -7.760439700097745e-008 -7.76361504571727e-008 -7.766324152787547e-008 -7.768560359398392e-008 -7.770165449702671e-008 -7.771288559342845e-008 -7.771816707776263e-008
-7.755597966624329e-008 -7.750097461909038e-008 -7.743967952487656e-008 -7.737177187173152e-008 -7.729890046994283e-008 -7.722183154742013e-008 -7.713920338218069e-008 -7.704863383843359e-008 -7.694354027456158e-008 -7.68311071725407e-008 -7.674398394997754e-008 -7.666103499244211e-008 -7.654229868049132e-008 -7.64569983076968e-008 -7.643250653470121e-008 -7.645715333867143e-008 -7.649818152414262e-008 -7.658826534645936e-008 -7.673245316086199e-008 -7.684396724228564e-008 -7.694833656630516e-008 -7.704187067526593e-008 -7.712530824893125e-008 -7.720622257122864e-008 -7.728185158549675e-008 -7.73532226085146e-008 -7.742092121942147e-008 -7.748005463808554e-008 -7.753204136173206e-008 -7.757764457631633e-008 -7.761803989743455e-008 -7.765404208129459e-008 -7.768489130275516e-008 -7.770981525405422e-008 -7.773005720070773e-008 -7.774504911820365e-008 -7.775487946803959e-008 -7.776033071414083e-008
-7.757726940506875e-008 -7.752450628047664e-008 -7.746493190849091e-008 -7.739877696601154e-008 -7.732832237922804e-008 -7.725378101586228e-008 -7.71735997860821e-008 -7.709016049867807e-008 -7.699547927719018e-008 -7.687622736322902e-008 -7.67756832765215e-008 -7.667360288932266e-008 -7.655271109098117e-008 -7.649511908153144e-008 -7.648815127518561e-008 -7.651890859120566e-008 -7.657485965668613e-008 -7.668611069545527e-008 -7.680364978653254e-008 -7.688612033632105e-008 -7.697355227628138e-008 -7.706899878394418e-008 -7.715292103954264e-008 -7.723128656061018e-008 -7.730274296784645e-008 -7.736926222553849e-008 -7.743359709031274e-008 -7.749149407161355e-008 -7.754086978189185e-008 -7.758387323003871e-008 -7.762273357704648e-008 -7.76567411865705e-008 -7.768578983479114e-008 -7.770910714726547e-008 -7.772730547851385e-008 -7.774038728483743e-008 -7.774705638570725e-008 -7.774920302714378e-008
-7.755195186000719e-008 -7.75014191786177e-008 -7.744361835727754e-008 -7.737876054510483e-008 -7.731059430593523e-008 -7.723933023815703e-008 -7.71629718261563e-008 -7.708334963877264e-008 -7.699405427457436e-008 -7.68739204081069e-008 -7.67573603624994e-008 -7.666082303838196e-008 -7.655924639970366e-008 -7.650361041519723e-008 -7.650188013452999e-008 -7.654249023698256e-008 -7.662435959298265e-008 -7.672099043680678e-008 -7.680717452501231e-008 -7.68825680170207e-008 -7.6956810226472e-008 -7.70445934875359e-008 -7.713254077092189e-008 -7.721071190791971e-008 -7.727950858700019e-008 -7.734262818924302e-008 -7.740102514120296e-008 -7.745473751605419e-008 -7.750216007685508e-008 -7.754428278739614e-008 -7.758219440419113e-008 -7.761410321413011e-008 -7.763931777978353e-008 -7.766043283161756e-008 -7.767743189307982e-008 -7.769022374359122e-008 -7.769675953964211e-008 -7.76973678714666e-008
-7.747757978267533e-008 -7.743011115593193e-008 -7.737362460810847e-008 -7.731076325137944e-008 -7.724685092062288e-008 -7.717958887025761e-008 -7.710657401259385e-008 -7.702735091064923e-008 -7.693511684083463e-008 -7.681444624110571e-008 -7.67086935516485e-008 -7.664178724939768e-008 -7.658052435120191e-008 -7.650957445261971e-008 -7.649470539897698e-008 -7.653476852383703e-008 -7.661651940356103e-008 -7.668525086852356e-008 -7.674283904278915e-008 -7.68165192690582e-008 -7.689316844800113e-008 -7.697718829749251e-008 -7.706690893303475e-008 -7.714471763324363e-008 -7.721060146583155e-008 -7.726983423943776e-008 -7.732348617558437e-008 -7.737217617956883e-008 -7.741681482390838e-008 -7.74574715003776e-008 -7.749217884118704e-008 -7.752079833293681e-008 -7.754596507334197e-008 -7.75653796658952e-008 -7.758071263456629e-008 -7.759330059633523e-008 -7.759999710004429e-008 -7.759987292192316e-008
-7.735653403312206e-008 -7.730954728871407e-008 -7.725434671838265e-008 -7.719595437724116e-008 -7.713773979063275e-008 -7.707465854262295e-008 -7.700412350250647e-008 -7.692434897416988e-008 -7.682519364812477e-008 -7.670993403020304e-008 -7.662151929656663e-008 -7.656202324835645e-008 -7.65175572189891e-008 -7.647337585906968e-008 -7.645168377438209e-008 -7.648088021199495e-008 -7.654602078958395e-008 -7.660043781180472e-008 -7.665041929507066e-008 -7.671500162421147e-008 -7.678702239843056e-008 -7.686735078641716e-008 -7.695508022423334e-008 -7.703259622423791e-008 -7.709645297008128e-008 -7.715175438428615e-008 -7.719944498466274e-008 -7.724404994661913e-008 -7.728533419632379e-008 -7.732438163651575e-008 -7.735869265205212e-008 -7.738675836094013e-008 -7.740912060608451e-008 -7.742584035367508e-008 -7.743898773296317e-008 -7.744950298929932e-008 -7.745690569191121e-008 -7.745826817802533e-008
-7.719076973381246e-008 -7.714287021875838e-008 -7.70900738732662e-008 -7.70355436254517e-008 -7.697849271156792e-008 -7.691942243115107e-008 -7.685315049256506e-008 -7.677493919557917e-008 -7.667318681730619e-008 -7.656633096833019e-008 -7.649098975305887e-008 -7.644033937770678e-008 -7.639697797734839e-008 -7.636168492345722e-008 -7.634407325342523e-008 -7.636474175973388e-008 -7.642014847669172e-008 -7.647411564301833e-008 -7.652770995407065e-008 -7.658245462359271e-008 -7.664474822200872e-008 -7.671671403173163e-008 -7.679534321350651e-008 -7.687093518017143e-008 -7.693284702808169e-008 -7.698379459690263e-008 -7.703028681571254e-008 -7.707254470214577e-008 -7.710874002941296e-008 -7.714393600631435e-008 -7.717823652421411e-008 -7.720600945456962e-008 -7.722720012237899e-008 -7.724405270022499e-008 -7.72551776324012e-008 -7.726066138465521e-008 -7.726431410630875e-008 -7.726530510920382e-008
-7.697875265413427e-008 -7.693193673294278e-008 -7.688270987397853e-008 -7.683259287120309e-008 -7.677876264146503e-008 -7.671928335861883e-008 -7.665571573714051e-008 -7.658069701121956e-008 -7.648227314193659e-008 -7.638126258375086e-008 -7.631101177991757e-008 -7.626454951861537e-008 -7.6220694085694e-008 -7.618441522265739e-008 -7.616753974595335e-008 -7.618265525892386e-008 -7.623785377229278e-008 -7.629888906966617e-008 -7.63513496990105e-008 -7.64018738536836e-008 -7.646350057300708e-008 -7.652653082079908e-008 -7.659161507068754e-008 -7.666087748377063e-008 -7.672250778361726e-008 -7.677472067184674e-008 -7.6819867195173e-008 -7.685730509803875e-008 -7.688755631276789e-008 -7.691820795806709e-008 -7.69493021184325e-008 -7.697795803115869e-008 -7.700148285678399e-008 -7.701847200775787e-008 -7.702690261917518e-008 -7.702679338135566e-008 -7.702399564712858e-008 -7.702074306117615e-008
-7.672160407469741e-008 -7.667727335690624e-008 -7.663077616599301e-008 -7.658173795304405e-008 -7.652969318190964e-008 -7.64749749959939e-008 -7.641498042739716e-008 -7.634499333076711e-008 -7.6253841306465e-008 -7.615467038480948e-008 -7.607940257566023e-008 -7.602325534409844e-008 -7.597567945355403e-008 -7.595000140857373e-008 -7.593120069936372e-008 -7.593766163130141e-008 -7.599152616479349e-008 -7.60648155023227e-008 -7.612389404046926e-008 -7.618063339803063e-008 -7.624253548587951e-008 -7.629483507828502e-008 -7.634912694846709e-008 -7.640814092028598e-008 -7.646487061798848e-008 -7.65171535078417e-008 -7.656081425345484e-008 -7.659488159510522e-008 -7.662522868998338e-008 -7.665463796998641e-008 -7.668046805697895e-008 -7.670424944795776e-008 -7.672565674876793e-008 -7.674079227360129e-008 -7.674661809689084e-008 -7.674688218600306e-008 -7.674622887692973e-008 -7.674286404168445e-008
-7.642046880980992e-008 -7.637932027642228e-008 -7.633590932355484e-008 -7.629008896000192e-008 -7.624151772128609e-008 -7.618861356075334e-008 -7.613214528169812e-008 -7.606875047786597e-008 -7.598828363846335e-008 -7.589132269561879e-008 -7.580603808237363e-008 -7.574365354811005e-008 -7.570380265468914e-008 -7.567516974007321e-008 -7.564004938099918e-008 -7.56397815715415e-008 -7.568897375250835e-008 -7.577210829667207e-008 -7.584733641471799e-008 -7.591333601873809e-008 -7.597032754273143e-008 -7.601791096955897e-008 -7.606656250205035e-008 -7.611668172762478e-008 -7.616313750558936e-008 -7.620930620557148e-008 -7.625315090574165e-008 -7.629014107291539e-008 -7.63228830374704e-008 -7.635063963371002e-008 -7.637145353308743e-008 -7.638718935215297e-008 -7.640044823493083e-008 -7.64095541316769e-008 -7.641687066545628e-008 -7.642456241885259e-008 -7.642974144701656e-008 -7.642739864009931e-008
-7.607552835452905e-008 -7.603802325159162e-008 -7.599787265637857e-008 -7.595492413630779e-008 -7.590841517977466e-008 -7.585950955201827e-008 -7.580762011519582e-008 -7.57507169561744e-008 -7.568297038938578e-008 -7.559574620094312e-008 -7.550395094264926e-008 -7.543366881317357e-008 -7.538691098545022e-008 -7.533982913242698e-008 -7.530138040196945e-008 -7.530798565384575e-008 -7.535838656080591e-008 -7.544537227004597e-008 -7.552256109826293e-008 -7.55886673521267e-008 -7.564595730103238e-008 -7.569372515456198e-008 -7.574102117816345e-008 -7.57871227710816e-008 -7.582811331845852e-008 -7.586715055930183e-008 -7.590587482315604e-008 -7.594157881908282e-008 -7.597257521900993e-008 -7.599709427677339e-008 -7.601390620286317e-008 -7.602751290933102e-008 -7.603957268276883e-008 -7.604864626559133e-008 -7.605559763097362e-008 -7.606167349953034e-008 -7.60669281066743e-008 -7.60650470807717e-008
-7.568641099669124e-008 -7.565288618489492e-008 -7.561608919809022e-008 -7.557603869015063e-008 -7.553358973734731e-008 -7.548904430436632e-008 -7.543995345060953e-008 -7.538954152363446e-008 -7.53332575646046e-008 -7.526151965506761e-008 -7.517606766653311e-008 -7.509500012914988e-008 -7.503059217957401e-008 -7.497687007588661e-008 -7.494895110870448e-008 -7.495699444780964e-008 -7.501636958749568e-008 -7.510776858042159e-008 -7.516640461610233e-008 -7.521578515676353e-008 -7.527112504510561e-008 -7.532347959303394e-008 -7.537238655788977e-008 -7.541669473254544e-008 -7.545490602535272e-008 -7.548909706114464e-008 -7.552090936355933e-008 -7.554962647954711e-008 -7.557327061946819e-008 -7.559249500853876e-008 -7.561052092740117e-008 -7.5627861650117e-008 -7.564322178836523e-008 -7.565393029129096e-008 -7.565973104950874e-008 -7.566143290219189e-008 -7.565989247520629e-008 -7.565421736944409e-008
-7.525286227692491e-008 -7.522353964061861e-008 -7.51906989075407e-008 -7.515406604926063e-008 -7.511473880883806e-008 -7.507222105328854e-008 -7.502765962021647e-008 -7.498500188081127e-008 -7.493583092030439e-008 -7.487688103188777e-008 -7.481058527138789e-008 -7.473457097412307e-008 -7.46598055465894e-008 -7.460353867075692e-008 -7.457820487513123e-008 -7.459250375200068e-008 -7.466404461180233e-008 -7.474187198712704e-008 -7.478012969439833e-008 -7.48145676424183e-008 -7.486106929796258e-008 -7.491324716281801e-008 -7.495996512819698e-008 -7.500043427846811e-008 -7.503612769905854e-008 -7.506708178723655e-008 -7.509496931639699e-008 -7.511963607586536e-008 -7.514046567790685e-008 -7.515907516674849e-008 -7.517616437376837e-008 -7.519114152911742e-008 -7.520500554104723e-008 -7.521582256159587e-008 -7.522058650316909e-008 -7.521914792798494e-008 -7.521281480238824e-008 -7.520471144205261e-008
