data/bds_gridfiles/version0/BDSZ-R100-Q46W14S0.grd
DSAA
361 181
-180 180
-90 90
-7.7835082821829E-008 8.111063813311E-008
[rows 85 to 101 of 181, columns 0 to 37 of 361]
6.084177711129782e-009 6.129802799064026e-009 6.175616452470934e-009 6.22249240991954e-009 6.26505865450222e-009 6.307066060719287e-009 6.349289915327586e-009 6.38977118927167e-009 6.432463814696951e-009 6.476578278517431e-009 6.522254373923772e-009 6.569639682634051e-009 6.617604641813071e-009 6.666229559840506e-009 6.715571405430056e-009 6.768013836537705e-009 6.820494101365192e-009 6.874041307582334e-009 6.926418234883164e-009 6.975953613272948e-009 7.023878712753471e-009 7.073352304230092e-009 7.122240204922527e-009 7.170216072789482e-009 7.217145977192987e-009 7.259545548788866e-009 7.298281129971742e-009 7.335620535294224e-009 7.37000665751619e-009 7.404079386494818e-009 7.436758283478777e-009 7.473844634354372e-009 7.51409519991966e-009 7.551454133020109e-009 7.588935742695714e-009 7.622267889411357e-009 7.652666771725989e-009 7.678662127868288e-009
4.946535589377886e-009 4.979008098464849e-009 5.005535120297792e-009 5.02086805202166e-009 5.047845456172025e-009 5.067244150466607e-009 5.096772453786973e-009 5.123929477700958e-009 5.156297577366393e-009 5.187063403565707e-009 5.222146418177084e-009 5.258162202723937e-009 5.295541871220835e-009 5.333732559065242e-009 5.372489647657589e-009 5.41538206292984e-009 5.455847358057476e-009 5.50033260925263e-009 5.540651449477816e-009 5.580975184354667e-009 5.617769014247333e-009 5.659936866311626e-009 5.698258097671949e-009 5.738325372784317e-009 5.774284549134982e-009 5.809114774476995e-009 5.838292738573616e-009 5.869644134400607e-009 5.895871938519301e-009 5.923940348845006e-009 5.944745884950675e-009 5.976275145753298e-009 6.010676460908077e-009 6.040836416201069e-009 6.071026917946648e-009 6.097638004385861e-009 6.122849636872654e-009 6.144186603955772e-009
3.774306746608333e-009 3.799884344384648e-009 3.825998762339009e-009 3.819996407584526e-009 3.826569615457497e-009 3.831863797450946e-009 3.847700757678375e-009 3.863428653533171e-009 3.885212302674471e-009 3.906082802139987e-009 3.931522886797139e-009 3.957264095720547e-009 3.985032101973825e-009 4.013810459497859e-009 4.043221092045823e-009 4.075578947037783e-009 4.105874544616739e-009 4.139506112987612e-009 4.168660023512247e-009 4.200389659701572e-009 4.226638577077893e-009 4.259543179390042e-009 4.286779136787843e-009 4.318912928866016e-009 4.343635337101164e-009 4.37235492575281e-009 4.391921062775007e-009 4.418100374087021e-009 4.434621789099485e-009 4.458842788693788e-009 4.473099800084709e-009 4.500297790656841e-009 4.520358618266849e-009 4.547149578009069e-009 4.565484904340556e-009 4.589200961596892e-009 4.604056361450325e-009 4.62298101024278e-009
2.533854400464393e-009 2.60737470101295e-009 2.650736888278319e-009 2.611028873896586e-009 2.597037524491577e-009 2.591113762904682e-009 2.598714590182473e-009 2.601784546635338e-009 2.618096392193529e-009 2.62627094977267e-009 2.647265084258823e-009 2.659529659190094e-009 2.682309717686726e-009 2.697760206384398e-009 2.722602729547559e-009 2.740019460643825e-009 2.76427888245329e-009 2.782771411444423e-009 2.804162308907605e-009 2.823568434898393e-009 2.84142568371008e-009 2.862045840495785e-009 2.88022284159113e-009 2.901948920960799e-009 2.916190195970606e-009 2.938202773506354e-009 2.947021529695514e-009 2.969208529682486e-009 2.974374380968479e-009 2.996873825930546e-009 3.001983476055228e-009 3.025315415541432e-009 3.029989406154254e-009 3.054809116013477e-009 3.057270775246971e-009 3.08185867546824e-009 3.081520838925255e-009 3.103901714696572e-009
1.19116554646923e-009 1.274691676115997e-009 1.358845711072567e-009 1.315675462816188e-009 1.323389396787268e-009 1.297295378883176e-009 1.312288819318466e-009 1.294362194998928e-009 1.314477073972628e-009 1.302615251150969e-009 1.325504669919154e-009 1.319937173375048e-009 1.341786105221222e-009 1.340371549111451e-009 1.360171744660457e-009 1.361444717176661e-009 1.37711213576526e-009 1.380049503916625e-009 1.391300870325675e-009 1.399674880847028e-009 1.406100776737823e-009 1.418135921769074e-009 1.420264041375182e-009 1.43559800167666e-009 1.431618020718357e-009 1.451582906747833e-009 1.442018359331733e-009 1.466808402560711e-009 1.45423426726965e-009 1.485252328782627e-009 1.47297945215807e-009 1.498659504700175e-009 1.478561618589897e-009 1.507543107892056e-009 1.484266217981258e-009 1.516363167318367e-009 1.492219283791835e-009 1.525003733732451e-009
-8.34547389591419e-011 -3.629875934301391e-011 1.793018576880664e-011 -1.935316933575246e-012 1.599166477225521e-011 -2.695370381597826e-012 6.873188700678163e-012 -9.927780290823895e-012 -8.616842588638337e-013 -1.449957467401772e-011 -3.851185847591773e-012 -1.069841259619791e-011 -1.576826806148679e-012 -7.470772802640675e-012 -9.995706175438589e-013 -7.430021099602606e-012 -4.63406015962235e-012 -1.361911194738807e-011 -1.301403470287878e-011 -1.379290857244506e-011 -1.543701248999422e-011 -1.545791526841409e-011 -2.003931780984429e-011 -2.060968306827295e-011 -2.800488417342609e-011 -2.373970620376184e-011 -3.291267534893159e-011 -2.242044362507878e-011 -3.259146626824657e-011 -9.753878007765449e-012 -1.787749420117315e-011 -1.09943697491921e-011 -3.016974298940185e-011 -2.026096669458046e-011 -4.065026697351511e-011 -2.659663936212808e-011 -4.5277452646903e-011 -2.793693793179511e-011
-1.268907847877614e-009 -1.226840865186353e-009 -1.207237761364733e-009 -1.20282947005888e-009 -1.189430557717264e-009 -1.200743068475219e-009 -1.192398461605622e-009 -1.211952408694376e-009 -1.204629259123007e-009 -1.225031815641072e-009 -1.217515476164889e-009 -1.234874401506362e-009 -1.229844077146636e-009 -1.246464813471327e-009 -1.245556595983725e-009 -1.262509445396417e-009 -1.268291823742409e-009 -1.284866866365873e-009 -1.293431241490276e-009 -1.303708454483923e-009 -1.314929746733213e-009 -1.322392923496553e-009 -1.338040075424659e-009 -1.342905715728694e-009 -1.360118704506338e-009 -1.358496907780736e-009 -1.375871399912931e-009 -1.366862544367661e-009 -1.385124947451008e-009 -1.368570923618018e-009 -1.388830908752808e-009 -1.379325573099516e-009 -1.409990543880831e-009 -1.400573788256005e-009 -1.431341312723585e-009 -1.418090552223986e-009 -1.445767352519868e-009 -1.428366680755502e-009
-2.386042044616149e-009 -2.388183870621428e-009 -2.397117936899391e-009 -2.371234095093219e-009 -2.3497268045413e-009 -2.353566363467843e-009 -2.35171676515222e-009 -2.364803548987643e-009 -2.369909902720715e-009 -2.386172673467574e-009 -2.394140592299975e-009 -2.411782779899161e-009 -2.422173980349707e-009 -2.441050947473794e-009 -2.454142047030257e-009 -2.474933340355855e-009 -2.495806534505495e-009 -2.516500787693893e-009 -2.537012089882883e-009 -2.556145785714243e-009 -2.576356121987291e-009 -2.594314943522042e-009 -2.617030601079959e-009 -2.633308757121899e-009 -2.651459988970094e-009 -2.664089094162542e-009 -2.676744543348003e-009 -2.685910029998043e-009 -2.697444247346711e-009 -2.704564626200511e-009 -2.719930503525426e-009 -2.728972039667455e-009 -2.750875640093114e-009 -2.763478036422848e-009 -2.782795162743809e-009 -2.793368905824018e-009 -2.808514007423787e-009 -2.815364033226822e-009
-3.443466982996648e-009 -3.483164811846473e-009 -3.513944237421339e-009 -3.502672115079451e-009 -3.501857900836381e-009 -3.502989843423113e-009 -3.516887350227042e-009 -3.527308117066077e-009 -3.547858645189677e-009 -3.562155260429657e-009 -3.587595793660844e-009 -3.605212891511509e-009 -3.633676064852664e-009 -3.654357385083037e-009 -3.684520532945092e-009 -3.708247971347422e-009 -3.742082067742155e-009 -3.767015941641774e-009 -3.79916944730929e-009 -3.823088193586653e-009 -3.853885275292134e-009 -3.878119514123292e-009 -3.908611674596997e-009 -3.932791913385669e-009 -3.956933747552861e-009 -3.975851403442728e-009 -3.995266543366682e-009 -4.014154669113465e-009 -4.032090470106159e-009 -4.052743602598734e-009 -4.070229967197914e-009 -4.090284270320736e-009 -4.108839327888511e-009 -4.133377006750075e-009 -4.149712271876631e-009 -4.172578253306657e-009 -4.185734034739359e-009 -4.208628528563455e-009
-4.525955209586958e-009 -4.564506720614336e-009 -4.587831872032022e-009 -4.610032330784391e-009 -4.619546046856113e-009 -4.639481271482523e-009 -4.661004125517761e-009 -4.686002562919266e-009 -4.710230957428015e-009 -4.738000421631083e-009 -4.769592664109004e-009 -4.80051086835983e-009 -4.837476167393497e-009 -4.870891762854554e-009 -4.910121652073967e-009 -4.94429969049819e-009 -4.985348154170103e-009 -5.020322349891048e-009 -5.059163989022927e-009 -5.091719755553068e-009 -5.130323204327325e-009 -5.162234788529738e-009 -5.200132838350065e-009 -5.233137598480885e-009 -5.264493186506731e-009 -5.287603126374191e-009 -5.317952878984541e-009 -5.343311679335925e-009 -5.373687361622822e-009 -5.403194475552427e-009 -5.430570708625359e-009 -5.452771904554409e-009 -5.478113685588354e-009 -5.505193560167999e-009 -5.529178115504762e-009 -5.552706729552322e-009 -5.576551165262837e-009 -5.603390064295433e-009
-5.608136453268044e-009 -5.661785987832928e-009 -5.699051005091911e-009 -5.735213952309904e-009 -5.759848374336425e-009 -5.79258413439304e-009 -5.825836414426737e-009 -5.862460837792566e-009 -5.898678497505385e-009 -5.938381205369454e-009 -5.98049193215572e-009 -6.023985209348617e-009 -6.070658925616289e-009 -6.116730989800192e-009 -6.165707424333554e-009 -6.211473408191688e-009 -6.258168820913476e-009 -6.303135577971798e-009 -6.348739846665949e-009 -6.392516100738768e-009 -6.437716001494183e-009 -6.480272037317933e-009 -6.522185567952504e-009 -6.56224484579203e-009 -6.599050900008403e-009 -6.633809256104372e-009 -6.669727166846548e-009 -6.706301177024364e-009 -6.745217937210472e-009 -6.785309661140946e-009 -6.818801128453733e-009 -6.850212319694224e-009 -6.878858346400702e-009 -6.908571821166925e-009 -6.936097842048667e-009 -6.963597483091543e-009 -6.993801445039442e-009 -7.027277882530219e-009
-6.679943545546644e-009 -6.75125417000003e-009 -6.805875570018095e-009 -6.857618948246297e-009 -6.897657601611214e-009 -6.946829097239216e-009 -6.995623975051968e-009 -7.045522831691672e-009 -7.095108045234546e-009 -7.148508501995796e-009 -7.202707134403758e-009 -7.259371372209258e-009 -7.317255277374657e-009 -7.375597607307169e-009 -7.436510005946392e-009 -7.493535106440476e-009 -7.545472926067447e-009 -7.599115742373116e-009 -7.65316842529965e-009 -7.706179969703656e-009 -7.760257101896115e-009 -7.811537353326827e-009 -7.858012919950686e-009 -7.904064359549715e-009 -7.947026913303482e-009 -7.991690823778096e-009 -8.034590101414885e-009 -8.080825736148237e-009 -8.130408416276592e-009 -8.181273563734951e-009 -8.22280273822731e-009 -8.259452826578567e-009 -8.292759781946543e-009 -8.324412306881191e-009 -8.355656246418072e-009 -8.386004884402649e-009 -8.422173486946547e-009 -8.463097694893795e-009
-7.779812319516867e-009 -7.859940218420261e-009 -7.932130889756612e-009 -7.995621540114666e-009 -8.053276899096383e-009 -8.113601135789879e-009 -8.17445096280549e-009 -8.236492191909229e-009 -8.30094421606701e-009 -8.367207576443888e-009 -8.434982547803997e-009 -8.504574075267242e-009 -8.575085546475834e-009 -8.646379904855913e-009 -8.717543995810273e-009 -8.786107365866114e-009 -8.846885338099856e-009 -8.907483671073357e-009 -8.969555861548241e-009 -9.031444594140861e-009 -9.092840725451589e-009 -9.151764724139848e-009 -9.205374288647777e-009 -9.255325054411172e-009 -9.304859222156894e-009 -9.35384680276973e-009 -9.406316506629734e-009 -9.464868274769296e-009 -9.525417907970509e-009 -9.590760767834325e-009 -9.643808248062106e-009 -9.678134957265958e-009 -9.714328645242332e-009 -9.746992170336693e-009 -9.78099670549366e-009 -9.816394900761647e-009 -9.856353816782161e-009 -9.906570700800753e-009
-8.88878185716242e-009 -8.978415016149055e-009 -9.065148426648811e-009 -9.143479705164938e-009 -9.215628449007194e-009 -9.289680125373045e-009 -9.360392253404086e-009 -9.436271860480275e-009 -9.516195931514791e-009 -9.596243865356932e-009 -9.678133002510751e-009 -9.760803344939223e-009 -9.845258185073504e-009 -9.928538731454899e-009 -1.001162061990024e-008 -1.009301965567563e-008 -1.016068145924063e-008 -1.022697782433663e-008 -1.029782989229284e-008 -1.036882534304914e-008 -1.043719804383824e-008 -1.050534881901431e-008 -1.056508261672738e-008 -1.061781004545869e-008 -1.067541773616422e-008 -1.072570664380837e-008 -1.0788848310876e-008 -1.086048407905394e-008 -1.092824336872482e-008 -1.1018125264938e-008 -1.107746308182857e-008 -1.110739526515551e-008 -1.114695257965702e-008 -1.118029268724621e-008 -1.121897275552886e-008 -1.125637162081527e-008 -1.13019333882343e-008 -1.136073400394646e-008
-1.001401139571895e-008 -1.011535021156213e-008 -1.02121345354932e-008 -1.030221867481498e-008 -1.038794673878757e-008 -1.047276154506353e-008 -1.055919074322762e-008 -1.064994598332802e-008 -1.074211243508452e-008 -1.083453079440984e-008 -1.0929146079833e-008 -1.102636725530366e-008 -1.112286626372943e-008 -1.121814951410667e-008 -1.131071577176649e-008 -1.139953246973027e-008 -1.14792310712636e-008 -1.155616884999248e-008 -1.163497192754568e-008 -1.171489127012116e-008 -1.179246230509753e-008 -1.186473795059342e-008 -1.19311390834873e-008 -1.199329696090256e-008 -1.205645518209219e-008 -1.211993244459012e-008 -1.219177017529596e-008 -1.226992517238503e-008 -1.235223323899871e-008 -1.243736099642023e-008 -1.251055643780685e-008 -1.255716898844839e-008 -1.259172105927249e-008 -1.262995865503028e-008 -1.266767451021469e-008 -1.271151357389416e-008 -1.276213183163392e-008 -1.282376773116443e-008
-1.115870593673049e-008 -1.126678234080595e-008 -1.137153801938963e-008 -1.147207007379983e-008 -1.157051271824364e-008 -1.166385102438224e-008 -1.176669688143931e-008 -1.187543214429248e-008 -1.197991568848735e-008 -1.208203469125505e-008 -1.218972387841426e-008 -1.230368166713967e-008 -1.241092738325743e-008 -1.25192963765801e-008 -1.262029562748252e-008 -1.271604258117338e-008 -1.280832802730791e-008 -1.289508252389408e-008 -1.298167837434946e-008 -1.307258957308199e-008 -1.315873705209706e-008 -1.323567987097668e-008 -1.330896338747643e-008 -1.337920260756649e-008 -1.344936951434654e-008 -1.35241744924518e-008 -1.360391443917714e-008 -1.368952125081264e-008 -1.378316777587857e-008 -1.386798321714173e-008 -1.395938786260723e-008 -1.401700574541663e-008 -1.404378591994652e-008 -1.4089628432259e-008 -1.412591909281112e-008 -1.417730626279506e-008 -1.423087825626349e-008 -1.429698019583319e-008
-1.231519630597108e-008 -1.243209039193529e-008 -1.25470783948247e-008 -1.265917214049335e-008 -1.276915161684293e-008 -1.287523369082095e-008 -1.298904980909615e-008 -1.311046146792199e-008 -1.323027808242183e-008 -1.334691693489305e-008 -1.346826148036936e-008 -1.359341333561064e-008 -1.371618631535405e-008 -1.383254241309636e-008 -1.394307497460955e-008 -1.404873395315862e-008 -1.415010403758296e-008 -1.424674404893497e-008 -1.434048919118325e-008 -1.443753670682021e-008 -1.453457039032533e-008 -1.462079527185247e-008 -1.46975658549614e-008 -1.477402480022337e-008 -1.485026425194737e-008 -1.493146506438428e-008 -1.502292294870054e-008 -1.511839268228312e-008 -1.52228522676455e-008 -1.532175861609551e-008 -1.540637589859254e-008 -1.547001412260992e-008 -1.551224160426477e-008 -1.555497859140456e-008 -1.560000263486128e-008 -1.565249736633571e-008 -1.571525836128681e-008 -1.579007306615102e-008
