data/bds_gridfiles/version0/BDSZ-R100-Q46W14S0.grd
DSAA
361 181
-180 180
-90 90
-7.7835082821829E-008 8.111063813311E-008
[rows 102 to 118 of 181, columns 38 to 75 of 361]
-1.737902992878528e-008 -1.749312754270764e-008 -1.75823633494756e-008 -1.766399747181605e-008 -1.773820489579798e-008 -1.780869237339725e-008 -1.786725287043885e-008 -1.791425464535027e-008 -1.795459868027273e-008 -1.798778193815896e-008 -1.801687960894003e-008 -1.8037125234738e-008 -1.8057014878014e-008 -1.808138892260589e-008 -1.810858634969281e-008 -1.814130055851934e-008 -1.818089099293942e-008 -1.822192324682461e-008 -1.826981944885389e-008 -1.831058116529963e-008 -1.835707175300075e-008 -1.838246680346849e-008 -1.840926786950311e-008 -1.840200463937038e-008 -1.835515072851785e-008 -1.831432112557385e-008 -1.826279146321192e-008 -1.821483554095001e-008 -1.816018639377033e-008 -1.811649459219854e-008 -1.808931809668924e-008 -1.806735161010359e-008 -1.804184807429672e-008 -1.801833853180217e-008 -1.799595996510975e-008 -1.797437733659203e-008 -1.794388905643465e-008 -1.790911447762634e-008
-1.889622750815087e-008 -1.901433688318921e-008 -1.911544341652469e-008 -1.920189726526345e-008 -1.928205215381794e-008 -1.935231880421504e-008 -1.941407120215816e-008 -1.946504293614146e-008 -1.95078547395239e-008 -1.954198674892688e-008 -1.95693741260647e-008 -1.959241561950441e-008 -1.961164370225521e-008 -1.963579079663158e-008 -1.966126137180573e-008 -1.969541624968792e-008 -1.973910302605631e-008 -1.978448609671546e-008 -1.983964223899019e-008 -1.988780592867113e-008 -1.993779215942928e-008 -1.997138154144515e-008 -1.998911423424306e-008 -1.998264862023976e-008 -1.994026242658731e-008 -1.988892296971035e-008 -1.98307352274264e-008 -1.97683247222732e-008 -1.971418728261554e-008 -1.966429714330232e-008 -1.963171554687673e-008 -1.961081484356415e-008 -1.958624236296451e-008 -1.956564558613091e-008 -1.954189885418524e-008 -1.951864176344096e-008 -1.948834731727995e-008 -1.945305351816877e-008
-2.041348292589514e-008 -2.054693193497511e-008 -2.065357601789805e-008 -2.074394900642949e-008 -2.082905722866258e-008 -2.090256737834737e-008 -2.096705120580952e-008 -2.102339210987108e-008 -2.106724630113021e-008 -2.110338279768058e-008 -2.112939977562245e-008 -2.115524302030903e-008 -2.117247433187681e-008 -2.119798615021916e-008 -2.122055755354409e-008 -2.125588318954834e-008 -2.130361321495659e-008 -2.135075779989554e-008 -2.141455141575794e-008 -2.14645770292463e-008 -2.152369987493726e-008 -2.155728395898909e-008 -2.157761249436782e-008 -2.156849621697634e-008 -2.152371684248847e-008 -2.14639539165671e-008 -2.140077798792291e-008 -2.132848762905736e-008 -2.127106306953547e-008 -2.121564964542968e-008 -2.117996529639837e-008 -2.116138707795993e-008 -2.113530537152964e-008 -2.111612780290954e-008 -2.109067065571679e-008 -2.106776482070325e-008 -2.103565778040193e-008 -2.100040332485836e-008
-2.194199987605559e-008 -2.206838383125988e-008 -2.218357560041061e-008 -2.228458948446199e-008 -2.237678936729579e-008 -2.24601225930373e-008 -2.253043692142267e-008 -2.259609961567727e-008 -2.264016165514228e-008 -2.267203908717408e-008 -2.270083471745951e-008 -2.272504755565125e-008 -2.27472651045401e-008 -2.276554453593526e-008 -2.279059140613552e-008 -2.282486024971498e-008 -2.286749457240606e-008 -2.29242249791487e-008 -2.298535375456313e-008 -2.304736584750034e-008 -2.311072388326699e-008 -2.315039399945872e-008 -2.318416001796491e-008 -2.316485453693637e-008 -2.310458529763757e-008 -2.304407286509371e-008 -2.296839509075873e-008 -2.289836934565035e-008 -2.282430483948933e-008 -2.276711476529098e-008 -2.273916718743362e-008 -2.271690504679395e-008 -2.269201278227168e-008 -2.267017944519543e-008 -2.26460575944689e-008 -2.262302565709737e-008 -2.259019767279773e-008 -2.255513576697769e-008
-2.347531541595813e-008 -2.36007974311953e-008 -2.37195095260415e-008 -2.382888232631204e-008 -2.392879107642553e-008 -2.401893286369798e-008 -2.409729897872064e-008 -2.416916451577745e-008 -2.42189187786276e-008 -2.42429906458303e-008 -2.42769647254489e-008 -2.43007405200347e-008 -2.432706417078573e-008 -2.43398811639091e-008 -2.436613523379453e-008 -2.439976802081582e-008 -2.444057020219182e-008 -2.450142004432458e-008 -2.456400226752305e-008 -2.462961531024871e-008 -2.469895275291911e-008 -2.474001531018944e-008 -2.478393985966867e-008 -2.476435669656589e-008 -2.468386167873051e-008 -2.462547396866061e-008 -2.453960760937897e-008 -2.447034633749932e-008 -2.43840030995418e-008 -2.432395499932613e-008 -2.430002427910319e-008 -2.427654794809558e-008 -2.424954304692665e-008 -2.422648863504284e-008 -2.420175102734658e-008 -2.417845302317598e-008 -2.41446261718187e-008 -2.410832327682873e-008
-2.501127572670294e-008 -2.514030704255046e-008 -2.526500443888744e-008 -2.53813921298154e-008 -2.548713181856329e-008 -2.558370439692525e-008 -2.566602653506581e-008 -2.573718138132927e-008 -2.579013150880172e-008 -2.582432321362237e-008 -2.585900292686822e-008 -2.588642445866112e-008 -2.591285158643481e-008 -2.592777963643501e-008 -2.59537210793487e-008 -2.598599501831464e-008 -2.602858387099682e-008 -2.608636647459543e-008 -2.615067668250625e-008 -2.621629142359007e-008 -2.628396509565608e-008 -2.632934552219298e-008 -2.636916914788492e-008 -2.635113788088131e-008 -2.627660738324157e-008 -2.620809003436892e-008 -2.611744235060593e-008 -2.603775537356694e-008 -2.595734226091461e-008 -2.589354616477249e-008 -2.585784253635926e-008 -2.58307755990097e-008 -2.580490215278629e-008 -2.578267716144518e-008 -2.575719177743052e-008 -2.573426755540382e-008 -2.569976567068079e-008 -2.566114677720073e-008
-2.655535461026687e-008 -2.668359118072326e-008 -2.681373123027982e-008 -2.69348299640939e-008 -2.704542704753901e-008 -2.714765567175104e-008 -2.723322086830073e-008 -2.730687473420818e-008 -2.736500385135257e-008 -2.740139111567073e-008 -2.744147886687659e-008 -2.747126845336739e-008 -2.750196912183856e-008 -2.751500177974072e-008 -2.754255972723309e-008 -2.757604017081087e-008 -2.761661096927554e-008 -2.767538537868079e-008 -2.773908185051027e-008 -2.780265299633742e-008 -2.787228567361296e-008 -2.79123404977195e-008 -2.796067802866549e-008 -2.794271695410097e-008 -2.785817781260313e-008 -2.779204079122027e-008 -2.7693892582351e-008 -2.761283536411346e-008 -2.753121814119107e-008 -2.746247417915396e-008 -2.742346352981107e-008 -2.739463733049233e-008 -2.736617872429959e-008 -2.734367913307651e-008 -2.731519037490409e-008 -2.729279415933223e-008 -2.725497658610208e-008 -2.721540480095147e-008
-2.809543454183429e-008 -2.822899487051935e-008 -2.836010062199639e-008 -2.848549630768078e-008 -2.860123673635746e-008 -2.870902894234359e-008 -2.879956012687891e-008 -2.887635666910558e-008 -2.893873741130353e-008 -2.898236438042439e-008 -2.902431814141625e-008 -2.905510190629059e-008 -2.908540027988374e-008 -2.910959609164095e-008 -2.913928581718316e-008 -2.917344325376617e-008 -2.921430997815703e-008 -2.926951296010062e-008 -2.93368209146819e-008 -2.939907881292703e-008 -2.946890022750863e-008 -2.951085118817979e-008 -2.953226168269064e-008 -2.951302741777976e-008 -2.944847447628211e-008 -2.937138360246482e-008 -2.928440975008959e-008 -2.919436239738222e-008 -2.911651314983808e-008 -2.904376769649417e-008 -2.899600340389568e-008 -2.896935189605901e-008 -2.893967606148653e-008 -2.891180382106133e-008 -2.88821559319198e-008 -2.885205168249667e-008 -2.881529478077148e-008 -2.876790792292317e-008
-2.963888033547485e-008 -2.977417266689288e-008 -2.990710993266539e-008 -3.003570708228928e-008 -3.015467740044021e-008 -3.026958006889702e-008 -3.036278767185869e-008 -3.044392655481478e-008 -3.051118335506554e-008 -3.055740097143537e-008 -3.060383349109124e-008 -3.06362571996222e-008 -3.066932880305363e-008 -3.070094297365e-008 -3.073192122097046e-008 -3.076944358903824e-008 -3.080748107896531e-008 -3.086108264345401e-008 -3.093278975786702e-008 -3.098775644462188e-008 -3.106500817796446e-008 -3.109894821606121e-008 -3.111047941772814e-008 -3.109282946601325e-008 -3.103004226877792e-008 -3.095083248331924e-008 -3.08697766091512e-008 -3.077377511827758e-008 -3.06997898351447e-008 -3.062118133806217e-008 -3.056941363132489e-008 -3.054642501229656e-008 -3.051073131244689e-008 -3.048113764292172e-008 -3.044531826688107e-008 -3.041345358503454e-008 -3.037272962074254e-008 -3.032254625519324e-008
-3.11786341525433e-008 -3.131887200401241e-008 -3.145590572290345e-008 -3.158962266652976e-008 -3.171095303597536e-008 -3.18247449841539e-008 -3.192225765038231e-008 -3.200640880837254e-008 -3.207624828264336e-008 -3.212666138048953e-008 -3.217382756503161e-008 -3.221742521479437e-008 -3.225813413133966e-008 -3.229163603626892e-008 -3.232373036817712e-008 -3.236327937780145e-008 -3.240669441365806e-008 -3.24599424644475e-008 -3.252500786110773e-008 -3.258258505347315e-008 -3.264705097043627e-008 -3.26842431538921e-008 -3.268790800502347e-008 -3.266365733214164e-008 -3.260982137781236e-008 -3.252963196108825e-008 -3.245097919611306e-008 -3.235677589461224e-008 -3.228108494552399e-008 -3.221155866251411e-008 -3.216014796985642e-008 -3.212312968639832e-008 -3.20916791669181e-008 -3.205252964539167e-008 -3.201518939689799e-008 -3.197644632011704e-008 -3.194072776868398e-008 -3.188644255537259e-008
-3.271685404121613e-008 -3.28601176194964e-008 -3.30007175990547e-008 -3.313920342620693e-008 -3.326154666662038e-008 -3.337686458418605e-008 -3.347715973485891e-008 -3.3565301726251e-008 -3.363936779862531e-008 -3.36899077029184e-008 -3.374034129433386e-008 -3.379374356680754e-008 -3.384043115974263e-008 -3.387727914680271e-008 -3.390828623935652e-008 -3.395133249246122e-008 -3.399695723338552e-008 -3.40475703590178e-008 -3.411360790373107e-008 -3.416464351637978e-008 -3.422958207894702e-008 -3.426506701634186e-008 -3.426397352746147e-008 -3.423691885859141e-008 -3.418758904997622e-008 -3.410356220451792e-008 -3.403072825153367e-008 -3.393330736799721e-008 -3.385836963214172e-008 -3.379259239349409e-008 -3.37354869414526e-008 -3.369695699900163e-008 -3.366152288955876e-008 -3.361766459127636e-008 -3.35748350092919e-008 -3.353113559639786e-008 -3.349763297577414e-008 -3.343801860556687e-008
-3.424909849735402e-008 -3.439262337037758e-008 -3.454204530600495e-008 -3.467952595227742e-008 -3.480696077610628e-008 -3.492389051287355e-008 -3.503005147278664e-008 -3.512544467172955e-008 -3.519800048695365e-008 -3.525580229610437e-008 -3.531174060439402e-008 -3.536816774156647e-008 -3.541640174533842e-008 -3.545270172091739e-008 -3.549053389453803e-008 -3.553353280622602e-008 -3.558149093049408e-008 -3.563317978150625e-008 -3.56939872882995e-008 -3.574617026279601e-008 -3.580727048474936e-008 -3.583646209473154e-008 -3.583827287620108e-008 -3.581471595822364e-008 -3.57587982387293e-008 -3.568464503758974e-008 -3.560687357717908e-008 -3.551934266114295e-008 -3.544140485632596e-008 -3.53664239651752e-008 -3.530615446294739e-008 -3.526447053473526e-008 -3.522221104642239e-008 -3.517545950127583e-008 -3.512837319394423e-008 -3.508224692767872e-008 -3.503928647285467e-008 -3.497502860239391e-008
-3.577490407286705e-008 -3.591696201494537e-008 -3.607647634996289e-008 -3.621372199589999e-008 -3.634484638764387e-008 -3.646251980883214e-008 -3.657484772510065e-008 -3.667617283383363e-008 -3.675120220310306e-008 -3.680941140582866e-008 -3.68730149654794e-008 -3.693308034478958e-008 -3.69857894696337e-008 -3.702039910183722e-008 -3.706173550544013e-008 -3.710823221733867e-008 -3.715508710375177e-008 -3.720844833989626e-008 -3.726612227116382e-008 -3.731446058335902e-008 -3.737922999225326e-008 -3.74031090781467e-008 -3.740606861265957e-008 -3.738307470028053e-008 -3.73253503311329e-008 -3.725149847847948e-008 -3.717798539138021e-008 -3.70885727201378e-008 -3.701287249318814e-008 -3.693040165161378e-008 -3.686620793618388e-008 -3.682484029446342e-008 -3.677605098943823e-008 -3.672564210838913e-008 -3.667219299340079e-008 -3.662154546292186e-008 -3.657554309883762e-008 -3.650670367077793e-008
-3.729027306712093e-008 -3.743763284518966e-008 -3.759551012028737e-008 -3.774526982859603e-008 -3.787619898584563e-008 -3.799477705753654e-008 -3.810563692253874e-008 -3.820488668782507e-008 -3.828601234393159e-008 -3.835525148471437e-008 -3.842073554455909e-008 -3.848362837396681e-008 -3.853929828203982e-008 -3.85859131351132e-008 -3.862833653523374e-008 -3.86770366877463e-008 -3.872543302631485e-008 -3.8780101409639e-008 -3.883169208509623e-008 -3.888344330896475e-008 -3.893100187724899e-008 -3.896971049435712e-008 -3.897103938114553e-008 -3.893514478286421e-008 -3.888325364437978e-008 -3.88137153052506e-008 -3.874031586008946e-008 -3.865471900073696e-008 -3.856845725820778e-008 -3.849439680301641e-008 -3.8433154284124e-008 -3.837945841670566e-008 -3.832476246094348e-008 -3.827192780027585e-008 -3.821346397069022e-008 -3.815713784662367e-008 -3.809546545498349e-008 -3.802436291864285e-008
-3.879811340024884e-008 -3.894515747145926e-008 -3.910655683026485e-008 -3.926673761033221e-008 -3.939735764868108e-008 -3.951534019346658e-008 -3.962764180256464e-008 -3.972680003129457e-008 -3.981440187514259e-008 -3.988996384721297e-008 -3.995802545674937e-008 -4.002667871776958e-008 -4.008581748042316e-008 -4.013919983970211e-008 -4.018299092087426e-008 -4.023173273893782e-008 -4.02846917909213e-008 -4.033503359710688e-008 -4.038609190209402e-008 -4.043413889437788e-008 -4.047388150591273e-008 -4.05237776779879e-008 -4.052227551427359e-008 -4.047725140694171e-008 -4.042830465491428e-008 -4.036255768554846e-008 -4.028820141211884e-008 -4.02072270979391e-008 -4.011259378750567e-008 -4.004114765955427e-008 -3.998215214281658e-008 -3.991989734272332e-008 -3.98626478910333e-008 -3.980333629310702e-008 -3.974193940998091e-008 -3.967889075963419e-008 -3.961070410191069e-008 -3.953732371844113e-008
-4.029759625703219e-008 -4.044823083014214e-008 -4.060782914487942e-008 -4.07612520946369e-008 -4.090035267868493e-008 -4.102650461197999e-008 -4.114534221670687e-008 -4.125300242633261e-008 -4.133882297685795e-008 -4.14172475027466e-008 -4.149257200142208e-008 -4.157021279271565e-008 -4.163293411437893e-008 -4.168131233220899e-008 -4.172938830686875e-008 -4.177762197948553e-008 -4.182932910086212e-008 -4.187795887658255e-008 -4.192982265069411e-008 -4.197334968111646e-008 -4.201810386117898e-008 -4.20469903445949e-008 -4.204620465485022e-008 -4.201607000307073e-008 -4.196668375608549e-008 -4.189649969626378e-008 -4.182423128778958e-008 -4.174101602045127e-008 -4.165951897080993e-008 -4.158284710942589e-008 -4.151640959352903e-008 -4.144945004454244e-008 -4.138803815159029e-008 -4.132370910441958e-008 -4.125815560100524e-008 -4.119025920805694e-008 -4.11208132394951e-008 -4.104794563597534e-008
-4.178340374139088e-008 -4.193911387127471e-008 -4.209714460906989e-008 -4.224642748304101e-008 -4.239387684743031e-008 -4.252369874087711e-008 -4.265138356152287e-008 -4.276399414622744e-008 -4.285240747419829e-008 -4.292933801911653e-008 -4.301276370144301e-008 -4.309837371496486e-008 -4.316514167131103e-008 -4.321019846168151e-008 -4.325809502005086e-008 -4.331079138510663e-008 -4.335824074794087e-008 -4.340677681250501e-008 -4.345756597562712e-008 -4.349571330561231e-008 -4.354423147977518e-008 -4.356439034585401e-008 -4.356138710494906e-008 -4.353582126708534e-008 -4.348991899554418e-008 -4.341372499550551e-008 -4.334459096522231e-008 -4.3260788667712e-008 -4.318080753845406e-008 -4.310512982005163e-008 -4.303187845738675e-008 -4.296245772555174e-008 -4.289742987305915e-008 -4.282938831873558e-008 -4.276075029485882e-008 -4.268800756316036e-008 -4.261820679005569e-008 -4.25427941920673e-008
