data/bds_gridfiles/version0/BDSZ-R100-Q46W14S0.grd
DSAA
361 181
-180 180
-90 90
-7.7835082821829E-008 8.111063813311E-008
[rows 68 to 84 of 181, columns 228 to 265 of 361]
3.62170250461163e-008 3.628629159693377e-008 3.634615280252753e-008 3.640364546147349e-008 3.645622444354459e-008 3.650328980833664e-008 3.654001044676986e-008 3.65679458449335e-008 3.658793668262073e-008 3.659942829718784e-008 3.661233534242324e-008 3.661941923791311e-008 3.662119939462185e-008 3.661399491052803e-008 3.660525970268007e-008 3.659088242789625e-008 3.657289760651005e-008 3.65510051248175e-008 3.652348871211529e-008 3.649308774890442e-008 3.645473214145397e-008 3.641074680785602e-008 3.636211184381638e-008 3.631298593589639e-008 3.625783561811794e-008 3.619584787584951e-008 3.612727223576206e-008 3.605311852165203e-008 3.597294000364999e-008 3.588634180812701e-008 3.579585065886919e-008 3.569811860393904e-008 3.560037940363531e-008 3.549533608905103e-008 3.538355264204157e-008 3.52632711729755e-008 3.513758636059113e-008 3.500471435894751e-008
3.457884528275679e-008 3.464324604471645e-008 3.470266235698478e-008 3.475747180423874e-008 3.480872764651548e-008 3.485139097671753e-008 3.488743500437601e-008 3.491589632623172e-008 3.493297054592102e-008 3.494676759028894e-008 3.496030050796926e-008 3.496868706735929e-008 3.496824947016643e-008 3.496205112963564e-008 3.495355538641324e-008 3.494071048350097e-008 3.492349324833652e-008 3.490239755073657e-008 3.487676929399226e-008 3.484744278629351e-008 3.481309148442261e-008 3.476971016902906e-008 3.472247539278016e-008 3.467327951262502e-008 3.462256648983843e-008 3.456207955116399e-008 3.449568347945993e-008 3.442462510495959e-008 3.434559771257761e-008 3.426354011013571e-008 3.417405570069582e-008 3.40813233000491e-008 3.398622079461416e-008 3.388705220054005e-008 3.377809419400564e-008 3.366234961271017e-008 3.354177465444373e-008 3.341263214516216e-008
3.29281354645563e-008 3.29897552710542e-008 3.304595513839377e-008 3.310120560759669e-008 3.315071780108503e-008 3.319172263445165e-008 3.322414386808407e-008 3.325218338121002e-008 3.327166868445347e-008 3.328723351381828e-008 3.329913245005048e-008 3.330562089512116e-008 3.330376497345538e-008 3.329766140584751e-008 3.329186881968613e-008 3.328039522172476e-008 3.326402239637152e-008 3.324090131449124e-008 3.321780042398183e-008 3.319009603777992e-008 3.31567617107735e-008 3.311599445254684e-008 3.307151933246983e-008 3.302322920178896e-008 3.297008842849506e-008 3.291355925901612e-008 3.28487825999634e-008 3.278184593874912e-008 3.270630766732352e-008 3.262790053117472e-008 3.254161240263897e-008 3.245418305061515e-008 3.236402334270155e-008 3.226648881092737e-008 3.216130950380919e-008 3.205017652442193e-008 3.193339033712002e-008 3.181058729276136e-008
3.127180496700975e-008 3.132965816678948e-008 3.138325190743638e-008 3.143685789442547e-008 3.148672525162197e-008 3.15244263911051e-008 3.15554616465836e-008 3.158208068694407e-008 3.160296411648728e-008 3.161870268309098e-008 3.163000034149614e-008 3.163665989616463e-008 3.163281209589255e-008 3.162794391956969e-008 3.162364050619659e-008 3.161462487647603e-008 3.159828912554007e-008 3.157568144738719e-008 3.155267201206311e-008 3.152811047633508e-008 3.149525070556422e-008 3.145645536354537e-008 3.141434862879912e-008 3.136679747579724e-008 3.131565210705003e-008 3.125999919689953e-008 3.119944385284256e-008 3.113384921336756e-008 3.106338251010216e-008 3.09870894064579e-008 3.090513364363177e-008 3.082076951621162e-008 3.073553063119972e-008 3.064144064739445e-008 3.053951105560425e-008 3.043391004207812e-008 3.032027290391551e-008 3.020402364040612e-008
2.960705161225985e-008 2.966476514724828e-008 2.971729107236732e-008 2.97649292826489e-008 2.980832053607038e-008 2.984715102187765e-008 2.987819040744172e-008 2.990435858594971e-008 2.992298593680981e-008 2.993892421382618e-008 2.994729840393667e-008 2.995485395862357e-008 2.995619882342133e-008 2.995416658741197e-008 2.994958905586647e-008 2.994063526520946e-008 2.992702534892762e-008 2.990818707876366e-008 2.988297416343279e-008 2.985427034584172e-008 2.982423515085496e-008 2.978695624092842e-008 2.974799363532082e-008 2.970257524034634e-008 2.96541964216605e-008 2.960031293823464e-008 2.954257223129861e-008 2.948008258439013e-008 2.941248691327981e-008 2.933955775159376e-008 2.926200125788053e-008 2.918089634945746e-008 2.909500211779385e-008 2.900572451915843e-008 2.890840669318528e-008 2.880820462775807e-008 2.869960482997135e-008 2.858769448239499e-008
2.793772810036591e-008 2.799571923431079e-008 2.804633184023497e-008 2.808847425568427e-008 2.81288313226893e-008 2.816688270834243e-008 2.819845425929598e-008 2.822296575097883e-008 2.824112736520632e-008 2.825536176622433e-008 2.826336450294636e-008 2.826978684117148e-008 2.827492241922208e-008 2.827387494491014e-008 2.827019955537843e-008 2.82621417193159e-008 2.825022399655748e-008 2.823449602709712e-008 2.820820040925693e-008 2.818031835410817e-008 2.815109048126024e-008 2.811682622964251e-008 2.807880278536522e-008 2.803663816964178e-008 2.798932636560171e-008 2.793836780389663e-008 2.788225446446484e-008 2.782297148676161e-008 2.775835796598445e-008 2.768818303627342e-008 2.761500036929341e-008 2.75359965206439e-008 2.745482886909419e-008 2.7367649619895e-008 2.727753233324745e-008 2.718111854946156e-008 2.707897540393637e-008 2.697110486011798e-008
2.626639302544412e-008 2.631722299601671e-008 2.636585868589415e-008 2.640594287232569e-008 2.644776421674161e-008 2.648455375381104e-008 2.651548769772983e-008 2.653956911076867e-008 2.655777690631874e-008 2.657000256551936e-008 2.657836849277917e-008 2.658201412535336e-008 2.658443690291122e-008 2.65855085777573e-008 2.658151974173891e-008 2.65747552400101e-008 2.65618937211642e-008 2.654959345488324e-008 2.652856448017385e-008 2.65047819654606e-008 2.64766986007437e-008 2.644443052037486e-008 2.640734165684698e-008 2.636646049709042e-008 2.632052463407584e-008 2.627075796870173e-008 2.621607731906687e-008 2.615788140142293e-008 2.609635686880251e-008 2.602930036839419e-008 2.595928658058614e-008 2.588323934962835e-008 2.580661320164465e-008 2.572274481816137e-008 2.564069014751453e-008 2.555168730435936e-008 2.545510566366974e-008 2.535041487985269e-008
2.459280508768637e-008 2.464076396442843e-008 2.468467245634873e-008 2.472457019186676e-008 2.476435850856667e-008 2.480246381533058e-008 2.483059802977599e-008 2.485493827325537e-008 2.487180502611618e-008 2.488282193722849e-008 2.489065029710639e-008 2.489162219637766e-008 2.489337040928527e-008 2.489469506218836e-008 2.489277244309035e-008 2.488543165458407e-008 2.487551553550185e-008 2.48645303841004e-008 2.484822157744561e-008 2.482662236261305e-008 2.48010065769648e-008 2.477004067614662e-008 2.473469724757825e-008 2.469479010946247e-008 2.465056960143092e-008 2.460216034682692e-008 2.454899872968245e-008 2.449351271730185e-008 2.443419305444388e-008 2.43718416945891e-008 2.43037862940697e-008 2.423350696314564e-008 2.415931262634043e-008 2.408214595382555e-008 2.400457015994168e-008 2.392362782223692e-008 2.383210467552194e-008 2.373267144106791e-008
2.291946296776909e-008 2.296334164726791e-008 2.300462359264151e-008 2.304467476566727e-008 2.308087823909778e-008 2.31159745265637e-008 2.314245262932047e-008 2.3164459111118e-008 2.317884649453122e-008 2.319029717903799e-008 2.319554316208912e-008 2.319750396404912e-008 2.319585816986246e-008 2.319819559220553e-008 2.31973310848371e-008 2.319489662387709e-008 2.319068854749906e-008 2.318051195063647e-008 2.316556946018084e-008 2.31460118389319e-008 2.312222412306743e-008 2.309304342870882e-008 2.305938348774231e-008 2.302067071408374e-008 2.297598996613455e-008 2.292770879217796e-008 2.287748256567965e-008 2.28228503359692e-008 2.276895603648005e-008 2.270988770351086e-008 2.264755149271134e-008 2.258079426265942e-008 2.251229482476159e-008 2.244031826261384e-008 2.23680033883113e-008 2.22945736746004e-008 2.220965928054684e-008 2.211590270016222e-008
2.124857304171904e-008 2.128790133017337e-008 2.132735679261822e-008 2.1365883817292e-008 2.139925563539858e-008 2.143158659091837e-008 2.145707296241171e-008 2.147560595691542e-008 2.148957105151135e-008 2.149871587473459e-008 2.150430373266579e-008 2.150388250285318e-008 2.150186666724529e-008 2.15035169237286e-008 2.150548255290216e-008 2.150452983706456e-008 2.150539338017447e-008 2.149658101076595e-008 2.148337318205747e-008 2.146579400176836e-008 2.144384045330873e-008 2.141636483994608e-008 2.13839352812657e-008 2.134756441877879e-008 2.130262195107595e-008 2.125725873380749e-008 2.120820859222614e-008 2.115726937560669e-008 2.110611813247955e-008 2.105222352084529e-008 2.099313183636705e-008 2.093173912023391e-008 2.086741483077877e-008 2.080120324724749e-008 2.07336149616618e-008 2.066787166692467e-008 2.05887411542916e-008 2.05004286421723e-008
1.957827441280964e-008 1.961803375103937e-008 1.965386993734296e-008 1.96872928548957e-008 1.971889139567179e-008 1.974583316708281e-008 1.977191827571713e-008 1.979035166533929e-008 1.980271196572507e-008 1.980856876823581e-008 1.981274806360128e-008 1.981057541827164e-008 1.981084370813193e-008 1.981009290682935e-008 1.981239641510614e-008 1.981405520588096e-008 1.981378414886012e-008 1.981056784525403e-008 1.980054955828245e-008 1.97859814556342e-008 1.976516800014585e-008 1.973702479806162e-008 1.97049378669236e-008 1.96706384096672e-008 1.963031285223682e-008 1.958736186113056e-008 1.954108497255105e-008 1.94940060874778e-008 1.944437851570134e-008 1.939380788234936e-008 1.933863243930771e-008 1.928228716672796e-008 1.922158291161002e-008 1.916209570069189e-008 1.910079303708943e-008 1.903597063532743e-008 1.896593753496981e-008 1.888637050553865e-008
1.791302854257363e-008 1.795147494553292e-008 1.798312328007844e-008 1.801372299591811e-008 1.804187996149213e-008 1.806651617806835e-008 1.809074338510556e-008 1.810972231462639e-008 1.811910845795406e-008 1.812368332922278e-008 1.812526707017466e-008 1.812275518810937e-008 1.812194625297943e-008 1.812145768167707e-008 1.812258048482834e-008 1.812753435835684e-008 1.812670535941217e-008 1.812799460784884e-008 1.811982119448082e-008 1.810784582581292e-008 1.808905936411128e-008 1.806033334487288e-008 1.80307176864708e-008 1.799748505671546e-008 1.796137260740987e-008 1.791962698511272e-008 1.787759432037355e-008 1.78324483327785e-008 1.778742712533248e-008 1.773918606105631e-008 1.768979549110314e-008 1.763691654087802e-008 1.758194666487189e-008 1.752701172133786e-008 1.747240879111812e-008 1.741166089473926e-008 1.734944440306569e-008 1.727650831554538e-008
1.625071244816808e-008 1.628601057824854e-008 1.63149051708445e-008 1.634361444471472e-008 1.636983604490705e-008 1.639310630745404e-008 1.641421650172375e-008 1.642984078960262e-008 1.643861984728815e-008 1.644280571816508e-008 1.644077422807544e-008 1.643787093887635e-008 1.643307475567894e-008 1.643023324104398e-008 1.643601711218986e-008 1.643996729576076e-008 1.644331394622668e-008 1.644250701439509e-008 1.643891644078394e-008 1.642862851493636e-008 1.641131777666648e-008 1.638577041880692e-008 1.635840915102903e-008 1.63254153061574e-008 1.629133334602193e-008 1.625099499179412e-008 1.621212080413638e-008 1.616953028974173e-008 1.612830168446789e-008 1.608618697236497e-008 1.604123536592522e-008 1.599302506680345e-008 1.594390699872126e-008 1.589566506111238e-008 1.584428467968735e-008 1.579298717564998e-008 1.573433863499159e-008 1.566734911871316e-008
1.459557462018446e-008 1.462681102302814e-008 1.465272673902649e-008 1.467888301654804e-008 1.470405386674131e-008 1.472460797277991e-008 1.474410215822181e-008 1.475688793073734e-008 1.476413315391621e-008 1.476811332261793e-008 1.476250425141547e-008 1.476023313136935e-008 1.475126122739413e-008 1.474855058056441e-008 1.475623393170129e-008 1.476185657174654e-008 1.476546788001017e-008 1.476645374133728e-008 1.476336877933322e-008 1.475664752152964e-008 1.473905654774848e-008 1.471687383837136e-008 1.469084067444989e-008 1.466071109770433e-008 1.462826697756556e-008 1.459087575915585e-008 1.455446024566998e-008 1.451559919173619e-008 1.447780041754899e-008 1.444133759932288e-008 1.440094467521978e-008 1.435689462487015e-008 1.431345040857783e-008 1.427034802762115e-008 1.422485591126822e-008 1.417980727743198e-008 1.412779006517656e-008 1.4065670395601e-008
1.294190763809794e-008 1.297140773501931e-008 1.299637324809781e-008 1.302075096379031e-008 1.304221774904324e-008 1.306181565216021e-008 1.307741674526519e-008 1.308825206510893e-008 1.309235592217183e-008 1.309447823870037e-008 1.308876605303769e-008 1.308502582030717e-008 1.307583700282536e-008 1.30765239822354e-008 1.308293268301356e-008 1.30882818386108e-008 1.309364679027389e-008 1.309490370121369e-008 1.309381358634733e-008 1.308555107751252e-008 1.306737761096386e-008 1.304719349749587e-008 1.302467875144028e-008 1.29979642680718e-008 1.296830797818658e-008 1.293537454064476e-008 1.290048011223234e-008 1.286422310119105e-008 1.283327369726413e-008 1.279940303605548e-008 1.276357367527408e-008 1.272369191902261e-008 1.268627708538471e-008 1.264575450741761e-008 1.260895789409433e-008 1.256914782654266e-008 1.25224078394351e-008 1.246679328751398e-008
1.129857297305107e-008 1.132474290893334e-008 1.134832075363244e-008 1.136956802011198e-008 1.138917089893357e-008 1.140564458016319e-008 1.142031513834261e-008 1.142763729899635e-008 1.14310650703369e-008 1.143085116943289e-008 1.142557243067629e-008 1.142096604883373e-008 1.141123191564426e-008 1.141245447224456e-008 1.14210628398604e-008 1.142437426883771e-008 1.143201853669328e-008 1.143225691897868e-008 1.143346397251414e-008 1.142557297947857e-008 1.140679940219998e-008 1.138931715584491e-008 1.136952127193641e-008 1.134672259910609e-008 1.131921065930699e-008 1.129122859634952e-008 1.125779124898927e-008 1.122617985391276e-008 1.119891759501024e-008 1.117078718049501e-008 1.113739739047987e-008 1.110370892779965e-008 1.106950400967427e-008 1.103559315273289e-008 1.100300772993642e-008 1.097145818493017e-008 1.092878061708221e-008 1.088125972778681e-008
9.664337377981555e-009 9.68618133945202e-009 9.707228865435319e-009 9.723575767710942e-009 9.741649152607471e-009 9.754234369896561e-009 9.767395930971852e-009 9.77321157712807e-009 9.777239006414263e-009 9.775068430682743e-009 9.771423763807182e-009 9.763119534442579e-009 9.76002602248051e-009 9.761228657312351e-009 9.76543246043035e-009 9.770597626530971e-009 9.774745141705138e-009 9.7777866440412e-009 9.776041312606677e-009 9.769365997704796e-009 9.756751647499907e-009 9.741218492810225e-009 9.723032162175223e-009 9.702407659187328e-009 9.678522608485861e-009 9.65326454673462e-009 9.625555347613001e-009 9.598969777238579e-009 9.572214110882304e-009 9.548295181395585e-009 9.520320373595563e-009 9.491522854185158e-009 9.460365660964903e-009 9.434470104990018e-009 9.406755844236062e-009 9.378351005144138e-009 9.343861807507048e-009 9.303193186626681e-009
