data/gpsIIR_gridfiles/nap_antenna/gpsiirnapZ-R100-Q32W11S0.grd
DSAA
361 181
-180 180
-90 90
-2.8840280299904E-008 2.9294401627855E-008
[rows 153 to 169 of 181, columns 76 to 113 of 361]
-2.780542850407357e-008 -2.77707182351585e-008 -2.773224020016258e-008 -2.768934738146613e-008 -2.764131138293358e-008 -2.759097308671453e-008 -2.754353301429304e-008 -2.749504857608923e-008 -2.744299122737489e-008 -2.738312832445515e-008 -2.732330186343149e-008 -2.726966751226221e-008 -2.722628321515931e-008 -2.718892345462313e-008 -2.715865268185584e-008 -2.715090095217992e-008 -2.715821978483884e-008 -2.71755335342646e-008 -2.721154611538459e-008 -2.725268406104904e-008 -2.728697939484779e-008 -2.732193625315206e-008 -2.736101777912318e-008 -2.740665079428784e-008 -2.744824169071699e-008 -2.74868203366025e-008 -2.752214796211216e-008 -2.755360541763085e-008 -2.758399371094695e-008 -2.761820145945529e-008 -2.765096129103751e-008 -2.767931338027609e-008 -2.770576105569116e-008 -2.773330600872267e-008 -2.776171270264001e-008 -2.778338708054352e-008 -2.780053706291048e-008 -2.781613508333178e-008
-2.794518092928868e-008 -2.791270596170988e-008 -2.787610887634545e-008 -2.783338801102059e-008 -2.778236262178612e-008 -2.77337566853201e-008 -2.769031409718525e-008 -2.76432668317128e-008 -2.759127768090032e-008 -2.75307142364201e-008 -2.747215640897699e-008 -2.741673692098104e-008 -2.737590435410086e-008 -2.733740955139133e-008 -2.730380124006026e-008 -2.729949794346173e-008 -2.73109060843715e-008 -2.732679388052626e-008 -2.736138792683924e-008 -2.740309280710752e-008 -2.743811328524905e-008 -2.747320342462968e-008 -2.751137927511389e-008 -2.75568475518026e-008 -2.75997810926376e-008 -2.763771466295117e-008 -2.767283196309937e-008 -2.77060858592132e-008 -2.773898265283244e-008 -2.777111868271255e-008 -2.780041621536944e-008 -2.782869836795981e-008 -2.785667773070064e-008 -2.788493484423441e-008 -2.790842292705017e-008 -2.792766659460193e-008 -2.794516594555305e-008 -2.796119496411836e-008
-2.806647351827172e-008 -2.803373522672969e-008 -2.800002388892746e-008 -2.795569179330761e-008 -2.790467134980567e-008 -2.785928646293197e-008 -2.781724481522603e-008 -2.777318334990378e-008 -2.772025468110718e-008 -2.766533099346435e-008 -2.761731300561307e-008 -2.75635667568428e-008 -2.751485817864587e-008 -2.746679996557707e-008 -2.74312462682034e-008 -2.742252270536957e-008 -2.743830257663586e-008 -2.746240691436083e-008 -2.750265994712957e-008 -2.754259236603795e-008 -2.757588600501149e-008 -2.761116606418072e-008 -2.764983848564674e-008 -2.769491650322389e-008 -2.773608024387216e-008 -2.777229258845015e-008 -2.780775126043249e-008 -2.784228642571731e-008 -2.787640656782679e-008 -2.790810482371638e-008 -2.793687285346535e-008 -2.79635099871224e-008 -2.799084314781539e-008 -2.801771833530119e-008 -2.804026513007584e-008 -2.805836480532232e-008 -2.807239312939883e-008 -2.808493766490075e-008
-2.817615987990323e-008 -2.814233373377354e-008 -2.810629007271699e-008 -2.806267171090037e-008 -2.801789820112003e-008 -2.797460546110739e-008 -2.79315235914312e-008 -2.788680798609532e-008 -2.783553079956292e-008 -2.778625764301523e-008 -2.774140220286811e-008 -2.769392220466665e-008 -2.764215034026408e-008 -2.758829737135608e-008 -2.75564461998823e-008 -2.754764258050232e-008 -2.756060442698385e-008 -2.758745027551146e-008 -2.763118615425346e-008 -2.766942471789398e-008 -2.770155476592876e-008 -2.773642246316003e-008 -2.7774267705989e-008 -2.781763095805016e-008 -2.785780368724661e-008 -2.789310742946742e-008 -2.792839592909426e-008 -2.796272420934481e-008 -2.799587311913444e-008 -2.802657378187404e-008 -2.805411548770015e-008 -2.808104179819761e-008 -2.810708199704853e-008 -2.813062635481733e-008 -2.815142264130402e-008 -2.816733553005727e-008 -2.817931706204576e-008 -2.818871022693245e-008
-2.827381388783208e-008 -2.823993569531587e-008 -2.820302092965297e-008 -2.816078884318653e-008 -2.81191223639755e-008 -2.807772237469206e-008 -2.803521234232764e-008 -2.799040274002671e-008 -2.793957724847811e-008 -2.788956998114745e-008 -2.784372127935934e-008 -2.780218014204287e-008 -2.775547454330443e-008 -2.770688128498512e-008 -2.768002322880004e-008 -2.767816900481655e-008 -2.768664810533202e-008 -2.770627182645119e-008 -2.774642763812682e-008 -2.778338490651957e-008 -2.781618109036289e-008 -2.784965639415924e-008 -2.788393466173805e-008 -2.792437969264831e-008 -2.79647361539971e-008 -2.800071886157748e-008 -2.803546190395097e-008 -2.806680967592336e-008 -2.809765138157945e-008 -2.812814611583453e-008 -2.815571161715705e-008 -2.818202102078418e-008 -2.820430173012681e-008 -2.822391943281511e-008 -2.824232812402441e-008 -2.825625932814044e-008 -2.82660350228761e-008 -2.827424799845537e-008
-2.835541009330304e-008 -2.83243851294329e-008 -2.828912495379713e-008 -2.824726778027377e-008 -2.820623477007498e-008 -2.816646399414821e-008 -2.812624765903293e-008 -2.808403640617126e-008 -2.803474842626017e-008 -2.798164845675239e-008 -2.793767252562886e-008 -2.78977044620432e-008 -2.785005542332033e-008 -2.781115074542e-008 -2.77908259272751e-008 -2.778781137143811e-008 -2.779370934582646e-008 -2.781606428519319e-008 -2.78551817325537e-008 -2.788592991380049e-008 -2.791617347981532e-008 -2.794723222876916e-008 -2.797993769850887e-008 -2.80194467556253e-008 -2.805807026933971e-008 -2.809202036014515e-008 -2.812468548911471e-008 -2.815437261506532e-008 -2.818366971962215e-008 -2.821396908506558e-008 -2.824044030154063e-008 -2.826331778461865e-008 -2.828321549293337e-008 -2.830020540119922e-008 -2.831424076751245e-008 -2.832440412412402e-008 -2.833324498900516e-008 -2.834171875297752e-008
-2.842225410392285e-008 -2.839388042800985e-008 -2.836110365869728e-008 -2.832220906160559e-008 -2.828150192354985e-008 -2.824292999195375e-008 -2.820470626845506e-008 -2.816459770413092e-008 -2.812049088414027e-008 -2.806656951017082e-008 -2.801988219918528e-008 -2.797656495317592e-008 -2.792787332401982e-008 -2.789701296935154e-008 -2.788202524366261e-008 -2.788063981360401e-008 -2.789113257206017e-008 -2.79209932249151e-008 -2.795130872206955e-008 -2.797421716027569e-008 -2.800037816886485e-008 -2.803073612693149e-008 -2.806424169679535e-008 -2.810313378029771e-008 -2.813651087033341e-008 -2.816602019432025e-008 -2.819608196430077e-008 -2.822541404138924e-008 -2.825436725993882e-008 -2.82830329322161e-008 -2.830649564936559e-008 -2.832626281077043e-008 -2.834384424356981e-008 -2.835865819799249e-008 -2.836908341824356e-008 -2.837554243315429e-008 -2.838050613406587e-008 -2.838560880944523e-008
-2.847246090446702e-008 -2.844535027579347e-008 -2.841533815466581e-008 -2.838201756297678e-008 -2.834618535344896e-008 -2.830860323505777e-008 -2.826781978979777e-008 -2.822859282375729e-008 -2.818826759184762e-008 -2.813972099803704e-008 -2.809339111455882e-008 -2.805252231543792e-008 -2.800464431102118e-008 -2.797268277751781e-008 -2.796043601176125e-008 -2.796399656875509e-008 -2.798468557684176e-008 -2.80095276452393e-008 -2.802785495051979e-008 -2.804699317648834e-008 -2.80709062613823e-008 -2.810052774867998e-008 -2.813584735622778e-008 -2.817032354625652e-008 -2.819873557134854e-008 -2.822541001100073e-008 -2.825258718812461e-008 -2.828011516688407e-008 -2.83081652763523e-008 -2.833359280290706e-008 -2.835438606192662e-008 -2.837192789359818e-008 -2.838682188387416e-008 -2.840004169002066e-008 -2.840908621057577e-008 -2.841361761266448e-008 -2.841641169233841e-008 -2.841967227561908e-008
-2.85051528760658e-008 -2.848062855230737e-008 -2.845387077761758e-008 -2.842491217116066e-008 -2.839217300769651e-008 -2.835784565285216e-008 -2.831940001047786e-008 -2.827912358326934e-008 -2.823936486512601e-008 -2.819471120782052e-008 -2.815489005178208e-008 -2.812324030737066e-008 -2.80911243450596e-008 -2.805254587390234e-008 -2.803568184751234e-008 -2.804039054316101e-008 -2.806094128628782e-008 -2.807695462038547e-008 -2.809109983658982e-008 -2.810800026601566e-008 -2.812977841604795e-008 -2.815799167166904e-008 -2.819154684314625e-008 -2.822133867747603e-008 -2.824728767829001e-008 -2.827155163557725e-008 -2.829556582072701e-008 -2.832024350035305e-008 -2.834485734683563e-008 -2.836619362037245e-008 -2.838333430898503e-008 -2.839795189304578e-008 -2.841249349511079e-008 -2.842648808671467e-008 -2.843590962047626e-008 -2.843932580449926e-008 -2.844253007920956e-008 -2.844761606399057e-008
-2.852071634163384e-008 -2.850066954486846e-008 -2.847835105058761e-008 -2.845181166363815e-008 -2.841915423305368e-008 -2.838607614236412e-008 -2.83531081235991e-008 -2.831616214718094e-008 -2.827537645980503e-008 -2.823350171768674e-008 -2.819823587476017e-008 -2.816774414288153e-008 -2.814381795016217e-008 -2.812151332444383e-008 -2.810447437445716e-008 -2.810318708783904e-008 -2.811389240021704e-008 -2.812365159727186e-008 -2.813494571464884e-008 -2.815398785277903e-008 -2.817640804598098e-008 -2.820269731816066e-008 -2.823082362027129e-008 -2.825494182322583e-008 -2.827695847297681e-008 -2.829912189901647e-008 -2.832295906671144e-008 -2.834501910698049e-008 -2.836573192909403e-008 -2.838279195315538e-008 -2.839627365785714e-008 -2.840865563922678e-008 -2.842316289250625e-008 -2.84390908112416e-008 -2.844687276916007e-008 -2.844879038081717e-008 -2.844922060067452e-008 -2.844814391205282e-008
-2.852033465957498e-008 -2.850404613682049e-008 -2.848507458300518e-008 -2.846195164704861e-008 -2.843464532865058e-008 -2.840182181448713e-008 -2.836999290631115e-008 -2.833625736364046e-008 -2.829602134925355e-008 -2.825643261023102e-008 -2.822584204380007e-008 -2.820175115181498e-008 -2.818036638554769e-008 -2.816395193689033e-008 -2.815163763851741e-008 -2.814510127657265e-008 -2.81479164464807e-008 -2.815664882078848e-008 -2.817108646944339e-008 -2.818700452018708e-008 -2.820681201147081e-008 -2.82319183865227e-008 -2.825503801222908e-008 -2.827351640109943e-008 -2.829205673314828e-008 -2.831296015195337e-008 -2.8332517390012e-008 -2.835103405255011e-008 -2.837064233543246e-008 -2.838590051862853e-008 -2.839593369836068e-008 -2.840685177955541e-008 -2.842211377493293e-008 -2.843206020722283e-008 -2.843571919137884e-008 -2.843678110781444e-008 -2.843479421200513e-008 -2.842941762219406e-008
-2.850327606056442e-008 -2.84880844758133e-008 -2.847052092372258e-008 -2.844962892311296e-008 -2.842523978137593e-008 -2.839814787709978e-008 -2.837068250479705e-008 -2.834099669704213e-008 -2.830215749615432e-008 -2.826178626151777e-008 -2.82314934524008e-008 -2.820786472519682e-008 -2.819291208934902e-008 -2.81831218842167e-008 -2.817232652944882e-008 -2.816362556779648e-008 -2.816234271233348e-008 -2.81691764213374e-008 -2.818015172138577e-008 -2.819423550272677e-008 -2.821810098507535e-008 -2.824198645544084e-008 -2.826202783207376e-008 -2.82780330288722e-008 -2.829112075266463e-008 -2.830489132072748e-008 -2.832007691847214e-008 -2.833794874178156e-008 -2.835872592423239e-008 -2.837280473103064e-008 -2.838099961243599e-008 -2.838830920797211e-008 -2.839632100562773e-008 -2.840058982931911e-008 -2.840244819097844e-008 -2.840319901659652e-008 -2.840012664411982e-008 -2.839234243878549e-008
-2.846683851109434e-008 -2.845152177118086e-008 -2.84349526008194e-008 -2.841529164453041e-008 -2.839381423252296e-008 -2.837302477062988e-008 -2.835306567521707e-008 -2.833095805513544e-008 -2.829609237253641e-008 -2.825245700662769e-008 -2.822073667930316e-008 -2.820164107652649e-008 -2.819114306168515e-008 -2.817685071693472e-008 -2.816315393422942e-008 -2.815485719321631e-008 -2.81548438347894e-008 -2.816081591980384e-008 -2.817038688732166e-008 -2.818701335798592e-008 -2.820883665426208e-008 -2.822558577142821e-008 -2.824455615577972e-008 -2.826441606203533e-008 -2.827609752340888e-008 -2.828278615884391e-008 -2.829330906806038e-008 -2.830939496434213e-008 -2.832442928503713e-008 -2.833366552105313e-008 -2.834065857542396e-008 -2.834705256149736e-008 -2.835147882917127e-008 -2.835280112599812e-008 -2.835304479593647e-008 -2.834962535113685e-008 -2.834097220091361e-008 -2.833028880929557e-008
-2.841019569425088e-008 -2.839473566833384e-008 -2.838019097957211e-008 -2.836242727310101e-008 -2.834287859292882e-008 -2.833017348394844e-008 -2.831813802032026e-008 -2.830522957325835e-008 -2.827914451127848e-008 -2.823209394176449e-008 -2.819232111846427e-008 -2.816926885917691e-008 -2.815371886361589e-008 -2.813837438476133e-008 -2.812114900736809e-008 -2.811500492420084e-008 -2.812150061638191e-008 -2.813443848822677e-008 -2.814526750491214e-008 -2.815626113987466e-008 -2.816828605247709e-008 -2.818258139045571e-008 -2.820368876329832e-008 -2.822884864391657e-008 -2.824399934731866e-008 -2.825000034571776e-008 -2.825279025344354e-008 -2.8258436608389e-008 -2.826428233819696e-008 -2.826954991938612e-008 -2.827583586592119e-008 -2.828427512427146e-008 -2.829087330891581e-008 -2.829247180579135e-008 -2.828813624050838e-008 -2.827582739171424e-008 -2.825942134305534e-008 -2.824563740288455e-008
-2.833253891440123e-008 -2.831652054912331e-008 -2.83058448643026e-008 -2.829468188250692e-008 -2.828488193011713e-008 -2.827230379985911e-008 -2.826055178860121e-008 -2.825910574099287e-008 -2.824566005513984e-008 -2.820152681928216e-008 -2.814691564859042e-008 -2.811048641800067e-008 -2.808854788779491e-008 -2.806659354773381e-008 -2.804788015513219e-008 -2.804559717528501e-008 -2.80598310419547e-008 -2.808863090353721e-008 -2.81056618084117e-008 -2.810785903570021e-008 -2.811049017220196e-008 -2.812259430830362e-008 -2.814428122314025e-008 -2.816440550225776e-008 -2.817621318857746e-008 -2.818380522972783e-008 -2.818654853528466e-008 -2.818684138221547e-008 -2.818762407469191e-008 -2.819042704056368e-008 -2.819628763667895e-008 -2.82010034673232e-008 -2.820164531792566e-008 -2.819842106549406e-008 -2.819165042151678e-008 -2.817939313942768e-008 -2.816040333422651e-008 -2.814320909056417e-008
-2.823009228594476e-008 -2.821168032601221e-008 -2.820458159778431e-008 -2.82001753486563e-008 -2.819401547308597e-008 -2.817953734029469e-008 -2.81757418795455e-008 -2.818755822375762e-008 -2.818126162277138e-008 -2.814948618448764e-008 -2.809441657955518e-008 -2.804028159358625e-008 -2.800156752098735e-008 -2.797117754893727e-008 -2.795485949371352e-008 -2.795389380338133e-008 -2.797848577658379e-008 -2.802428028327897e-008 -2.804618238936156e-008 -2.804961423658605e-008 -2.804524633145645e-008 -2.804901137230796e-008 -2.806029509472934e-008 -2.806891357363486e-008 -2.807629510357917e-008 -2.808404240650702e-008 -2.809006250284257e-008 -2.809373188560639e-008 -2.809788286156438e-008 -2.810201730684162e-008 -2.81013708722614e-008 -2.809355874317399e-008 -2.808137046284585e-008 -2.807196767370803e-008 -2.806317167322508e-008 -2.80530126354838e-008 -2.804041174540781e-008 -2.802569390262466e-008
-2.80963772072311e-008 -2.807197164175061e-008 -2.806539875009917e-008 -2.806432551875867e-008 -2.806044505391054e-008 -2.804875255098295e-008 -2.805313840386976e-008 -2.806777412927318e-008 -2.806666720227465e-008 -2.805106326854221e-008 -2.801908107128105e-008 -2.796595206946662e-008 -2.790715647950586e-008 -2.786479274196541e-008 -2.784580822838406e-008 -2.784862014442278e-008 -2.788465446900513e-008 -2.792342953836808e-008 -2.793636667929023e-008 -2.7942396430528e-008 -2.794483686412516e-008 -2.794908055019884e-008 -2.795585110168211e-008 -2.795770893842651e-008 -2.79590943480337e-008 -2.796432648059393e-008 -2.796779744730539e-008 -2.796714823271336e-008 -2.796673888200934e-008 -2.796608164375984e-008 -2.796274685555398e-008 -2.795410064608072e-008 -2.793739110473409e-008 -2.79221356822499e-008 -2.791096987161791e-008 -2.790264795118147e-008 -2.789625845756882e-008 -2.78847704712079e-008
