data/gpsIIR_gridfiles/nap_antenna/gpsiirnapZ-R100-Q32W11S0.grd
DSAA
361 181
-180 180
-90 90
-2.8840280299904E-008 2.9294401627855E-008
[rows 153 to 169 of 181, columns 0 to 37 of 361]
-2.601732479925722e-008 -2.604731566463779e-008 -2.610475580096437e-008 -2.615559416823476e-008 -2.620989871288451e-008 -2.626352317361003e-008 -2.631979238502597e-008 -2.637489669489208e-008 -2.643442792377428e-008 -2.649589663013527e-008 -2.656090959232852e-008 -2.662667494620013e-008 -2.668885343261365e-008 -2.675037587225282e-008 -2.681170452991855e-008 -2.687243290549291e-008 -2.692891878398483e-008 -2.698563804286191e-008 -2.704340124013935e-008 -2.710242682369351e-008 -2.715928977123803e-008 -2.721278087648936e-008 -2.727115397798968e-008 -2.732526812921009e-008 -2.737320005043739e-008 -2.741780637386627e-008 -2.746455601932557e-008 -2.751267615836477e-008 -2.755599100213516e-008 -2.759824490655109e-008 -2.763065925070465e-008 -2.766158858338884e-008 -2.768261558016809e-008 -2.769640530850723e-008 -2.770208771613433e-008 -2.769708530164037e-008 -2.768631196585813e-008 -2.764969570457842e-008
-2.621103294979401e-008 -2.623481066175771e-008 -2.628638761191196e-008 -2.632927440348159e-008 -2.638195275985852e-008 -2.64445130632101e-008 -2.649955576548519e-008 -2.654910804895154e-008 -2.660444305280522e-008 -2.666689674900663e-008 -2.673332564213306e-008 -2.679478245365854e-008 -2.685229377643581e-008 -2.6911825434577e-008 -2.697615522353396e-008 -2.704011979569141e-008 -2.709436152278031e-008 -2.714819438083188e-008 -2.72039084436686e-008 -2.726539786727326e-008 -2.732652413586823e-008 -2.7381200667268e-008 -2.743383900641544e-008 -2.748112703380068e-008 -2.752701498471307e-008 -2.757088396948067e-008 -2.761307341153169e-008 -2.7652253590849e-008 -2.769024054442698e-008 -2.77325334219595e-008 -2.776755046540168e-008 -2.779336196862883e-008 -2.78076910270382e-008 -2.781851476064637e-008 -2.782886273462467e-008 -2.782556956219545e-008 -2.780444819550502e-008 -2.77631183694141e-008
-2.638279040217436e-008 -2.640443074776112e-008 -2.646155289707747e-008 -2.650963743566288e-008 -2.656883556567056e-008 -2.663251254422031e-008 -2.668115034191135e-008 -2.672354703197836e-008 -2.677620716299788e-008 -2.684089943926715e-008 -2.690474892965462e-008 -2.69608561161519e-008 -2.701435645477842e-008 -2.707301257901155e-008 -2.714158055072835e-008 -2.720409606146636e-008 -2.72552263362245e-008 -2.730257601015027e-008 -2.735763340397923e-008 -2.742314231371839e-008 -2.748019101036387e-008 -2.752792384005421e-008 -2.757411682756264e-008 -2.762037385218598e-008 -2.766711319440396e-008 -2.770928299256232e-008 -2.774425388150817e-008 -2.777740115753662e-008 -2.781372171970315e-008 -2.785377102953104e-008 -2.788198992841683e-008 -2.790127208196012e-008 -2.791399233548395e-008 -2.792452289727576e-008 -2.793371022625678e-008 -2.792199982481602e-008 -2.789504709082913e-008 -2.785142895720854e-008
-2.654648605249467e-008 -2.656687411028184e-008 -2.662980576036868e-008 -2.669557116618774e-008 -2.675577655346042e-008 -2.680697176700084e-008 -2.685396260641245e-008 -2.689809030682309e-008 -2.69499441560252e-008 -2.700886444658969e-008 -2.706375559309231e-008 -2.711831383328753e-008 -2.717309885504105e-008 -2.723392318364795e-008 -2.729731004100587e-008 -2.735206812859653e-008 -2.740428856914773e-008 -2.745322502376387e-008 -2.750693116731467e-008 -2.756427012268755e-008 -2.761356451921022e-008 -2.765875453857382e-008 -2.770230592193673e-008 -2.774631392797698e-008 -2.778914189093568e-008 -2.78268882788664e-008 -2.786089597960631e-008 -2.789207446705695e-008 -2.792423694234282e-008 -2.795673225345435e-008 -2.797829443866574e-008 -2.799229964761442e-008 -2.800235523086293e-008 -2.801118675129373e-008 -2.801620536640337e-008 -2.799965451319881e-008 -2.796720439514355e-008 -2.791799242674229e-008
-2.671870418284329e-008 -2.673828049663184e-008 -2.68049149731135e-008 -2.687105077564122e-008 -2.691828110131868e-008 -2.696460074296191e-008 -2.701164592349454e-008 -2.706028141263831e-008 -2.711234487131603e-008 -2.7164282961626e-008 -2.721342361872482e-008 -2.72653415114837e-008 -2.732089899525268e-008 -2.738175869825766e-008 -2.743875637383095e-008 -2.748990860392304e-008 -2.753993660128988e-008 -2.758924828296677e-008 -2.763854421381338e-008 -2.768610260067924e-008 -2.773046082356443e-008 -2.777254111554512e-008 -2.781352162529646e-008 -2.785472619212012e-008 -2.789390095430584e-008 -2.792845742371498e-008 -2.79608305948381e-008 -2.79889989215684e-008 -2.801519488358625e-008 -2.804029573718127e-008 -2.805797340206373e-008 -2.806894135680533e-008 -2.807358746707769e-008 -2.807569171485366e-008 -2.80762344018361e-008 -2.805775006494968e-008 -2.801967129537756e-008 -2.79665768898946e-008
-2.690607777532142e-008 -2.691673137430763e-008 -2.697435860297661e-008 -2.702696203207262e-008 -2.706740165523801e-008 -2.711229712691772e-008 -2.7160105474492e-008 -2.720887526619635e-008 -2.725773561089767e-008 -2.730607042254073e-008 -2.735403163279177e-008 -2.740325928132609e-008 -2.745572358550242e-008 -2.751219898507267e-008 -2.756614149576419e-008 -2.761548745606186e-008 -2.766217225067479e-008 -2.770936531499842e-008 -2.775314462900695e-008 -2.779294672249912e-008 -2.783207968336698e-008 -2.787041365202318e-008 -2.790862304819796e-008 -2.794605085708605e-008 -2.798200411441707e-008 -2.801517482878265e-008 -2.804303276650121e-008 -2.806632885097923e-008 -2.808728187413661e-008 -2.810562740499081e-008 -2.81203148091341e-008 -2.812830930322438e-008 -2.812795739458893e-008 -2.812447391367154e-008 -2.811769623123281e-008 -2.809405775636366e-008 -2.805427997834338e-008 -2.800519604670757e-008
-2.706390091976418e-008 -2.707555343071026e-008 -2.711990145535206e-008 -2.716652690584898e-008 -2.720701733854342e-008 -2.725356076963273e-008 -2.729858071705511e-008 -2.734455877520599e-008 -2.738825539681151e-008 -2.743150782417314e-008 -2.74778640570174e-008 -2.752682615161402e-008 -2.757393588215471e-008 -2.762395846345513e-008 -2.767400814627206e-008 -2.772042744080222e-008 -2.776690083230102e-008 -2.781210462419447e-008 -2.78516018376871e-008 -2.788563558090037e-008 -2.791950913600107e-008 -2.795435108697976e-008 -2.798935338603035e-008 -2.802057351428811e-008 -2.805057633006101e-008 -2.808137208215528e-008 -2.810576458944192e-008 -2.812534709613374e-008 -2.814151244004268e-008 -2.815311451814878e-008 -2.816217295843889e-008 -2.816890185440415e-008 -2.816621128448328e-008 -2.816047759246859e-008 -2.814721903276124e-008 -2.811904571442972e-008 -2.80792116213353e-008 -2.802874749141021e-008
-2.719423749688837e-008 -2.720620602289222e-008 -2.724192279823374e-008 -2.729309474036482e-008 -2.733883046499399e-008 -2.737947700878851e-008 -2.742087788521789e-008 -2.746669227438314e-008 -2.750844340881129e-008 -2.754696006409734e-008 -2.758857599431504e-008 -2.763110251157268e-008 -2.767383579384503e-008 -2.771905618689107e-008 -2.776466032189019e-008 -2.780928608211439e-008 -2.785401510267281e-008 -2.789412306397179e-008 -2.793070441356158e-008 -2.796402817381965e-008 -2.799541526819318e-008 -2.802589802580732e-008 -2.805291150407983e-008 -2.807811975866849e-008 -2.810280772844394e-008 -2.812878611179098e-008 -2.815087700829843e-008 -2.816668616076481e-008 -2.817831957695289e-008 -2.818513453979369e-008 -2.818762629968943e-008 -2.819002859162813e-008 -2.818831791979691e-008 -2.817964615319603e-008 -2.815970982008259e-008 -2.812895037212528e-008 -2.808697034375401e-008 -2.803320535288958e-008
-2.730754508613486e-008 -2.731525335478203e-008 -2.734205935139695e-008 -2.739723920376999e-008 -2.744652296017814e-008 -2.748549594551929e-008 -2.752802572182022e-008 -2.757241747330036e-008 -2.761132563184581e-008 -2.764637814905762e-008 -2.768044742807669e-008 -2.771813310945984e-008 -2.775782945428939e-008 -2.779862591246084e-008 -2.783734544626142e-008 -2.78761349952919e-008 -2.791925962013673e-008 -2.795756523071401e-008 -2.799176215403268e-008 -2.802487727090154e-008 -2.805446955543187e-008 -2.808046603558886e-008 -2.81014669823451e-008 -2.812023811082711e-008 -2.814042696857422e-008 -2.8161553673156e-008 -2.817967574780232e-008 -2.819054945946054e-008 -2.819708102606716e-008 -2.820025628538258e-008 -2.819856680911542e-008 -2.819580464686644e-008 -2.819217962638504e-008 -2.817786560384175e-008 -2.815162377078847e-008 -2.811727703368558e-008 -2.80729009284928e-008 -2.801559758302194e-008
-2.740412302460775e-008 -2.740779237171303e-008 -2.743088160416062e-008 -2.74857887253781e-008 -2.754211370364904e-008 -2.758307030020459e-008 -2.76210392433685e-008 -2.76566326940323e-008 -2.769163683872996e-008 -2.772595237337157e-008 -2.775820410286322e-008 -2.779210147205986e-008 -2.782781033881783e-008 -2.786162190690113e-008 -2.789399807316686e-008 -2.792709061683255e-008 -2.796388898960967e-008 -2.800250493951049e-008 -2.80372279873105e-008 -2.806793940547738e-008 -2.809218808113218e-008 -2.811324363975313e-008 -2.813255700981142e-008 -2.814799930057787e-008 -2.816310773842678e-008 -2.817996800065109e-008 -2.819292198302916e-008 -2.819821384081916e-008 -2.819949241066012e-008 -2.819919239682834e-008 -2.819443062704818e-008 -2.818670889220016e-008 -2.817641122332618e-008 -2.815641279145283e-008 -2.812742536300639e-008 -2.808826828667989e-008 -2.803638995899608e-008 -2.797637896622785e-008
-2.749081365878726e-008 -2.749049134944575e-008 -2.751706069970451e-008 -2.757517267972483e-008 -2.762812208989013e-008 -2.766437920898287e-008 -2.769495987001093e-008 -2.772318915260497e-008 -2.775423253005048e-008 -2.778660800466924e-008 -2.781911250968994e-008 -2.78510332094641e-008 -2.788159300517964e-008 -2.790983789554023e-008 -2.793549913081281e-008 -2.796371611950388e-008 -2.799483618982262e-008 -2.803097183360326e-008 -2.806564395339117e-008 -2.80923910185319e-008 -2.811333661517346e-008 -2.812923885051271e-008 -2.814399534847118e-008 -2.815704047821276e-008 -2.816936685311295e-008 -2.818241171991475e-008 -2.819081061108187e-008 -2.819296128046744e-008 -2.819090923462933e-008 -2.818566135043611e-008 -2.817650854940041e-008 -2.816198419206486e-008 -2.81410576819473e-008 -2.811347158584726e-008 -2.807867698918467e-008 -2.802973157326966e-008 -2.797767868796927e-008 -2.792102575126338e-008
-2.75754585295147e-008 -2.757770463464522e-008 -2.761095854486485e-008 -2.765554319272769e-008 -2.768888528007388e-008 -2.771759309378267e-008 -2.774604140104765e-008 -2.77737462098369e-008 -2.780180309005071e-008 -2.783213787258368e-008 -2.786312948532415e-008 -2.789061705542194e-008 -2.79144405700946e-008 -2.793804113530703e-008 -2.796150020904054e-008 -2.798468343978242e-008 -2.801109259616255e-008 -2.804338814601454e-008 -2.807347827223707e-008 -2.809583685054324e-008 -2.811396246822914e-008 -2.81273168653228e-008 -2.813762411926626e-008 -2.814791791826278e-008 -2.815862884849851e-008 -2.816776504757686e-008 -2.817091635743261e-008 -2.816907029618209e-008 -2.816327028534772e-008 -2.815524066252e-008 -2.814290649386971e-008 -2.812134423593768e-008 -2.808933905742841e-008 -2.805096739526479e-008 -2.800680672569057e-008 -2.795903453573493e-008 -2.791222898381156e-008 -2.785404560068787e-008
-2.764287240036675e-008 -2.765630677238126e-008 -2.768170544811298e-008 -2.770600149362873e-008 -2.772597318959616e-008 -2.774896214493939e-008 -2.777490200680143e-008 -2.780194250023054e-008 -2.783055542603171e-008 -2.786021005125749e-008 -2.788783638095558e-008 -2.791185894562658e-008 -2.793226682875361e-008 -2.794892156681179e-008 -2.79691786892937e-008 -2.798975039477801e-008 -2.801179501361933e-008 -2.803710479730289e-008 -2.805966607753997e-008 -2.807672751586297e-008 -2.809008441050407e-008 -2.81001777509764e-008 -2.810993924348321e-008 -2.812067042438173e-008 -2.813183391996667e-008 -2.813725627871137e-008 -2.813309763788832e-008 -2.812533841947699e-008 -2.811679754842899e-008 -2.810901577874856e-008 -2.809054888464406e-008 -2.80618033354986e-008 -2.802333676957455e-008 -2.79786599125118e-008 -2.793158943589089e-008 -2.788482762909172e-008 -2.783347712723782e-008 -2.777259881979178e-008
-2.768880622094186e-008 -2.769429211921789e-008 -2.770441877934012e-008 -2.771966952739029e-008 -2.773553866632904e-008 -2.775599383037191e-008 -2.778061974706482e-008 -2.78067462392662e-008 -2.783523164104337e-008 -2.786372891690822e-008 -2.788927756894705e-008 -2.791027699013037e-008 -2.792864709317153e-008 -2.794785418684257e-008 -2.796492804465808e-008 -2.798191409329584e-008 -2.799781694197648e-008 -2.801182437568873e-008 -2.802527265259355e-008 -2.803689425660458e-008 -2.804500904962883e-008 -2.805239873499897e-008 -2.806342643516235e-008 -2.807606343291732e-008 -2.808968225717678e-008 -2.809441676830802e-008 -2.80820045170453e-008 -2.806641969181533e-008 -2.80535660941605e-008 -2.803789440288404e-008 -2.801376925396876e-008 -2.797786959733881e-008 -2.79383030043047e-008 -2.789687250893547e-008 -2.784834973926351e-008 -2.779644588060457e-008 -2.773985482855251e-008 -2.768419080670353e-008
-2.770338162706954e-008 -2.769213533653382e-008 -2.769156960105769e-008 -2.770273300946842e-008 -2.771652626582989e-008 -2.773388759737046e-008 -2.775681770386089e-008 -2.778244030816527e-008 -2.781042280828843e-008 -2.783929306298699e-008 -2.786672691091562e-008 -2.789104246886876e-008 -2.79088803401895e-008 -2.792800169363821e-008 -2.79463577928605e-008 -2.796202234531876e-008 -2.797056040359261e-008 -2.796880935722308e-008 -2.79710297758655e-008 -2.797866712014708e-008 -2.798543857257226e-008 -2.799214149189776e-008 -2.800116971486401e-008 -2.801115049179344e-008 -2.802959422152942e-008 -2.80386873118767e-008 -2.802011406396822e-008 -2.798936304379116e-008 -2.796396632085419e-008 -2.794078897148878e-008 -2.790973280114015e-008 -2.786754387481081e-008 -2.783201414212665e-008 -2.779672951214322e-008 -2.775456074973258e-008 -2.770351986248028e-008 -2.764554920018729e-008 -2.758859001672535e-008
-2.768329724284073e-008 -2.765322977567241e-008 -2.76457461264861e-008 -2.765173988439664e-008 -2.766551656433417e-008 -2.768116640695559e-008 -2.770059525173372e-008 -2.772405381932002e-008 -2.775295034949719e-008 -2.77841163007201e-008 -2.781467551686173e-008 -2.784590828009937e-008 -2.787529200035263e-008 -2.789337967509917e-008 -2.791067859813936e-008 -2.792652711143873e-008 -2.792917797648682e-008 -2.790892540352397e-008 -2.789479017411312e-008 -2.789686686349746e-008 -2.790279852475447e-008 -2.790875849773669e-008 -2.791065700590705e-008 -2.792050283111154e-008 -2.794915249455158e-008 -2.796034811415904e-008 -2.794134964563209e-008 -2.790034291599083e-008 -2.785925557693635e-008 -2.782280068260711e-008 -2.778131288456202e-008 -2.774104675807534e-008 -2.770752371270455e-008 -2.767443802693192e-008 -2.764164154699164e-008 -2.760358094857298e-008 -2.755542299621591e-008 -2.749695265332565e-008
-2.763754731064809e-008 -2.759315456521119e-008 -2.757541648649215e-008 -2.757333775241033e-008 -2.758041814065868e-008 -2.759292859207185e-008 -2.760862609125661e-008 -2.763110882601044e-008 -2.766379221129123e-008 -2.769856697910224e-008 -2.773048528137857e-008 -2.776121438581774e-008 -2.779148464032298e-008 -2.78207641704978e-008 -2.784661923559592e-008 -2.786668926506794e-008 -2.786794443775242e-008 -2.783057654170494e-008 -2.779284780282903e-008 -2.778476757437002e-008 -2.778841950903209e-008 -2.779312105593503e-008 -2.779388843308133e-008 -2.780808907188931e-008 -2.783509416612328e-008 -2.783970841704502e-008 -2.782247203143514e-008 -2.778810154918181e-008 -2.774354413752901e-008 -2.769249118502973e-008 -2.764164156700092e-008 -2.760021020498087e-008 -2.75655624383851e-008 -2.753379887550354e-008 -2.750692358090514e-008 -2.747536632962523e-008 -2.743664006339208e-008 -2.738946731238131e-008
