data/gpsIIR_gridfiles/nap_antenna/gpsiirnapY-R100-Q50W50S0.grd
DSAA
361 181
-180 180
-90 90
-3.6151337557612E-008 3.634507871166E-008
[rows 68 to 84 of 181, columns 78 to 116 of 361]
3.441763115387257e-008 3.447167903429662e-008 3.450756280601268e-008 3.453363556583005e-008 3.454215459393745e-008 3.453877656208755e-008 3.451470946194694e-008 3.447074011172045e-008 3.440353299687472e-008 3.429636747656601e-008 3.419763260825981e-008 3.403504674160085e-008 3.391915414904652e-008 3.401470187499809e-008 3.418826092193266e-008 3.428494402584177e-008 3.439170042254528e-008 3.446358153315955e-008 3.451760186205763e-008 3.454683032360784e-008 3.45606457036628e-008 3.455573777600413e-008 3.453054995522327e-008 3.448612001809415e-008 3.443002925318449e-008 3.435511095257352e-008 3.425200146070711e-008 3.411689750630059e-008 3.397303704729267e-008 3.381583764775785e-008 3.364753677202884e-008 3.347924241686196e-008 3.329670385179858e-008 3.310418154268174e-008 3.289624502834554e-008 3.26702969222242e-008 3.242772806448916e-008 3.216997428451766e-008 3.18968948497259e-008
3.463562784595115e-008 3.468578827976808e-008 3.471965447203234e-008 3.474433820589054e-008 3.475531104700148e-008 3.475058464585324e-008 3.473435323685062e-008 3.469163047124527e-008 3.462424553070679e-008 3.453732202163732e-008 3.438258743295514e-008 3.424173509985332e-008 3.419961904384347e-008 3.425947841335821e-008 3.436258972907379e-008 3.451193902068131e-008 3.461156098416052e-008 3.468171889842211e-008 3.473136055524698e-008 3.476206846609768e-008 3.477238630289678e-008 3.476741731160186e-008 3.474174031525364e-008 3.470464611748708e-008 3.465190786336173e-008 3.457067957782457e-008 3.44643824738852e-008 3.433827074164231e-008 3.41876884329181e-008 3.403128198777246e-008 3.386452575529198e-008 3.369162493655639e-008 3.350950312275204e-008 3.331798458032664e-008 3.310380614007828e-008 3.287409940699646e-008 3.263138439075936e-008 3.237495060756627e-008 3.209985527636984e-008
3.4837767173521e-008 3.488716676047319e-008 3.491853656462694e-008 3.494232384230409e-008 3.495300677897683e-008 3.494546358055774e-008 3.493227391197131e-008 3.488840317263398e-008 3.482413999283308e-008 3.474707893179288e-008 3.457173217331822e-008 3.442570984804919e-008 3.439748440479117e-008 3.445426228544769e-008 3.454674339905061e-008 3.471351909566652e-008 3.480982766792207e-008 3.487803015848435e-008 3.492578661529421e-008 3.495788939951393e-008 3.496754206622597e-008 3.496463632731853e-008 3.493783081704204e-008 3.490310175689508e-008 3.48505629106524e-008 3.476908882185783e-008 3.466193353147014e-008 3.453659077342211e-008 3.438500692218627e-008 3.4227227954976e-008 3.406099079943414e-008 3.388572952967364e-008 3.370460561355914e-008 3.351062022679396e-008 3.329614398059241e-008 3.306390941580905e-008 3.282092306840052e-008 3.256262266665364e-008 3.228516920397929e-008
3.502439606239365e-008 3.507653023972705e-008 3.511218379468262e-008 3.513214169843925e-008 3.513888590799538e-008 3.51313483949083e-008 3.510422554802169e-008 3.506459143935626e-008 3.499889230960465e-008 3.488924882243822e-008 3.473401599932448e-008 3.462351072022057e-008 3.453557678386157e-008 3.456710749007862e-008 3.473820760890603e-008 3.487972508538122e-008 3.498125808703241e-008 3.506018650150407e-008 3.510834548830026e-008 3.513432661669049e-008 3.515005903835166e-008 3.514974317917256e-008 3.512616122909007e-008 3.508511926417902e-008 3.502681765414063e-008 3.494945875806e-008 3.484615461204364e-008 3.471443506889622e-008 3.456965942606525e-008 3.440751976208358e-008 3.423930146447278e-008 3.406613003674429e-008 3.388556050851676e-008 3.368632438088708e-008 3.347445256997814e-008 3.324404562673463e-008 3.300035878292759e-008 3.273806681841539e-008 3.245430015247842e-008
3.519443340262082e-008 3.524927688727803e-008 3.528453435946511e-008 3.530287244053073e-008 3.530576043950883e-008 3.529677140857045e-008 3.52617937937937e-008 3.522169325657234e-008 3.515905451221847e-008 3.504248013105343e-008 3.488268725537896e-008 3.477769867227553e-008 3.466378948681928e-008 3.469085819866549e-008 3.489652222016411e-008 3.503800974048298e-008 3.513551337335408e-008 3.521709467540458e-008 3.526587622684855e-008 3.529132059258077e-008 3.530982442370474e-008 3.531134105193907e-008 3.528851386604259e-008 3.524616960095148e-008 3.518737174426382e-008 3.511088582500017e-008 3.500798761720119e-008 3.48747681302305e-008 3.473021311637206e-008 3.456624738854032e-008 3.439866236339703e-008 3.422576228531268e-008 3.404534278896834e-008 3.384525711386769e-008 3.363317620642953e-008 3.340234677383974e-008 3.315810689446432e-008 3.289510520125756e-008 3.261034482108375e-008
3.535633169408317e-008 3.540520011257412e-008 3.543749835605848e-008 3.545641526915224e-008 3.545962860772938e-008 3.54484917831286e-008 3.541682151619046e-008 3.536285257781363e-008 3.528436613179458e-008 3.516836111771608e-008 3.503731945671656e-008 3.485824813803498e-008 3.478726380272346e-008 3.487610297870184e-008 3.500791015906011e-008 3.514796359699205e-008 3.526769715449464e-008 3.534824130086616e-008 3.539775721045779e-008 3.543376090975263e-008 3.544861084871436e-008 3.544713151365446e-008 3.542755895239501e-008 3.538854244062253e-008 3.533274598682732e-008 3.525274540316553e-008 3.514558843255102e-008 3.501876430490207e-008 3.486354709199775e-008 3.469923254908137e-008 3.453814250185152e-008 3.436592886222758e-008 3.418260121010837e-008 3.398586141826549e-008 3.37716306521913e-008 3.353793707715214e-008 3.329382800901961e-008 3.303360346606311e-008 3.275323601723432e-008
3.549475511306802e-008 3.554237057551293e-008 3.55726151307427e-008 3.559094128019676e-008 3.559290560479414e-008 3.55805447081116e-008 3.554800348044222e-008 3.548882507574019e-008 3.540855439961335e-008 3.529192086029996e-008 3.517113133964971e-008 3.495470110595794e-008 3.488269631000033e-008 3.499767210345977e-008 3.512595257190193e-008 3.526178051957599e-008 3.538777907089806e-008 3.546656198022772e-008 3.551659383494338e-008 3.555473436487988e-008 3.557025575421932e-008 3.556700246253068e-008 3.554954428438388e-008 3.551062697483466e-008 3.545676466866941e-008 3.537738831887257e-008 3.526862068524729e-008 3.514394648355804e-008 3.498579159822449e-008 3.482312537534115e-008 3.466216020442243e-008 3.449188799281772e-008 3.430734115702592e-008 3.411261256498674e-008 3.389823728444163e-008 3.366476013981909e-008 3.342070993129691e-008 3.316055495696921e-008 3.288001531347236e-008
3.56074931104662e-008 3.565575525269765e-008 3.568691643334237e-008 3.570361145963886e-008 3.57031536389186e-008 3.569603630922395e-008 3.566433028060013e-008 3.560883917952573e-008 3.552851489607847e-008 3.539716171303939e-008 3.525195649439033e-008 3.509985851269334e-008 3.49851673131023e-008 3.505049374947517e-008 3.523500636650275e-008 3.536247625315271e-008 3.548797847156466e-008 3.557404524113386e-008 3.562682900462788e-008 3.565949381344354e-008 3.567033479335152e-008 3.566318943346411e-008 3.564688951345573e-008 3.560739844643618e-008 3.555625489109649e-008 3.547931524703716e-008 3.537305362420058e-008 3.523839763460459e-008 3.509506629591025e-008 3.493370013145311e-008 3.477016353493375e-008 3.459953323414252e-008 3.441560013542819e-008 3.422452528369386e-008 3.401253752615033e-008 3.378416234190238e-008 3.353933343515417e-008 3.327567505980794e-008 3.299580988918978e-008
3.570585356163297e-008 3.575585155426672e-008 3.578673237938758e-008 3.580273517673788e-008 3.579852584552236e-008 3.57942516145609e-008 3.576064410458281e-008 3.570677715570935e-008 3.562961538204046e-008 3.549235180742603e-008 3.53464961205467e-008 3.519556208247194e-008 3.504878790547338e-008 3.511330156258568e-008 3.533181281223459e-008 3.544962672670748e-008 3.557731454829933e-008 3.566466079994111e-008 3.571726420948331e-008 3.575099237429819e-008 3.576017807055621e-008 3.575352818956337e-008 3.573709280240824e-008 3.569904757811137e-008 3.564844903258162e-008 3.557460814952599e-008 3.546962727670767e-008 3.533473169025728e-008 3.519420678086707e-008 3.503228129021799e-008 3.486859937709955e-008 3.469731628792826e-008 3.451286474139492e-008 3.432231303426476e-008 3.411041936234611e-008 3.388265082647349e-008 3.363723693529201e-008 3.337282696143872e-008 3.309193596049441e-008
3.579467620345645e-008 3.584513718036824e-008 3.58765923998981e-008 3.589321559159384e-008 3.589195444994923e-008 3.58756266798336e-008 3.583940507471996e-008 3.578452632790123e-008 3.569712940507472e-008 3.556315550681816e-008 3.542708283941746e-008 3.523179542472355e-008 3.511425300091024e-008 3.520831331547129e-008 3.536690009007905e-008 3.550563596450742e-008 3.564103771835641e-008 3.573311224418455e-008 3.579289363009502e-008 3.582964685466563e-008 3.583830559144915e-008 3.583665879763569e-008 3.581914159183338e-008 3.578337021376688e-008 3.573254295237855e-008 3.565674182275011e-008 3.556037156143574e-008 3.543968132820095e-008 3.528606598964883e-008 3.512742288868953e-008 3.495923326568014e-008 3.478423566711354e-008 3.460000020294078e-008 3.440499993707029e-008 3.419209158796126e-008 3.396295415055914e-008 3.371685548785271e-008 3.345295512813508e-008 3.316809471337715e-008
3.586406584133223e-008 3.591528159584029e-008 3.594695682904655e-008 3.596257361518344e-008 3.596010824681086e-008 3.593959217720247e-008 3.589977110799878e-008 3.584721095619581e-008 3.576096824001691e-008 3.562477804552475e-008 3.550361361641282e-008 3.527899689898395e-008 3.514551683671981e-008 3.526780390684261e-008 3.543069465517143e-008 3.556531378250162e-008 3.5704397862507e-008 3.579738115022945e-008 3.585700505387161e-008 3.589825154919166e-008 3.590581547513564e-008 3.590760113629648e-008 3.588978793332043e-008 3.585414820779401e-008 3.580374107084865e-008 3.572695582490107e-008 3.563301524289392e-008 3.551344667764819e-008 3.535936206857809e-008 3.519883967181485e-008 3.503109115740062e-008 3.485321536807241e-008 3.466937318861616e-008 3.447280999796973e-008 3.425933732980412e-008 3.402928062826542e-008 3.378263504208316e-008 3.351902049937257e-008 3.32344152085545e-008
3.591883531954826e-008 3.596939794671807e-008 3.600258344718795e-008 3.601355669272378e-008 3.601112132081327e-008 3.599291129603541e-008 3.595581142571438e-008 3.589794720559187e-008 3.581304917194106e-008 3.56732419400794e-008 3.552972290280338e-008 3.535052683884232e-008 3.522274751382815e-008 3.530660669261729e-008 3.549836353636911e-008 3.562817232244516e-008 3.577064324420395e-008 3.586117146667561e-008 3.592313229028535e-008 3.596207612750691e-008 3.597894795797216e-008 3.597876556137284e-008 3.595899812276187e-008 3.592341695350129e-008 3.586781023880184e-008 3.579255467293528e-008 3.568741394532909e-008 3.556513362555119e-008 3.541732857405536e-008 3.526077687830801e-008 3.50867948364529e-008 3.490821553667845e-008 3.472298384967648e-008 3.452951865557176e-008 3.431268572022786e-008 3.408155967039517e-008 3.383386446665968e-008 3.357001822493461e-008 3.328784800043366e-008
3.594949651625172e-008 3.600060871752189e-008 3.603442204671203e-008 3.604151241962011e-008 3.603894555342e-008 3.602065034131466e-008 3.598281744991285e-008 3.592704171574047e-008 3.584777369170867e-008 3.570469029461433e-008 3.556747784910412e-008 3.538812135303856e-008 3.523212551269995e-008 3.532792834683306e-008 3.554851894253851e-008 3.566890716397075e-008 3.581137913837431e-008 3.589965621921706e-008 3.595835636276904e-008 3.599868050597304e-008 3.601739167245533e-008 3.60173146785898e-008 3.599747950763637e-008 3.595994113132753e-008 3.590443191770125e-008 3.582744605831174e-008 3.572083898848627e-008 3.559727724348616e-008 3.544972840874236e-008 3.529299928782115e-008 3.511882536645434e-008 3.494100531792225e-008 3.475697531365479e-008 3.456415157641216e-008 3.434760344524984e-008 3.411604628275586e-008 3.386882720900711e-008 3.360560672584979e-008 3.332498881963988e-008
3.595078939580396e-008 3.600012656804837e-008 3.602737020726264e-008 3.604292203018866e-008 3.603926040914413e-008 3.602289050655448e-008 3.598449192267449e-008 3.593036980373014e-008 3.585342630683354e-008 3.572451583878394e-008 3.554181806531772e-008 3.540721304881172e-008 3.528670462450654e-008 3.53246409309327e-008 3.554286956108091e-008 3.570228594005481e-008 3.582426172517845e-008 3.591757042108958e-008 3.597659998703969e-008 3.601339897885235e-008 3.603238485119613e-008 3.603312549156717e-008 3.601098388835267e-008 3.597039545048555e-008 3.591535532258366e-008 3.583712176983193e-008 3.573415525985203e-008 3.56076052532605e-008 3.546036610589721e-008 3.528705048533916e-008 3.512538830624425e-008 3.49541846848259e-008 3.477163689372789e-008 3.457850716264008e-008 3.436518668655065e-008 3.413364547728924e-008 3.388723438651263e-008 3.362587157713018e-008 3.334602421036701e-008
3.593825897816074e-008 3.598995487585072e-008 3.601163338660381e-008 3.60312588088196e-008 3.602444008010335e-008 3.601084778363745e-008 3.596819950767221e-008 3.591869050895936e-008 3.584970027242877e-008 3.572639657202571e-008 3.552191371957786e-008 3.540252453911735e-008 3.526766910173874e-008 3.529079402940686e-008 3.554216377751994e-008 3.570059364305242e-008 3.58159269832815e-008 3.590457314379739e-008 3.596348008855729e-008 3.599668159148959e-008 3.601833704885782e-008 3.60183669604794e-008 3.599853285873906e-008 3.595554330776916e-008 3.590429110926273e-008 3.582444211570254e-008 3.572538940264293e-008 3.559731603723937e-008 3.545358598866766e-008 3.527647225537162e-008 3.512070521543148e-008 3.495151397142886e-008 3.477220294482219e-008 3.457881304663349e-008 3.436722794296855e-008 3.413661378081588e-008 3.389130422733382e-008 3.363139581058236e-008 3.335145933388994e-008
3.5931597381384e-008 3.597807080764653e-008 3.600309343897984e-008 3.601611657098664e-008 3.601258409930951e-008 3.599545263140045e-008 3.596525524726679e-008 3.59100641849202e-008 3.583493659404326e-008 3.571096761324513e-008 3.549396229463255e-008 3.535197013516159e-008 3.525965382348738e-008 3.527947141998155e-008 3.548662531984613e-008 3.566359645088106e-008 3.578177109511866e-008 3.58659256179624e-008 3.592617016132348e-008 3.595123043299842e-008 3.597692655444295e-008 3.597405901666571e-008 3.596289010279522e-008 3.592788414526122e-008 3.587427546555413e-008 3.579680978793785e-008 3.569868645756974e-008 3.557595686577994e-008 3.543418234643254e-008 3.526988185112252e-008 3.511055053890135e-008 3.494880710003548e-008 3.476783177445034e-008 3.457042148702418e-008 3.435892273573903e-008 3.413269257123793e-008 3.388898569692604e-008 3.362754405725545e-008 3.334855386437046e-008
3.588767384754203e-008 3.593663213287652e-008 3.595459786573945e-008 3.596963813823588e-008 3.59622002463283e-008 3.594359370801096e-008 3.591554996525737e-008 3.585494197962628e-008 3.578903727403375e-008 3.566854451526526e-008 3.542981022650742e-008 3.528341686911948e-008 3.519126591876719e-008 3.51926130820495e-008 3.543027087744447e-008 3.560299375354456e-008 3.572193240129576e-008 3.579317304710731e-008 3.586070763927665e-008 3.587434118629342e-008 3.590951450398331e-008 3.590050888377155e-008 3.589779185255121e-008 3.585932097945885e-008 3.581131189445694e-008 3.57309576998385e-008 3.563954827619189e-008 3.55161891516419e-008 3.538053433987834e-008 3.521613584520567e-008 3.506279320139886e-008 3.490312359572022e-008 3.472509993024187e-008 3.452858858010501e-008 3.431788381456829e-008 3.409444813672812e-008 3.385146315901137e-008 3.359456613440709e-008 3.331454256450469e-008
