data/gpsIIR_gridfiles/nap_antenna/gpsiirnapY-R100-Q50W50S0.grd
DSAA
361 181
-180 180
-90 90
-3.6151337557612E-008 3.634507871166E-008
[rows 102 to 118 of 181, columns 78 to 116 of 361]
3.61679198019418e-008 3.621661067512159e-008 3.623743111749682e-008 3.623387065910441e-008 3.621254745592097e-008 3.617091797294037e-008 3.610783756890497e-008 3.602817349482652e-008 3.591612468945351e-008 3.575374908089936e-008 3.559414220961583e-008 3.536556401764607e-008 3.51731342978991e-008 3.529001600930411e-008 3.550358890482776e-008 3.562506655407026e-008 3.575873412242946e-008 3.583826216314077e-008 3.588682257963613e-008 3.591927718531301e-008 3.592768050505019e-008 3.592389625047546e-008 3.591095577424662e-008 3.58760179536627e-008 3.581778624681392e-008 3.574705366461811e-008 3.566341527653393e-008 3.556136566092649e-008 3.542666231979517e-008 3.52837218964542e-008 3.51205684473805e-008 3.494887475265317e-008 3.4761631191544e-008 3.456855739606761e-008 3.434949452265554e-008 3.412245231558039e-008 3.386569494475564e-008 3.359387250861973e-008 3.330785363322007e-008
3.607662082376028e-008 3.612407606199765e-008 3.614528400167962e-008 3.61454012142263e-008 3.611951344995714e-008 3.608438264420067e-008 3.602385121009295e-008 3.594588399453954e-008 3.584184382037479e-008 3.568972902902311e-008 3.547932779921976e-008 3.532157951311674e-008 3.519216288343629e-008 3.52175402765016e-008 3.541715623666647e-008 3.558047977540531e-008 3.568687932206306e-008 3.57683454407398e-008 3.582192061005433e-008 3.584920633817775e-008 3.585703156270435e-008 3.584476780387644e-008 3.582662449401448e-008 3.579062100420332e-008 3.57364622171849e-008 3.566617574767761e-008 3.557618415795491e-008 3.54655588273019e-008 3.533737759856149e-008 3.519231210572634e-008 3.503187470804304e-008 3.485719685955473e-008 3.46677385254445e-008 3.447238000635668e-008 3.425506057056358e-008 3.402206861159327e-008 3.376694168802648e-008 3.349897122672794e-008 3.321106058776356e-008
3.597882362750201e-008 3.602504349045641e-008 3.604947556092033e-008 3.604731595191859e-008 3.602094408002465e-008 3.598789719745576e-008 3.592854959112082e-008 3.585372368743661e-008 3.576050501815551e-008 3.561625428996263e-008 3.538963148816986e-008 3.525497487599515e-008 3.511912785169999e-008 3.512375671007501e-008 3.534498071104879e-008 3.551156465157405e-008 3.560166573509889e-008 3.568199961109319e-008 3.573433374766952e-008 3.576132380319905e-008 3.576728339066487e-008 3.575199433266396e-008 3.573048719589382e-008 3.569427796191037e-008 3.563724778781499e-008 3.55666008249154e-008 3.547323191658755e-008 3.536003805937938e-008 3.523232008018867e-008 3.508623251631546e-008 3.492758114148604e-008 3.475049273058356e-008 3.456226317431218e-008 3.436342465782052e-008 3.414836847970194e-008 3.39100763958306e-008 3.36589715488209e-008 3.338876506438192e-008 3.310536917767052e-008
3.587761936971627e-008 3.591981139830617e-008 3.594120462107656e-008 3.594055293444211e-008 3.592059419765184e-008 3.588871394200912e-008 3.583482689437212e-008 3.575966918972047e-008 3.565806712515218e-008 3.549959453316409e-008 3.531683499691616e-008 3.515819756162626e-008 3.501399353610014e-008 3.505057938879797e-008 3.524809559994378e-008 3.537977956116713e-008 3.549349638460811e-008 3.557258002624909e-008 3.562728385980969e-008 3.565418491037284e-008 3.565950819684878e-008 3.564614732878138e-008 3.561947751951179e-008 3.557449641722031e-008 3.551794052732963e-008 3.544002240764011e-008 3.534650190147331e-008 3.522901341559059e-008 3.510232883054787e-008 3.49576321869857e-008 3.479874938739384e-008 3.462452119702559e-008 3.443559520146812e-008 3.423626147188782e-008 3.401698815301745e-008 3.377871355305868e-008 3.352200450007777e-008 3.326050526033437e-008 3.298057056704468e-008
3.576210417106327e-008 3.58043310720437e-008 3.582461568948153e-008 3.582432043389467e-008 3.580280831991252e-008 3.577453211155745e-008 3.571946970428682e-008 3.564725443243155e-008 3.5552169338859e-008 3.539149395176014e-008 3.521510327842161e-008 3.506042912667219e-008 3.488985294238905e-008 3.493269200003732e-008 3.515260798651243e-008 3.526784985663615e-008 3.537784749068118e-008 3.545298137712099e-008 3.550693569270474e-008 3.553323779700952e-008 3.553793523492963e-008 3.552380454142852e-008 3.549575729458051e-008 3.544766722671398e-008 3.53893299086261e-008 3.530924326530301e-008 3.521361646787586e-008 3.509500144994032e-008 3.496773507248138e-008 3.482354069726662e-008 3.466466298304504e-008 3.449051510865687e-008 3.430134082109142e-008 3.410078341580444e-008 3.388166810819476e-008 3.364157199060868e-008 3.338613808973705e-008 3.312407315049299e-008 3.284713709485608e-008
3.563783049047625e-008 3.568101394963332e-008 3.570728590985481e-008 3.570199805656824e-008 3.568022476641944e-008 3.564619574136219e-008 3.559052524961727e-008 3.551650790704882e-008 3.541679903537277e-008 3.527508627142453e-008 3.507327008495243e-008 3.493457137432361e-008 3.482554172923495e-008 3.483382573772546e-008 3.499936893165137e-008 3.51562122787353e-008 3.525085016335126e-008 3.532522609205052e-008 3.537474325145817e-008 3.53965531189199e-008 3.540284679277333e-008 3.539014069527901e-008 3.536117131655059e-008 3.5316175817441e-008 3.525420498723815e-008 3.517121444367876e-008 3.507467675726712e-008 3.495708581744224e-008 3.482864630020219e-008 3.468250984533694e-008 3.452428137811587e-008 3.43485512232892e-008 3.415960107736538e-008 3.395515718728137e-008 3.373503565246262e-008 3.349796437202886e-008 3.324270135382359e-008 3.297736546362818e-008 3.26996146376445e-008
3.549247735086206e-008 3.553845471175559e-008 3.556736277424671e-008 3.556037649384568e-008 3.55345231777937e-008 3.550215933284416e-008 3.544345208790617e-008 3.537241009455232e-008 3.527963270260706e-008 3.514881359819838e-008 3.492997817952292e-008 3.480150909193775e-008 3.469875667216133e-008 3.469088494977612e-008 3.486582830927408e-008 3.502913222364644e-008 3.511227525917201e-008 3.517972215714624e-008 3.522762649373258e-008 3.524549148982778e-008 3.52521398088139e-008 3.523871800178523e-008 3.520893235913688e-008 3.51633274445976e-008 3.509934054617001e-008 3.501465837560444e-008 3.491736222179176e-008 3.47999523628226e-008 3.467121873942549e-008 3.452619851277126e-008 3.436705385799954e-008 3.419210384870805e-008 3.400222246127393e-008 3.379806131947196e-008 3.357757976884043e-008 3.334136926581551e-008 3.308697936003934e-008 3.282217275757791e-008 3.254541140021351e-008
3.532871859942592e-008 3.537334297399844e-008 3.539688178766526e-008 3.539827837622272e-008 3.53795781123291e-008 3.534441534831595e-008 3.529376577892246e-008 3.522058383820512e-008 3.512073901253679e-008 3.499973812737857e-008 3.481428262408324e-008 3.46154138422138e-008 3.455456316499115e-008 3.460947950618766e-008 3.470787412253526e-008 3.48585914300123e-008 3.496662805813202e-008 3.502656433069929e-008 3.506551310096496e-008 3.508650214266276e-008 3.508691620270132e-008 3.507255613735914e-008 3.504177622054157e-008 3.499189619959463e-008 3.492305839230894e-008 3.483965877876062e-008 3.473907881250287e-008 3.46247094009843e-008 3.449814280153214e-008 3.435610612566926e-008 3.419600375948864e-008 3.402160358128867e-008 3.383268070762363e-008 3.363053976616997e-008 3.340964977483151e-008 3.317315239490419e-008 3.292339804100488e-008 3.266346903340674e-008 3.238882327000105e-008
3.514674154319364e-008 3.519002883384282e-008 3.521309430635405e-008 3.521707145696603e-008 3.520048307717293e-008 3.516479362544519e-008 3.511775218011802e-008 3.504476249530505e-008 3.494740824456504e-008 3.4842027121231e-008 3.466012644981944e-008 3.442507840389534e-008 3.437501583662018e-008 3.445542553497575e-008 3.453859061559578e-008 3.469008086672859e-008 3.479661002717579e-008 3.484891560152294e-008 3.488389117392671e-008 3.490502435387983e-008 3.490290553441884e-008 3.488767258931079e-008 3.485526485365501e-008 3.480290089777664e-008 3.473213689898877e-008 3.464842337209703e-008 3.454754759317523e-008 3.443479692165778e-008 3.431006591157539e-008 3.416890057884033e-008 3.401002585274332e-008 3.383508911855368e-008 3.364694232995016e-008 3.344519381617466e-008 3.322512280595117e-008 3.298859965198689e-008 3.273928991818628e-008 3.248055746172948e-008 3.220747345849664e-008
3.493459434339044e-008 3.498274535290713e-008 3.500918662820476e-008 3.501315364683161e-008 3.500116162896218e-008 3.496739907180461e-008 3.491823331205538e-008 3.48497120260534e-008 3.475083718691799e-008 3.46126494688388e-008 3.446733503067672e-008 3.427052611576505e-008 3.415512015559424e-008 3.423252838885437e-008 3.438221338476553e-008 3.448364092806779e-008 3.45855725690398e-008 3.464862106438136e-008 3.468652648490664e-008 3.470268323335224e-008 3.470351309061053e-008 3.46844603848603e-008 3.464765164571402e-008 3.459141114417543e-008 3.452280216885955e-008 3.443574688680683e-008 3.433924782452427e-008 3.42317398584984e-008 3.410691812119692e-008 3.396627290717688e-008 3.380972470718736e-008 3.363433074958344e-008 3.344346825748352e-008 3.324230558467366e-008 3.302588661649871e-008 3.278884445679784e-008 3.253255445143399e-008 3.227189019346909e-008 3.199938833938133e-008
3.471410636485777e-008 3.47651323313359e-008 3.479090644311508e-008 3.479560615323842e-008 3.478584506757007e-008 3.475160922184101e-008 3.470302824596505e-008 3.463689579696074e-008 3.454138415850163e-008 3.439634458455175e-008 3.427358240042211e-008 3.406633191507019e-008 3.39212778538349e-008 3.401160136924877e-008 3.419185936930972e-008 3.427314398914823e-008 3.43719571631586e-008 3.443240408097163e-008 3.446960898146135e-008 3.448513802122181e-008 3.448597437454357e-008 3.44655465585045e-008 3.442623087469792e-008 3.436917735299737e-008 3.429974897799064e-008 3.42127669498698e-008 3.411705189181944e-008 3.401126526904756e-008 3.388724217742109e-008 3.37479485191171e-008 3.359282264838828e-008 3.341829694066023e-008 3.322708800771964e-008 3.302588937036871e-008 3.281055603300042e-008 3.25733598698458e-008 3.231811594251235e-008 3.205872042341402e-008 3.178845108800748e-008
3.448201339059635e-008 3.453177853424997e-008 3.455902532622787e-008 3.456734677645204e-008 3.455852073351372e-008 3.453267193550702e-008 3.448211008767443e-008 3.440606833930375e-008 3.430668655266814e-008 3.416498874225089e-008 3.402752362581488e-008 3.385417517433865e-008 3.37276728285009e-008 3.378599305673131e-008 3.394958374113693e-008 3.404413541187895e-008 3.41361277853343e-008 3.419731839849873e-008 3.42399166507518e-008 3.425701565058013e-008 3.425313522873084e-008 3.422818752013092e-008 3.418966876994033e-008 3.413250277528656e-008 3.406275889172398e-008 3.397863710201255e-008 3.388247109082029e-008 3.377262277229425e-008 3.364756525048253e-008 3.351278594016421e-008 3.336163552336287e-008 3.318896133378809e-008 3.299846818058383e-008 3.279534030434736e-008 3.257351466709835e-008 3.233918236457088e-008 3.209401944370928e-008 3.183685209404714e-008 3.156815749140091e-008
3.423553346075306e-008 3.428552061542558e-008 3.431187699377776e-008 3.432064447453055e-008 3.431294972276069e-008 3.428980144066273e-008 3.42385061966636e-008 3.416065810670162e-008 3.406704693405107e-008 3.392585596927579e-008 3.379966901010098e-008 3.362309752158637e-008 3.347908725027064e-008 3.354792041293563e-008 3.372210638692066e-008 3.380392507622648e-008 3.389117280806322e-008 3.394935100840679e-008 3.399169557635675e-008 3.400890101380171e-008 3.400408053295965e-008 3.397757242516541e-008 3.39387767521426e-008 3.388095914996534e-008 3.381089819896973e-008 3.372659160593806e-008 3.363115116330815e-008 3.352108957943377e-008 3.339670728034081e-008 3.326327684821614e-008 3.311423042842236e-008 3.294289459650505e-008 3.275360855330766e-008 3.255167553913038e-008 3.233032280177772e-008 3.20980028237832e-008 3.185514941395431e-008 3.16005507396564e-008 3.133434650965456e-008
3.396824326849587e-008 3.401839063428066e-008 3.404876292468825e-008 3.405927035393781e-008 3.404992637572384e-008 3.402197784838655e-008 3.39692264896812e-008 3.389435032509472e-008 3.380550108886819e-008 3.369497899706269e-008 3.353022104499991e-008 3.336040395881706e-008 3.330131171832205e-008 3.335259209645066e-008 3.343163355748903e-008 3.354334716540953e-008 3.363241410168302e-008 3.368939282569736e-008 3.372480973382803e-008 3.374290327844519e-008 3.373943644518181e-008 3.371624697863339e-008 3.367283329921112e-008 3.361649837765711e-008 3.354175229110682e-008 3.345394583768568e-008 3.336184337139464e-008 3.325639790891164e-008 3.313420221376417e-008 3.299950859419058e-008 3.284819430228312e-008 3.267967239025765e-008 3.249490231657083e-008 3.22945001398819e-008 3.207910457912648e-008 3.184822514579134e-008 3.16019536002504e-008 3.134935095856962e-008 3.108785419603179e-008
3.368684175738452e-008 3.373874566988963e-008 3.377065777667018e-008 3.378145993241425e-008 3.377131568517941e-008 3.374301334667279e-008 3.368953647159004e-008 3.36168065266747e-008 3.353706269710222e-008 3.344296862881476e-008 3.326961913462439e-008 3.308813878873712e-008 3.305123922225073e-008 3.310535681633604e-008 3.316099710559267e-008 3.327387532873266e-008 3.336153092448641e-008 3.341177996434908e-008 3.344516699067482e-008 3.346117468669277e-008 3.345869669655527e-008 3.343555050595501e-008 3.339073948635947e-008 3.333535988084096e-008 3.325931047550469e-008 3.317156241408497e-008 3.30799587970198e-008 3.29760558979818e-008 3.285379381647069e-008 3.271967582299955e-008 3.25693982995481e-008 3.240248590389383e-008 3.22209536574955e-008 3.202341964016922e-008 3.181089456490747e-008 3.158313429009768e-008 3.133797164920054e-008 3.108762337000212e-008 3.082887619115397e-008
3.339487092097906e-008 3.344639530316802e-008 3.347986427596651e-008 3.348958086570592e-008 3.348144225118355e-008 3.345417214422073e-008 3.340503519516913e-008 3.333896615011271e-008 3.325482498822044e-008 3.315424423562674e-008 3.298590104011829e-008 3.283000211160565e-008 3.278776064865451e-008 3.282023122046678e-008 3.287316718979672e-008 3.298254080830935e-008 3.306589770265083e-008 3.311799720918647e-008 3.314767414460784e-008 3.316297311798774e-008 3.315646658542388e-008 3.313255856510169e-008 3.309000831569245e-008 3.303173707002091e-008 3.296341417594532e-008 3.288123163588316e-008 3.278548902561985e-008 3.267800536885567e-008 3.255607242271348e-008 3.242184033145172e-008 3.227317480194361e-008 3.210975272736184e-008 3.193206519930421e-008 3.173784034482997e-008 3.152857095358853e-008 3.130510562106297e-008 3.106378198200998e-008 3.081438111629105e-008 3.055745010153395e-008
3.308281522109652e-008 3.313596744028267e-008 3.317202708192513e-008 3.31795505901185e-008 3.317339178186049e-008 3.31476681478244e-008 3.310029884843026e-008 3.303719879595976e-008 3.295675146050911e-008 3.286955651554599e-008 3.269372637140625e-008 3.252866486256521e-008 3.249416193578545e-008 3.252981919701789e-008 3.257485005889546e-008 3.26856564191311e-008 3.276680073859632e-008 3.281282809401337e-008 3.283989002282292e-008 3.285388752529277e-008 3.284582537689388e-008 3.282153430696286e-008 3.277857921608025e-008 3.272090870674888e-008 3.265389983315875e-008 3.25731757850392e-008 3.247617554878374e-008 3.236743458361274e-008 3.224454895797175e-008 3.210966287267545e-008 3.19648152806371e-008 3.180142971636639e-008 3.162903066774597e-008 3.143692407351596e-008 3.123147248121005e-008 3.10114100730922e-008 3.077383362979578e-008 3.052709115574363e-008 3.02729259386952e-008
