data/gpsIIR_gridfiles/nap_antenna/gpsiirnapX-R100-Q37W13S0.grd
DSAA
361 181
-180 180
-90 90
-2.8229512605419E-008 2.8244338093893E-008
[rows 119 to 135 of 181, columns 312 to 350 of 361]
1.983962696668084e-008 2.008135027956056e-008 2.037975940715967e-008 2.069769276138312e-008 2.105358331923088e-008 2.147369771793137e-008 2.194185168962738e-008 2.233129074552081e-008 2.269045219722705e-008 2.302899070264147e-008 2.334357291216398e-008 2.364047681701513e-008 2.392152118049005e-008 2.418984733253976e-008 2.443856154544105e-008 2.466954908153378e-008 2.488759589688471e-008 2.509022139140403e-008 2.527948723003436e-008 2.545223679017493e-008 2.561024438115778e-008 2.575426482310404e-008 2.588420197234759e-008 2.599651121622178e-008 2.609691234725448e-008 2.617685912886653e-008 2.622064396043565e-008 2.622915788595668e-008 2.620272297258198e-008 2.612827744899326e-008 2.606869985746196e-008 2.601500998438557e-008 2.596056132929238e-008 2.59575535637168e-008 2.599428437153462e-008 2.599105291823126e-008 2.595836133071614e-008 2.592528409555353e-008 2.590984289677552e-008
1.967155516772824e-008 1.990058789157737e-008 2.019601369420213e-008 2.051676658758733e-008 2.086846429517482e-008 2.128187822409929e-008 2.176126555066182e-008 2.21512538097838e-008 2.25125183966074e-008 2.285121634174251e-008 2.316360216916376e-008 2.345400707563801e-008 2.373611604137398e-008 2.400531978399925e-008 2.425530547333455e-008 2.448846072592878e-008 2.470707962315696e-008 2.491180382069215e-008 2.510083313073695e-008 2.527686622354052e-008 2.543995136846428e-008 2.558700982957429e-008 2.571675059805466e-008 2.582895434133951e-008 2.593192525718353e-008 2.603304156329969e-008 2.608329188585743e-008 2.608205211969692e-008 2.606088679969583e-008 2.6029282427977e-008 2.59832664631938e-008 2.594934367204301e-008 2.589406962598025e-008 2.587701593812789e-008 2.590879697554403e-008 2.592956320049674e-008 2.59126751403668e-008 2.588505784103181e-008 2.585820404175642e-008
1.948911476861397e-008 1.971848625288016e-008 2.001158787250321e-008 2.033045517308783e-008 2.068245275277518e-008 2.109488090078056e-008 2.156730142982153e-008 2.195839538379354e-008 2.231839044485626e-008 2.265664678252383e-008 2.296687006109758e-008 2.325761724712495e-008 2.353743611806539e-008 2.380442092420215e-008 2.405519038243157e-008 2.428820878627502e-008 2.450995987010215e-008 2.471515055508661e-008 2.490757827440654e-008 2.508569041842026e-008 2.525081183879317e-008 2.540078235818363e-008 2.553427694756349e-008 2.565261090886568e-008 2.576029183112456e-008 2.586242949140544e-008 2.592053944330666e-008 2.593088052645972e-008 2.592067650762149e-008 2.590411387857373e-008 2.587098731628814e-008 2.584940503917454e-008 2.581808442866883e-008 2.580798131849076e-008 2.583502711954152e-008 2.58497763878086e-008 2.584054617543441e-008 2.582022198500504e-008 2.579839735925753e-008
1.929528622291933e-008 1.952470244705271e-008 1.982177930830979e-008 2.013717767361089e-008 2.048917806005736e-008 2.090173889101237e-008 2.136679364075824e-008 2.175140714763602e-008 2.210707805678389e-008 2.244041022301256e-008 2.27536501638324e-008 2.304269677953913e-008 2.332104733230701e-008 2.3582255531078e-008 2.382998185987534e-008 2.40682947022505e-008 2.428992220636896e-008 2.449913127722193e-008 2.469632178039923e-008 2.487630962380643e-008 2.504354933152379e-008 2.519571336525788e-008 2.533436723884623e-008 2.546416951579004e-008 2.557133112080015e-008 2.567249782433465e-008 2.574189077581543e-008 2.57679093118013e-008 2.576239333720923e-008 2.576303508773062e-008 2.574244685968512e-008 2.573459009928613e-008 2.573592762654281e-008 2.575242715198857e-008 2.57577930790152e-008 2.57589861046521e-008 2.574989614693146e-008 2.574341208199226e-008 2.572777336299082e-008
1.90952451648439e-008 1.933417419671818e-008 1.962484400908727e-008 1.99366037938914e-008 2.028777967407145e-008 2.070506851195131e-008 2.115231229856578e-008 2.15350569116076e-008 2.188918977699985e-008 2.222199016718478e-008 2.253240714242669e-008 2.282117275552496e-008 2.309582368495332e-008 2.335261198287503e-008 2.360191500734251e-008 2.383869550274056e-008 2.406303823616683e-008 2.427317159385438e-008 2.447151885302987e-008 2.465324339533151e-008 2.48203804929596e-008 2.497525529568889e-008 2.511592391016839e-008 2.524671838658248e-008 2.53592525258214e-008 2.546017503847598e-008 2.553802864558588e-008 2.557550122965598e-008 2.558765613152479e-008 2.559805889327158e-008 2.559053734477797e-008 2.559300168689382e-008 2.561453249211475e-008 2.56383312632901e-008 2.565346713932231e-008 2.566281542156225e-008 2.56539443266419e-008 2.564118026991881e-008 2.561249070424931e-008
1.887663748492479e-008 1.915904638100691e-008 1.942667852360386e-008 1.972120109279309e-008 2.007882489956777e-008 2.052117446292445e-008 2.09226613775035e-008 2.130387079885175e-008 2.166171490158437e-008 2.199452492863577e-008 2.230141122756067e-008 2.259189031751356e-008 2.285809395041711e-008 2.310727906223007e-008 2.335642062140529e-008 2.359843527762534e-008 2.382140563893028e-008 2.403377837963022e-008 2.423301094978188e-008 2.441414314181231e-008 2.458019518399733e-008 2.473475361029506e-008 2.487805722173189e-008 2.500437241863447e-008 2.512024127182134e-008 2.522677841053878e-008 2.530205994679319e-008 2.536085894463615e-008 2.539703961221558e-008 2.541578851249798e-008 2.541317504655651e-008 2.542781765056012e-008 2.546254051104108e-008 2.551250791581397e-008 2.553195431884302e-008 2.555761928289724e-008 2.556145628043874e-008 2.551760544549761e-008 2.54657470872427e-008
1.86645407235361e-008 1.89423556238481e-008 1.921002432318495e-008 1.949999603148914e-008 1.98527101820316e-008 2.028742287620017e-008 2.068983846403542e-008 2.106845808527972e-008 2.142475742248949e-008 2.175663157041408e-008 2.206085816619446e-008 2.23472365430767e-008 2.261265834140557e-008 2.286095070133929e-008 2.310922875612779e-008 2.334794316699185e-008 2.356995282290776e-008 2.378049918211045e-008 2.397874589640584e-008 2.415821571016849e-008 2.432613140344951e-008 2.448387652981434e-008 2.462842000779371e-008 2.475908065614245e-008 2.487915302826275e-008 2.498575440148459e-008 2.506798295054465e-008 2.513268875760697e-008 2.517338947703425e-008 2.519413072988327e-008 2.520300419189958e-008 2.522329694000337e-008 2.525245671159319e-008 2.531541773941592e-008 2.535396052442969e-008 2.538435999857066e-008 2.539024679128319e-008 2.53587279221123e-008 2.531021695066357e-008
1.84501580275169e-008 1.86921979090692e-008 1.898073662974828e-008 1.926656064443101e-008 1.960217602674322e-008 2.001507301432172e-008 2.045507764722825e-008 2.082587694930261e-008 2.118031335452451e-008 2.151169794790918e-008 2.181270849278276e-008 2.208820881183038e-008 2.235762859599562e-008 2.261074231629427e-008 2.285706185397608e-008 2.30876854811005e-008 2.3307039367426e-008 2.351430042615875e-008 2.370644242953322e-008 2.388349366829823e-008 2.40543489880613e-008 2.421846840006543e-008 2.436524339301087e-008 2.45013106634639e-008 2.462907497455631e-008 2.473076906556156e-008 2.482024315068673e-008 2.488949424534497e-008 2.492626874622958e-008 2.493868294865006e-008 2.496414383475787e-008 2.497703636081321e-008 2.499791277534506e-008 2.505583488746198e-008 2.514249475115014e-008 2.517131566934897e-008 2.517795983357474e-008 2.516617667798951e-008 2.513877094923618e-008
1.822159191161968e-008 1.846114178409456e-008 1.87410358348847e-008 1.90257706335916e-008 1.935935829022071e-008 1.976850913493855e-008 2.019521890374302e-008 2.056587955809693e-008 2.091817507299759e-008 2.124691024854446e-008 2.154428241301285e-008 2.181950718525293e-008 2.208734101739113e-008 2.233941789043969e-008 2.258286318304972e-008 2.281106645336097e-008 2.302752086090104e-008 2.323451466634743e-008 2.342503896062863e-008 2.360429723851439e-008 2.377473329910429e-008 2.393707304076571e-008 2.408613836366258e-008 2.422297110254435e-008 2.435001788559264e-008 2.445462985626457e-008 2.454289182930326e-008 2.461606739860336e-008 2.465458685287374e-008 2.467554566340524e-008 2.470372859722397e-008 2.471729824163197e-008 2.474691045659236e-008 2.480477616062988e-008 2.488893063199894e-008 2.492663444175219e-008 2.493910423663896e-008 2.493733134771585e-008 2.491760816667806e-008
1.79830829647771e-008 1.825058911021589e-008 1.848271745642805e-008 1.877265474756804e-008 1.91234016417399e-008 1.95374422187486e-008 1.99097687398211e-008 2.02883957732418e-008 2.064255039086724e-008 2.096495499092352e-008 2.125651981989604e-008 2.153674012817478e-008 2.180277416710233e-008 2.205179257689515e-008 2.229175709216396e-008 2.251793050554443e-008 2.27315817933568e-008 2.293749903945105e-008 2.313252598203866e-008 2.331396017498647e-008 2.34829532756094e-008 2.364051660511229e-008 2.378748582091474e-008 2.392719870528522e-008 2.404796364577979e-008 2.415511082680136e-008 2.424346970015591e-008 2.43130492944329e-008 2.436122550567204e-008 2.439088671185016e-008 2.442283923566167e-008 2.443599054961365e-008 2.446727972467441e-008 2.452847387422602e-008 2.460981078534982e-008 2.464497278852476e-008 2.466891654245234e-008 2.467394134544674e-008 2.466274391805408e-008
1.773558199352075e-008 1.799864098835703e-008 1.822333894849889e-008 1.851263922739168e-008 1.886563452115801e-008 1.926431239722126e-008 1.962999980719724e-008 2.000253601818684e-008 2.035572816044299e-008 2.067410729932618e-008 2.096456580955963e-008 2.12449145998234e-008 2.150794091269428e-008 2.175593247398168e-008 2.199367767904928e-008 2.221677022329966e-008 2.243030177749833e-008 2.263373731240382e-008 2.282851487017219e-008 2.300999653957559e-008 2.31785946000683e-008 2.333642411011163e-008 2.348268687137202e-008 2.361955603138334e-008 2.374192182573933e-008 2.384873637565291e-008 2.394406831650951e-008 2.401748228662133e-008 2.406576174062604e-008 2.409561359378016e-008 2.412717566982148e-008 2.414462319482505e-008 2.417670327153224e-008 2.423192046679366e-008 2.431019784703785e-008 2.434924271464481e-008 2.43744767633246e-008 2.438804576503563e-008 2.437808198891881e-008
1.74848471007222e-008 1.772514075359399e-008 1.794508828839396e-008 1.824184421579593e-008 1.860037329077982e-008 1.897322863440717e-008 1.933026626121701e-008 1.970910831612634e-008 2.005269398133537e-008 2.037032378416374e-008 2.066114193835605e-008 2.094025436037832e-008 2.120260749961681e-008 2.144814307815244e-008 2.16842196343767e-008 2.190540369305205e-008 2.211562318192244e-008 2.231889770961204e-008 2.251241411490486e-008 2.269191797187222e-008 2.286233578017071e-008 2.30215663049857e-008 2.31667762904828e-008 2.329946179979408e-008 2.341769755625643e-008 2.352836195456245e-008 2.363958538345841e-008 2.372023975099637e-008 2.376368521606901e-008 2.37829104890349e-008 2.381720616801156e-008 2.383810438390103e-008 2.386497345442359e-008 2.39112566286603e-008 2.398626905336511e-008 2.402844877503655e-008 2.405599728727811e-008 2.406951868196815e-008 2.406491953126374e-008
1.721674398449805e-008 1.744627682644167e-008 1.766883022541923e-008 1.796211578896461e-008 1.831392376013001e-008 1.867711562821735e-008 1.902985412421431e-008 1.940727330329573e-008 1.974919603225525e-008 2.006353354566494e-008 2.035458815552171e-008 2.063160490924329e-008 2.08911604836209e-008 2.113439947137241e-008 2.136831080202455e-008 2.158819432757218e-008 2.179706162985478e-008 2.19984868639192e-008 2.218927570540384e-008 2.236775975589843e-008 2.253649561876266e-008 2.269467402424017e-008 2.28392370080923e-008 2.29719950941194e-008 2.309226052491785e-008 2.320376185276915e-008 2.331227003036104e-008 2.339312724727968e-008 2.344054180423735e-008 2.345982546638935e-008 2.349079358981812e-008 2.351669342569699e-008 2.354581521943034e-008 2.359210138032797e-008 2.365488674562258e-008 2.37030804847691e-008 2.37294169474002e-008 2.374392444326263e-008 2.374212541438821e-008
1.694178823837667e-008 1.714924427268293e-008 1.738342344752238e-008 1.767693324591074e-008 1.801743785977546e-008 1.835966987439361e-008 1.871628522764925e-008 1.910232294844201e-008 1.943901682454728e-008 1.975063436465159e-008 2.004324344688613e-008 2.031921900302874e-008 2.057218627437054e-008 2.081279315856283e-008 2.104465563443567e-008 2.126365985346927e-008 2.147379282937469e-008 2.167103187883421e-008 2.185749311503226e-008 2.203434015216505e-008 2.220036859039151e-008 2.235594900404625e-008 2.249948981805009e-008 2.26346693707594e-008 2.275995317405676e-008 2.286767223048011e-008 2.296901165284834e-008 2.304975406777416e-008 2.310515423190965e-008 2.312049518355326e-008 2.314517057192553e-008 2.318019086503069e-008 2.321784701713844e-008 2.326108608404112e-008 2.330911570875126e-008 2.336383345128369e-008 2.339140016788145e-008 2.340221640768074e-008 2.339610836896868e-008
1.665344116518857e-008 1.685197469483393e-008 1.709072395275601e-008 1.737989517013743e-008 1.770860070961588e-008 1.804832037087503e-008 1.840485843544085e-008 1.878766088505979e-008 1.9120481472261e-008 1.942911998406001e-008 1.971867504833702e-008 1.999151788419377e-008 2.024082717043129e-008 2.047890303770049e-008 2.070862407180576e-008 2.092626053488022e-008 2.113412571824876e-008 2.132959957648824e-008 2.151391788958878e-008 2.168887827329892e-008 2.185344791335524e-008 2.200827175002708e-008 2.215122561742373e-008 2.228611017194013e-008 2.241052128287126e-008 2.251795418344595e-008 2.261617299601964e-008 2.269670318158259e-008 2.275177098826751e-008 2.276875221804084e-008 2.279107217071773e-008 2.28246386355665e-008 2.286700774523814e-008 2.291088220303684e-008 2.295640250143267e-008 2.301058418401922e-008 2.304068199236536e-008 2.305260118954039e-008 2.305014220680487e-008
1.634457681755712e-008 1.653893043225486e-008 1.67950185731988e-008 1.707646995723152e-008 1.738715158682504e-008 1.771558535412066e-008 1.809690262357977e-008 1.84721015428085e-008 1.879556613073301e-008 1.909822520525293e-008 1.938331222053649e-008 1.965262046923719e-008 1.98969438617333e-008 2.013073866811999e-008 2.035967776175614e-008 2.057763168238136e-008 2.078195553309227e-008 2.09758542573824e-008 2.115878313122761e-008 2.133152827256412e-008 2.149493712729325e-008 2.165080102863308e-008 2.179347191368387e-008 2.192515515327753e-008 2.204951519128291e-008 2.215578408338829e-008 2.225022768598947e-008 2.233101192427239e-008 2.238914289161495e-008 2.240392116012922e-008 2.24137885041464e-008 2.245130354064576e-008 2.250005231612479e-008 2.254656146386904e-008 2.258910036930264e-008 2.264438559596139e-008 2.267813320816569e-008 2.269297501991494e-008 2.269366062215575e-008
1.603995937514583e-008 1.624010509926593e-008 1.648829367550387e-008 1.676046741212483e-008 1.706825042101193e-008 1.739729661019373e-008 1.777600750005477e-008 1.813795753383292e-008 1.845857064556449e-008 1.875781084671332e-008 1.90403459590434e-008 1.930549895155619e-008 1.954916731975036e-008 1.978049174262052e-008 2.000644190861067e-008 2.022166542417865e-008 2.042284057931494e-008 2.061293142527447e-008 2.079267460427214e-008 2.09643035221017e-008 2.112468674604817e-008 2.127735938978381e-008 2.141994690682156e-008 2.154887232969336e-008 2.167025578846341e-008 2.177796931228932e-008 2.186991160692485e-008 2.194960281757847e-008 2.200834867490005e-008 2.20257363939699e-008 2.20436177965345e-008 2.207964354090836e-008 2.212371972409859e-008 2.21702173784297e-008 2.221542317333994e-008 2.227127610248961e-008 2.230641152634591e-008 2.232223291295237e-008 2.232329594366811e-008
