data/gpsIIR_gridfiles/nap_antenna/gpsiirnapY-R100-Q50W50S0.grd
DSAA
361 181
-180 180
-90 90
-3.6151337557612E-008 3.634507871166E-008
[rows 34 to 50 of 181, columns 195 to 233 of 361]
-4.773032162051929e-009 -5.103889025804483e-009 -5.43909219356754e-009 -5.775397019631495e-009 -6.110189153247849e-009 -6.444980978347403e-009 -6.780838252033228e-009 -7.114919055475144e-009 -7.447271197225221e-009 -7.778320968289037e-009 -8.108479802627959e-009 -8.436221981117303e-009 -8.761930086494773e-009 -9.087854709235311e-009 -9.411442976287393e-009 -9.728110634121521e-009 -1.00409575623767e-008 -1.035335381392506e-008 -1.065889001698661e-008 -1.095782218726883e-008 -1.125063265105573e-008 -1.153919726469938e-008 -1.181418987547656e-008 -1.207768000578081e-008 -1.232935958791513e-008 -1.256944265447153e-008 -1.278603709229239e-008 -1.299708868012825e-008 -1.321634606426004e-008 -1.344968081139582e-008 -1.370038054687708e-008 -1.396985199617808e-008 -1.425657663438023e-008 -1.455691976070342e-008 -1.487406614255594e-008 -1.517421444848825e-008 -1.545905302280715e-008 -1.572752119042472e-008 -1.598309750887224e-008
-4.915315471881049e-009 -5.257279788211815e-009 -5.602673416421787e-009 -5.948443321408674e-009 -6.292849306400973e-009 -6.6392792532987e-009 -6.985240637617505e-009 -7.328491914310589e-009 -7.671667678629958e-009 -8.014173399222309e-009 -8.354243416407068e-009 -8.692015230928982e-009 -9.030656151091962e-009 -9.368019051656138e-009 -9.700716011126899e-009 -1.002809750674005e-008 -1.035394936895384e-008 -1.067425939342226e-008 -1.098664043938994e-008 -1.129855424748064e-008 -1.160405080282938e-008 -1.189778938890811e-008 -1.218061164996613e-008 -1.245527551072856e-008 -1.271486256347037e-008 -1.296786879707516e-008 -1.31953271243942e-008 -1.340391470749799e-008 -1.361773422378607e-008 -1.38645584999067e-008 -1.412442057687897e-008 -1.440879974487313e-008 -1.470256525123373e-008 -1.500577438793472e-008 -1.533219278281677e-008 -1.565212790852126e-008 -1.594273455450782e-008 -1.621669396234146e-008 -1.647798921338192e-008
-5.055242451123236e-009 -5.408514114359966e-009 -5.763553921863534e-009 -6.118601628942055e-009 -6.474502271530635e-009 -6.832145478713818e-009 -7.187615361370418e-009 -7.541110297425332e-009 -7.895064264381328e-009 -8.24750390286751e-009 -8.597751041480441e-009 -8.947036732707956e-009 -9.296941503287165e-009 -9.642644974666874e-009 -9.985075040927549e-009 -1.032607895514995e-008 -1.066381530634572e-008 -1.099131350874441e-008 -1.131493176454181e-008 -1.163814628099162e-008 -1.195002524313421e-008 -1.225225867410128e-008 -1.254690316253799e-008 -1.283054213262938e-008 -1.30951900422735e-008 -1.334750024285332e-008 -1.35877802019684e-008 -1.381777597484552e-008 -1.403383125787787e-008 -1.427351235557189e-008 -1.453567208537885e-008 -1.483357672918924e-008 -1.514855643329094e-008 -1.546961169304622e-008 -1.578811883897919e-008 -1.611244524874307e-008 -1.641661831837681e-008 -1.670155443345091e-008 -1.6969164462022e-008
-5.193695630610067e-009 -5.55796275373046e-009 -5.92188420920247e-009 -6.286662864767744e-009 -6.654731566022744e-009 -7.022268426600068e-009 -7.387115201158296e-009 -7.752316421690969e-009 -8.116116148762797e-009 -8.476829016906626e-009 -8.838211640421113e-009 -9.199730182456391e-009 -9.558742248840125e-009 -9.912750128994177e-009 -1.026607788688687e-008 -1.061982498582575e-008 -1.096777836746349e-008 -1.130325643220664e-008 -1.163811634222678e-008 -1.197090779109863e-008 -1.228922332716315e-008 -1.260111752209991e-008 -1.29072850738506e-008 -1.319914088560013e-008 -1.347133421372545e-008 -1.372594083515927e-008 -1.397891748475469e-008 -1.422536055567475e-008 -1.444413314827275e-008 -1.467466771003809e-008 -1.494388295230723e-008 -1.525177489202276e-008 -1.55904159028657e-008 -1.592491435077886e-008 -1.62413382464147e-008 -1.65715718463062e-008 -1.688903701065319e-008 -1.718017068845944e-008 -1.745452364557282e-008
-5.331739690878523e-009 -5.705150662881196e-009 -6.078367195655212e-009 -6.454204314699372e-009 -6.832578700984002e-009 -7.208551782654181e-009 -7.584170318132711e-009 -7.961561509726709e-009 -8.334961231655933e-009 -8.705033581575925e-009 -9.077315914721274e-009 -9.448014739789279e-009 -9.814827404044662e-009 -1.017922472911055e-008 -1.054124507006986e-008 -1.090199449429265e-008 -1.125863960964191e-008 -1.160539343592283e-008 -1.194928189854665e-008 -1.229083489405032e-008 -1.261947161946776e-008 -1.293942173118562e-008 -1.325573271421058e-008 -1.355614742777905e-008 -1.383922050633565e-008 -1.410400751900635e-008 -1.435583124430087e-008 -1.460494662768105e-008 -1.484892793304757e-008 -1.50879772012767e-008 -1.53598683470126e-008 -1.566598252330824e-008 -1.601450003098929e-008 -1.636423575066425e-008 -1.669612708583682e-008 -1.702749793770473e-008 -1.735156624282556e-008 -1.765161684035492e-008 -1.793360082419543e-008
-5.467418984476602e-009 -5.849301767277255e-009 -6.231853228305993e-009 -6.618709553884911e-009 -7.006866750028157e-009 -7.391254528758739e-009 -7.777807095652276e-009 -8.16708264178523e-009 -8.549811766668038e-009 -8.92915157110452e-009 -9.31211766498814e-009 -9.691822264432603e-009 -1.006695154742762e-008 -1.044115908451072e-008 -1.08114909195137e-008 -1.11796937451366e-008 -1.154527621660999e-008 -1.190285820600016e-008 -1.225506384315699e-008 -1.260578252007533e-008 -1.294444477029841e-008 -1.327241017049382e-008 -1.359952954622484e-008 -1.391041714091343e-008 -1.420454692891118e-008 -1.447945827440527e-008 -1.473061535890614e-008 -1.498966047179919e-008 -1.525049636650949e-008 -1.54928517744849e-008 -1.576302818053126e-008 -1.60748707101948e-008 -1.643709227457573e-008 -1.680739770007203e-008 -1.714531378818181e-008 -1.748049203086521e-008 -1.7812712481898e-008 -1.811970751595758e-008 -1.840774198095808e-008
-5.598057291909214e-009 -5.988543224190293e-009 -6.380230286685159e-009 -6.775876630473569e-009 -7.173375581851095e-009 -7.568448456256502e-009 -7.964007893292204e-009 -8.360906359069371e-009 -8.753253949888969e-009 -9.144938494060973e-009 -9.538339452640307e-009 -9.928086843051651e-009 -1.031402379328553e-008 -1.069825221303535e-008 -1.107912736244135e-008 -1.145599658861413e-008 -1.182961474100966e-008 -1.219727013574342e-008 -1.255889446670029e-008 -1.291899053207276e-008 -1.327017216664206e-008 -1.360940822605946e-008 -1.394296568908162e-008 -1.426387534161134e-008 -1.456703240139061e-008 -1.485038781472703e-008 -1.511029752508536e-008 -1.537576489789705e-008 -1.563992063088894e-008 -1.589202124759302e-008 -1.617491292873114e-008 -1.649754716906106e-008 -1.686396366706942e-008 -1.723739566202579e-008 -1.758568438949184e-008 -1.793319380255284e-008 -1.826976497223756e-008 -1.858211901192323e-008 -1.887657087418828e-008
-5.725207093915175e-009 -6.123930442314408e-009 -6.524697924960607e-009 -6.928757935576247e-009 -7.3359537849098e-009 -7.742913933917369e-009 -8.146124723153072e-009 -8.550276640755486e-009 -8.953399112134189e-009 -9.356167209915566e-009 -9.760329984375836e-009 -1.016164809977779e-008 -1.055732540948725e-008 -1.095117405559831e-008 -1.134294964508467e-008 -1.172879715294994e-008 -1.211114289006882e-008 -1.248732378964436e-008 -1.285743340132178e-008 -1.322997301483429e-008 -1.359208714122138e-008 -1.393878547395932e-008 -1.428356164586483e-008 -1.461487470480272e-008 -1.492795493358648e-008 -1.522105622289648e-008 -1.548814134732868e-008 -1.576196698259934e-008 -1.603136164075552e-008 -1.628507686415435e-008 -1.657327931161321e-008 -1.690781493897564e-008 -1.728788223009394e-008 -1.767322809535105e-008 -1.802453032532277e-008 -1.838378960237338e-008 -1.872444677107272e-008 -1.904151284643344e-008 -1.934262668652251e-008
-5.847604690007479e-009 -6.256308476191163e-009 -6.667184062780772e-009 -7.079487583295289e-009 -7.49352479804967e-009 -7.90922257697933e-009 -8.324096940934006e-009 -8.737271439090537e-009 -9.151250014059866e-009 -9.565993817402384e-009 -9.979331897491799e-009 -1.038941936209882e-008 -1.079669113216261e-008 -1.119992776784121e-008 -1.160001906963221e-008 -1.199752975794228e-008 -1.239084340440242e-008 -1.277778254421902e-008 -1.315997809199294e-008 -1.354207385050122e-008 -1.391258600806697e-008 -1.427103787387927e-008 -1.46246478515776e-008 -1.496261973391672e-008 -1.52832476142833e-008 -1.558792851505853e-008 -1.58772885635538e-008 -1.614193401360251e-008 -1.63989458661946e-008 -1.667322197988803e-008 -1.698549669119084e-008 -1.733241602272932e-008 -1.770130503987279e-008 -1.808501222435505e-008 -1.846830284018386e-008 -1.883831220466633e-008 -1.91768504808237e-008 -1.94995497816333e-008 -1.980670572307942e-008
-5.9658320915254e-009 -6.3863454474884e-009 -6.807198819102884e-009 -7.227541994816176e-009 -7.649122384192874e-009 -8.0720091975289e-009 -8.500724948956302e-009 -8.922900861774338e-009 -9.344161931162476e-009 -9.774144272588143e-009 -1.019699823304329e-008 -1.061409287566927e-008 -1.10340311610848e-008 -1.144607831086447e-008 -1.185305252014398e-008 -1.226353357079788e-008 -1.266773156841703e-008 -1.306329963005419e-008 -1.345764773351439e-008 -1.385011258332737e-008 -1.422826266409062e-008 -1.459748982382867e-008 -1.496015719773791e-008 -1.530471637686343e-008 -1.563651301312236e-008 -1.595263768787259e-008 -1.626207753184411e-008 -1.652566104305408e-008 -1.676490780037119e-008 -1.70527245196678e-008 -1.738567705670504e-008 -1.774746988292331e-008 -1.81121788076309e-008 -1.849840530823556e-008 -1.891042551064719e-008 -1.928619550416758e-008 -1.96263703035202e-008 -1.995258506215306e-008 -2.026392181823338e-008
-6.077901532226321e-009 -6.510530404371294e-009 -6.942311927296178e-009 -7.373537219642144e-009 -7.808286046124653e-009 -8.244169050683199e-009 -8.68136787194409e-009 -9.114926792534003e-009 -9.549936323076024e-009 -9.986173689638215e-009 -1.041684572371123e-008 -1.084649050435941e-008 -1.127365075677004e-008 -1.169421806106269e-008 -1.211375924481479e-008 -1.25301789611575e-008 -1.294123107209566e-008 -1.334840763110468e-008 -1.375026686726156e-008 -1.414846368873823e-008 -1.453674469327654e-008 -1.491624194744637e-008 -1.5288457210098e-008 -1.564372036518983e-008 -1.598458042682236e-008 -1.630830445720706e-008 -1.661847632807744e-008 -1.689776286775875e-008 -1.714923749411855e-008 -1.74439830867124e-008 -1.777984785675689e-008 -1.814838877330319e-008 -1.852475640930181e-008 -1.89200763774855e-008 -1.933493837701344e-008 -1.971426653929293e-008 -2.006755633007261e-008 -2.04003923270654e-008 -2.071779146555803e-008
-6.186886587154912e-009 -6.632894527488126e-009 -7.076614289595862e-009 -7.517380189121993e-009 -7.966419518030888e-009 -8.41561049956808e-009 -8.859927013316282e-009 -9.305515737448723e-009 -9.753399266800611e-009 -1.019487387553498e-008 -1.063434685759597e-008 -1.107617708484171e-008 -1.150931111968824e-008 -1.193824938010045e-008 -1.237022032105258e-008 -1.279187198635034e-008 -1.32098127908591e-008 -1.362883490704234e-008 -1.403639703959042e-008 -1.444175455965373e-008 -1.483964910400853e-008 -1.522782779701252e-008 -1.561131080030753e-008 -1.597476612033264e-008 -1.632649455202819e-008 -1.666042995643239e-008 -1.698481563652657e-008 -1.727125092817587e-008 -1.752115853257927e-008 -1.781634505116996e-008 -1.8164824648774e-008 -1.854632376506727e-008 -1.892866782960222e-008 -1.933452673944814e-008 -1.976086206541921e-008 -2.014449628723779e-008 -2.050476154445578e-008 -2.084027576004828e-008 -2.116209151918289e-008
-6.309763965232392e-009 -6.762609934229724e-009 -7.214774274766305e-009 -7.666271253392144e-009 -8.125282421677236e-009 -8.580742028061063e-009 -9.03451728511484e-009 -9.491007833131844e-009 -9.944087569299662e-009 -1.039482633987114e-008 -1.08441335894492e-008 -1.12909897911805e-008 -1.173345652201943e-008 -1.217196741000285e-008 -1.260988613396222e-008 -1.304108993051084e-008 -1.346763305063687e-008 -1.38946244049158e-008 -1.431295893033119e-008 -1.472621643630814e-008 -1.513690419949752e-008 -1.553706884928796e-008 -1.592692216435544e-008 -1.630499601061304e-008 -1.666722842753522e-008 -1.700697479582511e-008 -1.732463717725498e-008 -1.762615195131098e-008 -1.790895464349622e-008 -1.820140813392576e-008 -1.854022069803781e-008 -1.892759559481364e-008 -1.934000685919383e-008 -1.975462691403846e-008 -2.016987931912659e-008 -2.057046131984677e-008 -2.094149326773731e-008 -2.128275300498842e-008 -2.161060174065888e-008
-6.431092785387454e-009 -6.892250447799917e-009 -7.351713600014704e-009 -7.813443368263979e-009 -8.281195901435189e-009 -8.743087378257916e-009 -9.205465937645504e-009 -9.670836806726861e-009 -1.013077003725627e-008 -1.059020085662256e-008 -1.104772132143553e-008 -1.150155801957436e-008 -1.195236092239974e-008 -1.23995030133917e-008 -1.2845377883221e-008 -1.328534979560243e-008 -1.371955501084794e-008 -1.415588067391425e-008 -1.458410578542196e-008 -1.500437635292387e-008 -1.542860198107979e-008 -1.583872617626234e-008 -1.623455281421051e-008 -1.662874606231092e-008 -1.699997155355653e-008 -1.7349134222871e-008 -1.766753154787313e-008 -1.79839310654235e-008 -1.828435751620798e-008 -1.856728636451897e-008 -1.89018286715297e-008 -1.930100286121017e-008 -1.974486448342579e-008 -2.016166554590048e-008 -2.057699809642628e-008 -2.09927081167787e-008 -2.136748637326558e-008 -2.171383295310884e-008 -2.204410865174039e-008
-6.54776460239327e-009 -7.012358784861973e-009 -7.480631472070999e-009 -7.954294905247233e-009 -8.427883849214127e-009 -8.897506470209796e-009 -9.367544341040831e-009 -9.838999116602548e-009 -1.030990723308282e-008 -1.077951167102786e-008 -1.124534404541384e-008 -1.170746349161144e-008 -1.216622322808444e-008 -1.262400627916409e-008 -1.30798005962784e-008 -1.353041822623956e-008 -1.397413225029617e-008 -1.441712499259989e-008 -1.485420343279396e-008 -1.528710294273346e-008 -1.571898164438212e-008 -1.613694623619356e-008 -1.654633274414334e-008 -1.694526605956985e-008 -1.732338400429557e-008 -1.768319100721921e-008 -1.802081193579313e-008 -1.832500343524995e-008 -1.861811575012998e-008 -1.893477977028962e-008 -1.92831858955104e-008 -1.967338068195546e-008 -2.010169349935052e-008 -2.055050312012411e-008 -2.09849498603291e-008 -2.139022614059152e-008 -2.177209576960867e-008 -2.212987634346008e-008 -2.24686274475199e-008
-6.660169977413942e-009 -7.126960788617709e-009 -7.604220069734825e-009 -8.090574108038024e-009 -8.573025950648319e-009 -9.046462170849004e-009 -9.522459656488442e-009 -1.000098924296342e-008 -1.048298106785392e-008 -1.096417528707686e-008 -1.143842370926119e-008 -1.190832679442432e-008 -1.23739925214577e-008 -1.284245906486082e-008 -1.331028595866819e-008 -1.37710037016473e-008 -1.42230131489609e-008 -1.467319928923454e-008 -1.511744342798505e-008 -1.556193369661446e-008 -1.600303210891387e-008 -1.642652975539601e-008 -1.68480357164279e-008 -1.725232677761825e-008 -1.763935399310766e-008 -1.801256654499995e-008 -1.837027297592547e-008 -1.866716212422213e-008 -1.894725421366666e-008 -1.92866910450403e-008 -1.964515210577574e-008 -2.003223626147167e-008 -2.045651961026208e-008 -2.093771536189257e-008 -2.138471843724744e-008 -2.178346185295822e-008 -2.216937148721527e-008 -2.253357757159478e-008 -2.288045479234006e-008
-6.767663404048962e-009 -7.244003785169192e-009 -7.727600060607275e-009 -8.217800327777516e-009 -8.704392808488829e-009 -9.185461756973988e-009 -9.668526552957698e-009 -1.015922871936321e-008 -1.065078604861919e-008 -1.113982600641377e-008 -1.162505945746491e-008 -1.210633765548647e-008 -1.258311073871988e-008 -1.305922323685988e-008 -1.353260520107356e-008 -1.400094218141627e-008 -1.44643555529323e-008 -1.492250682224208e-008 -1.537557084919505e-008 -1.582521381110536e-008 -1.627094013366494e-008 -1.670819107408217e-008 -1.713388858008323e-008 -1.754978249458057e-008 -1.794781078501888e-008 -1.832430527030785e-008 -1.867563311320551e-008 -1.89979836086564e-008 -1.930935452675028e-008 -1.962943020604772e-008 -1.998576495325822e-008 -2.039741241898138e-008 -2.084750966791635e-008 -2.130131310572769e-008 -2.174912340605052e-008 -2.21678578759949e-008 -2.256054250460397e-008 -2.292991050067433e-008 -2.327965756170763e-008
