data/gpsIIR_gridfiles/nap_antenna/gpsiirnapZ-R100-Q32W11S0.grd
DSAA
361 181
-180 180
-90 90
-2.8840280299904E-008 2.9294401627855E-008
[rows 119 to 135 of 181, columns 304 to 341 of 361]
-1.60192693799065e-008 -1.600944123875741e-008 -1.599465351906701e-008 -1.597754757782822e-008 -1.596377982368121e-008 -1.593742349679146e-008 -1.589742737496314e-008 -1.584532297076275e-008 -1.577166451597341e-008 -1.56564873648594e-008 -1.559127180224868e-008 -1.55470873520644e-008 -1.553698749590309e-008 -1.557633902530382e-008 -1.56544286555956e-008 -1.568157462049362e-008 -1.568733905791338e-008 -1.568586570731217e-008 -1.567452251311279e-008 -1.565491569517205e-008 -1.562938571389752e-008 -1.559914680293627e-008 -1.556398695120284e-008 -1.552253438172218e-008 -1.547959528902883e-008 -1.543366886217641e-008 -1.538490464638706e-008 -1.533268091128294e-008 -1.527683519536482e-008 -1.522150280909508e-008 -1.516702549505912e-008 -1.510823678899439e-008 -1.504789562912849e-008 -1.498156266708157e-008 -1.489875805450955e-008 -1.479919811964178e-008 -1.469313348196627e-008 -1.457122485230978e-008
-1.653813250367008e-008 -1.65284317615642e-008 -1.651457938274311e-008 -1.649736404954293e-008 -1.648284834677133e-008 -1.645425738293267e-008 -1.641448552855855e-008 -1.636342771353309e-008 -1.628768703551784e-008 -1.616051333167169e-008 -1.609280258140104e-008 -1.605321869513285e-008 -1.604250063639477e-008 -1.608196043420012e-008 -1.617563912609913e-008 -1.62067167443439e-008 -1.621615421770436e-008 -1.621713099792495e-008 -1.620219521928279e-008 -1.61768408199314e-008 -1.615230019074538e-008 -1.612228879802872e-008 -1.608752907445876e-008 -1.604761592966994e-008 -1.60046620007413e-008 -1.595845479018012e-008 -1.590797915997897e-008 -1.585625017559757e-008 -1.579962352438626e-008 -1.57430338324768e-008 -1.568690814398719e-008 -1.562716784834045e-008 -1.556551152150792e-008 -1.550790981174396e-008 -1.542725193982083e-008 -1.532223511684745e-008 -1.521485016042832e-008 -1.510758189534035e-008
-1.705267014719059e-008 -1.704259152701418e-008 -1.702914737672836e-008 -1.701202068408953e-008 -1.699675020116091e-008 -1.696710570562835e-008 -1.692614853340251e-008 -1.687278663649268e-008 -1.679329427387707e-008 -1.666595411013036e-008 -1.659750720622372e-008 -1.655757656588772e-008 -1.655013725815386e-008 -1.659274080748887e-008 -1.668607068303818e-008 -1.672122681855336e-008 -1.673375331123802e-008 -1.673497994411058e-008 -1.672083813337179e-008 -1.669538765319695e-008 -1.666998299398985e-008 -1.663901749039286e-008 -1.660425094184941e-008 -1.656443862233698e-008 -1.652202450397402e-008 -1.647581501478083e-008 -1.642592883712784e-008 -1.637401615264617e-008 -1.631751125057878e-008 -1.626034398930314e-008 -1.620392617537281e-008 -1.614504218492659e-008 -1.608403677923782e-008 -1.602473460005061e-008 -1.594562027239621e-008 -1.584417612814751e-008 -1.573746349405254e-008 -1.563356992939984e-008
-1.75590747679191e-008 -1.755082310719915e-008 -1.753754156049557e-008 -1.752128529058509e-008 -1.750632000405349e-008 -1.747361467743363e-008 -1.743335832330685e-008 -1.73763607338799e-008 -1.729127474189075e-008 -1.7162950107696e-008 -1.709771362267875e-008 -1.705807418913298e-008 -1.705312766980693e-008 -1.710024507647048e-008 -1.719540976035984e-008 -1.722941577195697e-008 -1.724199955852618e-008 -1.724352321167616e-008 -1.723199073309167e-008 -1.720734101814033e-008 -1.718151011786784e-008 -1.714727800493181e-008 -1.711162547117517e-008 -1.707348904148812e-008 -1.703099358624504e-008 -1.698598162688101e-008 -1.693831019639724e-008 -1.688688683653216e-008 -1.683024105250275e-008 -1.677289873445908e-008 -1.67160101315082e-008 -1.666107741073974e-008 -1.659777813546813e-008 -1.653564717296311e-008 -1.645979768953669e-008 -1.636402067922053e-008 -1.625401731044879e-008 -1.615511858008807e-008
-1.806528190421151e-008 -1.805804380993378e-008 -1.804416130513031e-008 -1.802872254863713e-008 -1.801203010077505e-008 -1.797783944515364e-008 -1.793681803605681e-008 -1.787596286224286e-008 -1.778692933272167e-008 -1.766651308920639e-008 -1.75962850333219e-008 -1.755323661762296e-008 -1.755140480802965e-008 -1.760657400282792e-008 -1.769255872749264e-008 -1.772926540964024e-008 -1.774579260079986e-008 -1.774824091153204e-008 -1.773775348877429e-008 -1.771389231056311e-008 -1.768656440315002e-008 -1.765060174809937e-008 -1.761550158187391e-008 -1.7577920318676e-008 -1.753611137538719e-008 -1.749122061156579e-008 -1.744338584599856e-008 -1.739168958484927e-008 -1.733551590229133e-008 -1.727797786480809e-008 -1.72210571715415e-008 -1.716454221753304e-008 -1.710206794995287e-008 -1.703885568845114e-008 -1.696459027252423e-008 -1.68717636165467e-008 -1.676735206144056e-008 -1.666945527367336e-008
-1.857208394670984e-008 -1.856422696759346e-008 -1.8550858130298e-008 -1.853863673660969e-008 -1.851497301209402e-008 -1.848198944375342e-008 -1.843909867111387e-008 -1.837236346692322e-008 -1.827088415291477e-008 -1.818736288348394e-008 -1.809642191036944e-008 -1.803683372756111e-008 -1.804081895129196e-008 -1.812556292914408e-008 -1.817941993612684e-008 -1.821977175802353e-008 -1.824448862782915e-008 -1.825092480057638e-008 -1.823765802275491e-008 -1.821889846796306e-008 -1.818559938026076e-008 -1.814558605869218e-008 -1.811158809205944e-008 -1.807813821204109e-008 -1.803710440053261e-008 -1.799107726878614e-008 -1.794212292200629e-008 -1.789003776038509e-008 -1.783353500800977e-008 -1.777702968951517e-008 -1.771929690250204e-008 -1.765861166324698e-008 -1.759644011109385e-008 -1.753548308234946e-008 -1.745933320549743e-008 -1.737261047178862e-008 -1.727704845183307e-008 -1.717997395943281e-008
-1.906909162980857e-008 -1.906023649851222e-008 -1.904818650114284e-008 -1.903503305153477e-008 -1.900926095034157e-008 -1.897661119745943e-008 -1.893169949204652e-008 -1.88644860984076e-008 -1.875784183117322e-008 -1.866967858764178e-008 -1.857919471297142e-008 -1.851741539506899e-008 -1.851923084418779e-008 -1.860350671723897e-008 -1.866370052180685e-008 -1.870802206668887e-008 -1.873367592235123e-008 -1.874344024091309e-008 -1.873113274120875e-008 -1.87107176318131e-008 -1.867986220814259e-008 -1.863946934784918e-008 -1.86067047697775e-008 -1.857125993881454e-008 -1.852890896324371e-008 -1.848312164402493e-008 -1.843284731223026e-008 -1.838024580543193e-008 -1.832467689113525e-008 -1.826854828082365e-008 -1.8212137014179e-008 -1.81510212988068e-008 -1.809072507950901e-008 -1.802773519442011e-008 -1.795290313597942e-008 -1.787029710800603e-008 -1.777222681792288e-008 -1.7672093596096e-008
-1.955745395589203e-008 -1.95525913106535e-008 -1.954037762598107e-008 -1.952321770045208e-008 -1.949680227094531e-008 -1.946116641054574e-008 -1.942524947502462e-008 -1.935976456858486e-008 -1.924326617956645e-008 -1.911983972797214e-008 -1.904953884188938e-008 -1.8986044455054e-008 -1.897721554199427e-008 -1.904737044244609e-008 -1.915149853958662e-008 -1.919308737238156e-008 -1.921897653216433e-008 -1.923064210069276e-008 -1.922124710816029e-008 -1.919357013268557e-008 -1.916808687614249e-008 -1.91335930138888e-008 -1.910031520205796e-008 -1.905978613291688e-008 -1.901417304745103e-008 -1.896794802613739e-008 -1.891627906874181e-008 -1.886204621844397e-008 -1.880832449913067e-008 -1.875501673523876e-008 -1.869879176585934e-008 -1.864021883134382e-008 -1.858255859585893e-008 -1.85143088703617e-008 -1.844361625486498e-008 -1.836301045698671e-008 -1.826220201109508e-008 -1.814885886066954e-008
-2.003657296766049e-008 -2.003234385466491e-008 -2.002060555666485e-008 -2.000450410742885e-008 -1.997597631983673e-008 -1.994124616915134e-008 -1.990153970414578e-008 -1.983108040275794e-008 -1.971460831995356e-008 -1.958877153250012e-008 -1.951089097193759e-008 -1.944746630022901e-008 -1.944179573640537e-008 -1.951530780061475e-008 -1.961202451917769e-008 -1.965872512265051e-008 -1.968976639570283e-008 -1.97014931067973e-008 -1.969328997160045e-008 -1.966819238942564e-008 -1.96427971870254e-008 -1.96101231993201e-008 -1.957519184371349e-008 -1.953433742171089e-008 -1.94883176600324e-008 -1.944208791430026e-008 -1.939101718121074e-008 -1.933735503102046e-008 -1.928355062814452e-008 -1.922930268965274e-008 -1.917326789115126e-008 -1.91160352035902e-008 -1.905677751364351e-008 -1.898881773028979e-008 -1.891624345294812e-008 -1.883562026672958e-008 -1.873480422581498e-008 -1.862454063861998e-008
-2.050668493009579e-008 -2.050046692478636e-008 -2.04950964768579e-008 -2.04783803083683e-008 -2.045043277207481e-008 -2.042219807773588e-008 -2.036702081772162e-008 -2.028138062648022e-008 -2.017590213345351e-008 -2.007996259300778e-008 -1.995288272931783e-008 -1.989628578235014e-008 -1.991029342285802e-008 -1.999824685285918e-008 -2.00490136292164e-008 -2.0108982749227e-008 -2.014949434613109e-008 -2.016302677931909e-008 -2.014980454756881e-008 -2.013395663501122e-008 -2.010815553438737e-008 -2.007323914117563e-008 -2.003827288284382e-008 -1.999651372389403e-008 -1.995151587680338e-008 -1.990607249605657e-008 -1.985744728642643e-008 -1.980612439059622e-008 -1.975084602880616e-008 -1.96933188682658e-008 -1.963621101532623e-008 -1.958155985760244e-008 -1.951947809738093e-008 -1.945147391553592e-008 -1.937649527963344e-008 -1.929275556405851e-008 -1.91955903241739e-008 -1.909142637830911e-008
-2.09676568516964e-008 -2.096225898076699e-008 -2.095964689640497e-008 -2.093954706564102e-008 -2.091231637066593e-008 -2.087967587661376e-008 -2.081977907854841e-008 -2.072883683292229e-008 -2.062557703215342e-008 -2.052634669608421e-008 -2.038979130519617e-008 -2.033665531886247e-008 -2.035693499594077e-008 -2.04371743615199e-008 -2.048746178335934e-008 -2.054974246191942e-008 -2.05949597167923e-008 -2.061068464327791e-008 -2.060043484616661e-008 -2.058716839498359e-008 -2.056258535143849e-008 -2.052851701503024e-008 -2.049385329017536e-008 -2.04522778804895e-008 -2.040836207667044e-008 -2.036307302949547e-008 -2.031528908026197e-008 -2.026423397432449e-008 -2.020953308914333e-008 -2.015180580770225e-008 -2.009435577660499e-008 -2.003764127294412e-008 -1.997580131986935e-008 -1.990823161450049e-008 -1.983798667424293e-008 -1.975587849489719e-008 -1.965827575631782e-008 -1.954991946413028e-008
-2.142002028800893e-008 -2.141975328793109e-008 -2.141757745567967e-008 -2.139494123342934e-008 -2.13668788154363e-008 -2.132295489620282e-008 -2.125761749656135e-008 -2.116558919525075e-008 -2.107307010138678e-008 -2.094820380346532e-008 -2.080141496895673e-008 -2.075763688544181e-008 -2.079578829871276e-008 -2.085484105946517e-008 -2.090276027483756e-008 -2.098299373920184e-008 -2.102730515876986e-008 -2.104591436933061e-008 -2.103968365828971e-008 -2.103035758112544e-008 -2.100693755548858e-008 -2.097380603157919e-008 -2.094050910798078e-008 -2.089986727161736e-008 -2.085667186401889e-008 -2.081202534116482e-008 -2.076495940358644e-008 -2.071434923151682e-008 -2.066010719468055e-008 -2.060357131416992e-008 -2.054553275108884e-008 -2.048513381330745e-008 -2.042041643957308e-008 -2.035534743337438e-008 -2.029966905742382e-008 -2.022249382681972e-008 -2.011932415293128e-008 -1.999914409555494e-008
-2.18617879266849e-008 -2.186390280370589e-008 -2.185732606093982e-008 -2.183378156273269e-008 -2.180466385037372e-008 -2.175574304777166e-008 -2.168681501596726e-008 -2.159443952930389e-008 -2.149747319538672e-008 -2.136051237475764e-008 -2.121878640839222e-008 -2.117553485810321e-008 -2.121270724233313e-008 -2.126824810752365e-008 -2.13181890550036e-008 -2.140595523339425e-008 -2.145429719444093e-008 -2.147583281052306e-008 -2.147420699745177e-008 -2.146666257752855e-008 -2.144509369465447e-008 -2.141268814604672e-008 -2.138034293320356e-008 -2.134070698051442e-008 -2.129749311294845e-008 -2.125357347679108e-008 -2.120564849127872e-008 -2.115490364341381e-008 -2.110130994234493e-008 -2.104471601351587e-008 -2.09867447207668e-008 -2.092700112446869e-008 -2.086321199422982e-008 -2.079949659366699e-008 -2.074079568468621e-008 -2.066275296329961e-008 -2.056243310685964e-008 -2.043930503255604e-008
-2.230044927322736e-008 -2.229762254433643e-008 -2.228348136795452e-008 -2.226052159756002e-008 -2.223015479742293e-008 -2.217710948266889e-008 -2.210518182230225e-008 -2.201625959260351e-008 -2.191591502142054e-008 -2.174720658078648e-008 -2.162441724471778e-008 -2.158633989771801e-008 -2.161964262805861e-008 -2.165827970410992e-008 -2.171934836057994e-008 -2.182665473613067e-008 -2.187618521195127e-008 -2.189938153905688e-008 -2.190350321606836e-008 -2.189975848375453e-008 -2.187612736724935e-008 -2.18459081595567e-008 -2.181443738662718e-008 -2.177428116190063e-008 -2.173313256968424e-008 -2.168804556960795e-008 -2.1637856328569e-008 -2.158672704785216e-008 -2.15336577162554e-008 -2.147747532167014e-008 -2.141947858227537e-008 -2.136165428384325e-008 -2.13033199852706e-008 -2.123563208262116e-008 -2.116965731139047e-008 -2.109219023083536e-008 -2.099694631106533e-008 -2.086788150885947e-008
-2.271919484171026e-008 -2.27134345196292e-008 -2.26975979955425e-008 -2.267402111180206e-008 -2.264051998046599e-008 -2.258547161666527e-008 -2.251296038892089e-008 -2.242047422197104e-008 -2.231296850920106e-008 -2.213609937430105e-008 -2.202370319637707e-008 -2.198535423524962e-008 -2.200899766165783e-008 -2.205251347541894e-008 -2.212292940209352e-008 -2.223505581243236e-008 -2.228577214258318e-008 -2.231262646885967e-008 -2.23190877498668e-008 -2.231626940891983e-008 -2.229407836009653e-008 -2.226456620465502e-008 -2.223403959069462e-008 -2.219549911520504e-008 -2.215415027177276e-008 -2.210979878703704e-008 -2.206066865096181e-008 -2.200907331702895e-008 -2.195678730644019e-008 -2.190108761423769e-008 -2.184274236363101e-008 -2.178621083270921e-008 -2.17268159211243e-008 -2.165869048980001e-008 -2.158986575573649e-008 -2.151041731485089e-008 -2.141397036400895e-008 -2.12850928823905e-008
-2.312210287566307e-008 -2.311344945151719e-008 -2.309742750659715e-008 -2.307600356114805e-008 -2.30352870792313e-008 -2.298116497903575e-008 -2.291098250942228e-008 -2.281932500290811e-008 -2.268173281575239e-008 -2.250706068202991e-008 -2.242248466002704e-008 -2.237744485753617e-008 -2.238147895334477e-008 -2.2417406393807e-008 -2.25326532265563e-008 -2.264350645145341e-008 -2.26917868567398e-008 -2.271510997322335e-008 -2.272495428656672e-008 -2.272391643420732e-008 -2.269914968460097e-008 -2.267141430186899e-008 -2.264243974508505e-008 -2.260570168755596e-008 -2.256491541025559e-008 -2.252098832663552e-008 -2.247427041094774e-008 -2.24246477046642e-008 -2.237058889496068e-008 -2.231660655821221e-008 -2.22597354953909e-008 -2.219975389643278e-008 -2.214179404592047e-008 -2.20730788666153e-008 -2.199861403067414e-008 -2.191817983041369e-008 -2.182308449222049e-008 -2.169099343420284e-008
-2.351233102545061e-008 -2.350375578795627e-008 -2.348618160842491e-008 -2.346325276396602e-008 -2.342173099215649e-008 -2.336733756879364e-008 -2.329253313508382e-008 -2.319655526284694e-008 -2.305487883005653e-008 -2.289153741425377e-008 -2.280074397435882e-008 -2.274813199348239e-008 -2.275631491301442e-008 -2.280154089583028e-008 -2.292381602407138e-008 -2.302433729933028e-008 -2.307732972884577e-008 -2.310654438447567e-008 -2.31175244443006e-008 -2.311784415613942e-008 -2.309827192091653e-008 -2.307010540936666e-008 -2.304240824910424e-008 -2.300766641376875e-008 -2.296505484692159e-008 -2.292076469515855e-008 -2.287314079893053e-008 -2.282332508343429e-008 -2.276859893368742e-008 -2.271305279132553e-008 -2.265675084889285e-008 -2.259588881969768e-008 -2.253506800791766e-008 -2.246762373766704e-008 -2.239215968776774e-008 -2.231015439589775e-008 -2.221430321582637e-008 -2.208364616022864e-008
