data/gpsIIR_gridfiles/nap_antenna/gpsiirnapZ-R100-Q32W11S0.grd
DSAA
361 181
-180 180
-90 90
-2.8840280299904E-008 2.9294401627855E-008
[rows 34 to 50 of 181, columns 304 to 341 of 361]
2.717601664979829e-008 2.714700321115487e-008 2.710422951075793e-008 2.703953796922395e-008 2.695682024946383e-008 2.685165553515034e-008 2.673842263964172e-008 2.662007232569839e-008 2.646038167250264e-008 2.625851272366062e-008 2.616245578088923e-008 2.613006347404221e-008 2.617429619539934e-008 2.625200332058375e-008 2.631296218802638e-008 2.639169529360823e-008 2.652263041497831e-008 2.661851781063648e-008 2.667536776459267e-008 2.670936742318515e-008 2.672038112585354e-008 2.672849745100393e-008 2.672633440367045e-008 2.671018018350071e-008 2.668555086260145e-008 2.665771556278683e-008 2.662224175823292e-008 2.657770540320625e-008 2.6530039565769e-008 2.648010084908697e-008 2.642392953851326e-008 2.63589640799048e-008 2.630043634630181e-008 2.624445056245065e-008 2.619049512275244e-008 2.613578575925166e-008 2.607729826722867e-008 2.601784694165396e-008
2.692345443013911e-008 2.689272444050576e-008 2.685453085664464e-008 2.679285643087912e-008 2.671321269499859e-008 2.661065300068997e-008 2.649694078399092e-008 2.637987429972287e-008 2.623089783013583e-008 2.602799620317102e-008 2.592597320578123e-008 2.589140064287379e-008 2.593380301468327e-008 2.602232608164686e-008 2.608521558004578e-008 2.616691149142242e-008 2.629263459690194e-008 2.638532107587505e-008 2.644020735799435e-008 2.647180889437976e-008 2.648024048200911e-008 2.648633793317345e-008 2.648229254328573e-008 2.646400518838056e-008 2.643796326701109e-008 2.640764835730131e-008 2.636947753544214e-008 2.632081317314971e-008 2.62716626299779e-008 2.621951775022475e-008 2.615850691126787e-008 2.609376583746561e-008 2.603576989698437e-008 2.597925803208092e-008 2.592735294312042e-008 2.587101035912317e-008 2.581023952795594e-008 2.575119076423013e-008
2.665752879603144e-008 2.662184591026258e-008 2.658400050309419e-008 2.652804407089519e-008 2.645231603122302e-008 2.635477772269809e-008 2.623492408454107e-008 2.611603796811067e-008 2.598833115547619e-008 2.579479634316754e-008 2.567426538131785e-008 2.563700129921179e-008 2.56766521602171e-008 2.578434171941876e-008 2.585697027395631e-008 2.593187958354492e-008 2.604857476012851e-008 2.61362901052743e-008 2.618838198806293e-008 2.62178230713713e-008 2.622287822648828e-008 2.622609567291771e-008 2.622092943602392e-008 2.620199764544833e-008 2.617539091506627e-008 2.614322038710219e-008 2.610134212708299e-008 2.604889079851722e-008 2.599697968647541e-008 2.594255977850847e-008 2.587857179934581e-008 2.581405168630514e-008 2.575469484721026e-008 2.56991399303168e-008 2.564924078560787e-008 2.559345716615557e-008 2.553250558647357e-008 2.547260174683686e-008
2.637084459314521e-008 2.633427146738445e-008 2.629541793236996e-008 2.624624736275366e-008 2.617417262425184e-008 2.607973251531746e-008 2.596284240968316e-008 2.584836574545224e-008 2.572484997167618e-008 2.55411454107164e-008 2.541413404628379e-008 2.537658674741853e-008 2.541555642223209e-008 2.552592250158504e-008 2.559919069405642e-008 2.567751291817254e-008 2.579286810837498e-008 2.587487209709939e-008 2.592391277695075e-008 2.594912736449875e-008 2.595300069664889e-008 2.595401334242276e-008 2.594626839534527e-008 2.592624187361234e-008 2.589780568151135e-008 2.586301407662231e-008 2.581892436489244e-008 2.576684169067056e-008 2.571138008503623e-008 2.565391548024797e-008 2.558966135974927e-008 2.552433341286061e-008 2.546213435038514e-008 2.540174172636409e-008 2.534721191805245e-008 2.529480533750865e-008 2.523527126511975e-008 2.51750571430684e-008
2.605916202150279e-008 2.602474876902481e-008 2.598868706764421e-008 2.594215469562491e-008 2.58718164836658e-008 2.578829718164633e-008 2.568097949620115e-008 2.556841160988339e-008 2.544996456559389e-008 2.527031074125767e-008 2.514054936675688e-008 2.510337903247043e-008 2.514347231831905e-008 2.525240198561659e-008 2.532509824970568e-008 2.540786937820126e-008 2.55270018273222e-008 2.560329752549436e-008 2.564831031013479e-008 2.56650539169502e-008 2.566824049353192e-008 2.566844763079299e-008 2.565748832327264e-008 2.563559194624805e-008 2.560668892668823e-008 2.556816402360023e-008 2.552070039744342e-008 2.547178481026092e-008 2.541601436257555e-008 2.5351292234047e-008 2.528760550029323e-008 2.522480222231412e-008 2.515629443495504e-008 2.508866792455679e-008 2.502709062021884e-008 2.497275708238365e-008 2.492180584185288e-008 2.486181163641923e-008
2.574006437550196e-008 2.570940645556244e-008 2.567416112974467e-008 2.563228926201202e-008 2.556764838854384e-008 2.548899238448761e-008 2.539187735252266e-008 2.527807459570155e-008 2.515820549641376e-008 2.49778376522493e-008 2.485755274870483e-008 2.481948717215199e-008 2.486193869327359e-008 2.495372676532953e-008 2.503367651297418e-008 2.512603475640432e-008 2.524229684625704e-008 2.531063397062899e-008 2.535199819714775e-008 2.536569888027597e-008 2.536876731533795e-008 2.53657199267324e-008 2.535276213709676e-008 2.532884224965708e-008 2.529667212661846e-008 2.525295106993303e-008 2.520328383032777e-008 2.515596973371369e-008 2.509774307221711e-008 2.503051358318074e-008 2.496870676979819e-008 2.490423632441638e-008 2.483249024446597e-008 2.476604732206482e-008 2.470384571207268e-008 2.464601666297158e-008 2.459128366681275e-008 2.453423809248045e-008
2.540340295905006e-008 2.537556182598127e-008 2.535056512807784e-008 2.531421442287999e-008 2.525409590755087e-008 2.51816032892514e-008 2.509574012887183e-008 2.499185546771604e-008 2.484920648512272e-008 2.466081771700595e-008 2.45675413502929e-008 2.453026298860784e-008 2.457077246028501e-008 2.462958753613891e-008 2.471158047401114e-008 2.484262137337404e-008 2.494458747905916e-008 2.500259134918242e-008 2.503545641591656e-008 2.504910154896817e-008 2.505577651337822e-008 2.504707919335213e-008 2.503139524454791e-008 2.500727277173775e-008 2.496873257363222e-008 2.491750700193693e-008 2.486935182258604e-008 2.481957756756498e-008 2.475833182847518e-008 2.469536967371202e-008 2.463348668237549e-008 2.456444992808432e-008 2.4495093023786e-008 2.443081781035645e-008 2.436969659507692e-008 2.430935424269944e-008 2.424703385630798e-008 2.419015470571521e-008
2.506419544159221e-008 2.50385900976971e-008 2.501520216852568e-008 2.498232675202299e-008 2.492687402217823e-008 2.486008009583276e-008 2.477389812699792e-008 2.466953094759431e-008 2.452321300784755e-008 2.43541296060933e-008 2.425347441080683e-008 2.421083017491155e-008 2.424443375798905e-008 2.431280863478917e-008 2.440322774815882e-008 2.4523954641233e-008 2.46213913018185e-008 2.467619311354008e-008 2.470634463011224e-008 2.471777405299357e-008 2.471942475854627e-008 2.470636312756153e-008 2.469163837446931e-008 2.46650606716594e-008 2.462321049731547e-008 2.457561868498657e-008 2.4527725931455e-008 2.447590016911919e-008 2.441558290316218e-008 2.435357449991398e-008 2.429127791354482e-008 2.422017104180494e-008 2.415008800138359e-008 2.408449516441842e-008 2.402291420740339e-008 2.396168136697281e-008 2.389857734731299e-008 2.383824021605842e-008
2.471928163005994e-008 2.469761081030456e-008 2.466818750472416e-008 2.463159185478711e-008 2.459093083186941e-008 2.452530106519844e-008 2.443522054536318e-008 2.430765397843455e-008 2.417945923240791e-008 2.406298616466469e-008 2.392127147102304e-008 2.386171261704496e-008 2.38810227930425e-008 2.399795353700349e-008 2.410510667247695e-008 2.41824064124878e-008 2.427414982797472e-008 2.43316997463666e-008 2.436467087415759e-008 2.436668600433205e-008 2.43568379747989e-008 2.43478126349694e-008 2.433023434899354e-008 2.429798807567405e-008 2.426271583348686e-008 2.422112404889943e-008 2.417404747841427e-008 2.412236284343393e-008 2.406404303052544e-008 2.400359926123166e-008 2.394037969752289e-008 2.386845270176254e-008 2.379406346167138e-008 2.372627609036448e-008 2.366336318727391e-008 2.360539704731768e-008 2.354087230469758e-008 2.347595287255887e-008
2.436027044866175e-008 2.434157951590607e-008 2.431211055326823e-008 2.427641542638485e-008 2.423991838008195e-008 2.417538085432849e-008 2.408607078058497e-008 2.39555237883386e-008 2.38362784415622e-008 2.372587886999828e-008 2.357616542915452e-008 2.351608431985789e-008 2.353419965318654e-008 2.365916703778871e-008 2.375936793415973e-008 2.38340340403765e-008 2.392046086052244e-008 2.397762095596707e-008 2.400733030596509e-008 2.400500377494387e-008 2.399621783890557e-008 2.398471222643015e-008 2.396301327463257e-008 2.393219737493423e-008 2.389617775276532e-008 2.385400868609525e-008 2.380716585302282e-008 2.375556165694118e-008 2.369840391827396e-008 2.363771670866418e-008 2.357390018462326e-008 2.350485238624616e-008 2.342981343112782e-008 2.335772763216408e-008 2.329070760951583e-008 2.322912539480565e-008 2.316571124488893e-008 2.310122812436173e-008
2.398912009104747e-008 2.397447372911249e-008 2.394886989306469e-008 2.391295833842984e-008 2.38767947819042e-008 2.381449842108221e-008 2.372684014484012e-008 2.360226506871219e-008 2.349502282601797e-008 2.33754891514969e-008 2.321064675936428e-008 2.315235163787189e-008 2.317855449202257e-008 2.330968448939116e-008 2.338979366107886e-008 2.346929293314305e-008 2.355883967392207e-008 2.360932346032919e-008 2.363519547633901e-008 2.363115707842329e-008 2.362718646571853e-008 2.361275166521598e-008 2.358787370374917e-008 2.355815432016784e-008 2.351988021106371e-008 2.347503035764562e-008 2.342756741909268e-008 2.337585915285581e-008 2.331940905999063e-008 2.325936382227204e-008 2.319553423427395e-008 2.312890405374902e-008 2.305923303635945e-008 2.298046160441439e-008 2.290389275933789e-008 2.283506609516971e-008 2.277617634751504e-008 2.271425199963876e-008
2.360496700076262e-008 2.35924993481427e-008 2.356859054871639e-008 2.353618834672792e-008 2.349869659399642e-008 2.343901144811192e-008 2.335482387140515e-008 2.323482796352899e-008 2.31224204499527e-008 2.299980880098219e-008 2.285016938147027e-008 2.278701049700746e-008 2.28115810571306e-008 2.293297274730933e-008 2.301963258069723e-008 2.310241892706311e-008 2.318293191888787e-008 2.323067847372824e-008 2.325501283048485e-008 2.325007867543188e-008 2.324347971821797e-008 2.322877852687129e-008 2.320060188583852e-008 2.316897389264249e-008 2.313036814755495e-008 2.308386132634577e-008 2.303574378474384e-008 2.29838844567168e-008 2.292765360717327e-008 2.286763026484987e-008 2.28039558030866e-008 2.273619034522711e-008 2.266554347305162e-008 2.258684223842008e-008 2.250711225335291e-008 2.243631618409708e-008 2.237587291875695e-008 2.231270635922753e-008
2.321028506040453e-008 2.319583015803726e-008 2.317777265859396e-008 2.314833159404714e-008 2.310420598324661e-008 2.304988119756121e-008 2.297171164222749e-008 2.286367760414095e-008 2.271354641106704e-008 2.260118186377916e-008 2.249598083465285e-008 2.24220592049471e-008 2.242859455703998e-008 2.252647885803204e-008 2.265810101231627e-008 2.273151819339984e-008 2.279543006132462e-008 2.28420877415107e-008 2.286520440721044e-008 2.285992969561989e-008 2.28501870914667e-008 2.283305782171451e-008 2.280161805752257e-008 2.276785111017938e-008 2.272826539745337e-008 2.26800906943407e-008 2.26310906875733e-008 2.257938844235917e-008 2.252375257203948e-008 2.246361745069034e-008 2.239928596124535e-008 2.232916980401538e-008 2.225792586360011e-008 2.218007065316593e-008 2.209731025646726e-008 2.202466102139149e-008 2.196459074326474e-008 2.190035892264056e-008
2.279824359888251e-008 2.278509692728554e-008 2.276793762967281e-008 2.274183426444785e-008 2.270057860796463e-008 2.264802377832332e-008 2.257235489130316e-008 2.24706500892193e-008 2.232352596938981e-008 2.22033562304222e-008 2.209476253606295e-008 2.203219717503845e-008 2.20394925157772e-008 2.212851423714349e-008 2.22550501207387e-008 2.233115413856879e-008 2.239204416400472e-008 2.243486298690633e-008 2.24540127557988e-008 2.244980441495648e-008 2.243815864216872e-008 2.241850359138132e-008 2.238710941130469e-008 2.235110064036713e-008 2.230987155297973e-008 2.226280015587624e-008 2.221329967162564e-008 2.216288165202509e-008 2.210597937885024e-008 2.204531924648971e-008 2.198281545394607e-008 2.191132354527407e-008 2.183990055825274e-008 2.176458204818107e-008 2.167710369725627e-008 2.160335271687483e-008 2.15394693274237e-008 2.147349206498401e-008
2.236696117484516e-008 2.23588849481721e-008 2.233955170676731e-008 2.231640167152317e-008 2.228668866017922e-008 2.223210878398214e-008 2.215961521029404e-008 2.206814958276041e-008 2.195745613304118e-008 2.178220701128619e-008 2.165736463552556e-008 2.162232194814821e-008 2.166127271828811e-008 2.172232922516175e-008 2.181020573970473e-008 2.191695199388838e-008 2.19736055471522e-008 2.200840373889328e-008 2.202000457287747e-008 2.202269968503759e-008 2.200967316028256e-008 2.198708455211943e-008 2.195814401432824e-008 2.191835596527785e-008 2.187600805410547e-008 2.183163726956438e-008 2.178545046741852e-008 2.173319801282766e-008 2.16754731040137e-008 2.161688315939872e-008 2.155244382292548e-008 2.148349978956037e-008 2.141551240902768e-008 2.133766184034316e-008 2.124807266353749e-008 2.117180033671294e-008 2.109748002950314e-008 2.103578393386316e-008
2.192775042556325e-008 2.192014109924248e-008 2.190340800288566e-008 2.187994823947951e-008 2.185256311528649e-008 2.18022592666577e-008 2.173281389141647e-008 2.164341862755271e-008 2.153232379343842e-008 2.136374958443684e-008 2.124078602436563e-008 2.120470809462407e-008 2.123904728815535e-008 2.130248637226242e-008 2.139206163832031e-008 2.148841857490737e-008 2.154273051369398e-008 2.157173371816515e-008 2.158329754715099e-008 2.158317193872871e-008 2.156779631305025e-008 2.154453000491788e-008 2.151266585463349e-008 2.147269434374933e-008 2.142997289373983e-008 2.138545031685558e-008 2.133700655695753e-008 2.128309964903312e-008 2.122387134472633e-008 2.116497330599466e-008 2.109942724311861e-008 2.102909764812881e-008 2.09600592823055e-008 2.087786805533501e-008 2.079021795512405e-008 2.071082806972444e-008 2.062872880670378e-008 2.057013175079388e-008
2.147795983014664e-008 2.146806501773467e-008 2.145343595755653e-008 2.143128565827512e-008 2.139530899168454e-008 2.135582751918225e-008 2.129246939287414e-008 2.12016691276747e-008 2.105856591719448e-008 2.093972544524149e-008 2.083881413125487e-008 2.077502054429976e-008 2.078090600907012e-008 2.087652056772127e-008 2.098708599308605e-008 2.104817739281548e-008 2.109607163874965e-008 2.112343557544804e-008 2.113474141658014e-008 2.112754466146849e-008 2.111298753704971e-008 2.10864367521524e-008 2.105057637867493e-008 2.101199891129679e-008 2.097089645401197e-008 2.092476966205575e-008 2.087106506688256e-008 2.081310467665141e-008 2.075402326263052e-008 2.069147573264253e-008 2.062492067896583e-008 2.055517958666811e-008 2.047664292525328e-008 2.039442616087425e-008 2.031262568638145e-008 2.021748446583093e-008 2.013604085441872e-008 2.007917160577328e-008
