data/gpsIIR_gridfiles/nap_antenna/gpsiirnapY-R100-Q50W50S0.grd
DSAA
361 181
-180 180
-90 90
-3.6151337557612E-008 3.634507871166E-008
[rows 51 to 67 of 181, columns 156 to 194 of 361]
1.107334246576426e-008 1.058877344579505e-008 1.009904584832017e-008 9.608009375136999e-009 9.110742079643027e-009 8.611921424057189e-009 8.122448191617683e-009 7.632775121361454e-009 7.15169316203278e-009 6.684962603669095e-009 6.225143467660823e-009 5.758925420980307e-009 5.291007161573799e-009 4.825155745371946e-009 4.358598261386928e-009 3.887549300605314e-009 3.428267101119914e-009 2.979893386518687e-009 2.535612815230524e-009 2.095090425409259e-009 1.667845620139013e-009 1.239888540478549e-009 7.904590656396044e-010 3.371167376776534e-010 -9.677432395224955e-011 -5.271220412439261e-010 -9.47151946017858e-010 -1.373975260234536e-009 -1.799156888655676e-009 -2.231532763745466e-009 -2.670836430066515e-009 -3.11768054188331e-009 -3.569271805572612e-009 -4.029392847524694e-009 -4.49518828860508e-009 -4.961460860720716e-009 -5.435468939739937e-009 -5.914784682447643e-009 -6.388658989576958e-009
1.122496260993545e-008 1.073269979292327e-008 1.023513102170603e-008 9.735563678376574e-009 9.229890429317172e-009 8.723389537661722e-009 8.225264949557339e-009 7.729367556565769e-009 7.242420759206952e-009 6.767975853048565e-009 6.300177991850078e-009 5.828423922708815e-009 5.355669387155471e-009 4.883159998337483e-009 4.41109988085307e-009 3.937893591151309e-009 3.471008279846267e-009 3.010919291283206e-009 2.557108890723768e-009 2.11366152133403e-009 1.681996339318833e-009 1.244319753466868e-009 7.879487730086346e-010 3.251853905680614e-010 -1.111851875902783e-010 -5.423224196409422e-010 -9.695367520742757e-010 -1.398392940588214e-009 -1.827667305244442e-009 -2.264944553962452e-009 -2.711305310032547e-009 -3.164772242570252e-009 -3.622073485754214e-009 -4.089815653767039e-009 -4.559483593289744e-009 -5.030361837524495e-009 -5.506315406021344e-009 -5.989521657507186e-009 -6.47094473101838e-009
1.137337044825847e-008 1.087196704024306e-008 1.036909070502682e-008 9.864454194899383e-009 9.345662106782934e-009 8.829513436162895e-009 8.324668080774263e-009 7.820500960398889e-009 7.326046713827373e-009 6.846589712907053e-009 6.372976045232192e-009 5.894545016603961e-009 5.41630841660381e-009 4.937513676292735e-009 4.461121940079938e-009 3.986086773744936e-009 3.516048876969325e-009 3.038739107392588e-009 2.568536717436682e-009 2.124792546369043e-009 1.699692603031442e-009 1.26067087059864e-009 7.84753689915255e-010 2.934440434613936e-010 -1.369961271386965e-010 -5.528634291136832e-010 -9.918725889378463e-010 -1.421483122309007e-009 -1.84951451812864e-009 -2.293749438066618e-009 -2.748117812642284e-009 -3.210320746903537e-009 -3.670199235103139e-009 -4.14680903578983e-009 -4.623155245449734e-009 -5.092559374937901e-009 -5.570483442961461e-009 -6.058711105602631e-009 -6.547140732090952e-009
1.150879922094491e-008 1.100150333634345e-008 1.049142591709356e-008 9.977318027343108e-009 9.454401169863541e-009 8.932117831669046e-009 8.41744763315218e-009 7.907424663084768e-009 7.407707440339296e-009 6.921544217339052e-009 6.439308429678994e-009 5.956932351571303e-009 5.474909538935436e-009 4.989508611597687e-009 4.506389180234602e-009 4.024748053255342e-009 3.54598804020159e-009 3.066557873403814e-009 2.594842425895235e-009 2.140212622452502e-009 1.7002020026535e-009 1.258603057972369e-009 7.977384479721523e-010 3.248972001631732e-010 -1.101678573975989e-010 -5.437842429913725e-010 -9.955854851728143e-010 -1.438480736532105e-009 -1.875314438112417e-009 -2.320603302786346e-009 -2.775503515483967e-009 -3.238991478389376e-009 -3.702739228781468e-009 -4.183742342231658e-009 -4.666034499268717e-009 -5.146885606076315e-009 -5.636315857577127e-009 -6.130500243948062e-009 -6.626482962019632e-009
1.163333608067611e-008 1.112341545650591e-008 1.06074094401342e-008 1.00832125907351e-008 9.556425504635078e-009 9.032668177010493e-009 8.502700246173939e-009 7.986382992965778e-009 7.483933682861598e-009 6.992525185213325e-009 6.500404895219839e-009 6.015985211965375e-009 5.531118809302895e-009 5.038937910047882e-009 4.545590542515115e-009 4.060091664835574e-009 3.571686900199769e-009 3.092255400985759e-009 2.618200410734343e-009 2.149973654036398e-009 1.695631362264116e-009 1.260156126441963e-009 8.192779708829739e-010 3.624590316010918e-010 -6.700643655640891e-011 -5.165659625753422e-010 -9.950998734442734e-010 -1.459564659326217e-009 -1.898559159452387e-009 -2.340303971151678e-009 -2.798864943831524e-009 -3.261039624538112e-009 -3.726322162112373e-009 -4.21445493062037e-009 -4.704777202442723e-009 -5.195738091923925e-009 -5.697439190182137e-009 -6.201294236940563e-009 -6.703130568477867e-009
1.175625190898441e-008 1.12375935399246e-008 1.071386676564029e-008 1.018266916235475e-008 9.648358870770018e-009 9.116447430692309e-009 8.582225810098401e-009 8.059434333619476e-009 7.549697657564218e-009 7.051303856738378e-009 6.55484356392701e-009 6.065592476283692e-009 5.575407530920327e-009 5.080311518473504e-009 4.583269109832991e-009 4.09117919852714e-009 3.597444329723556e-009 3.112216778967475e-009 2.634373391286709e-009 2.164415543610925e-009 1.706402062087751e-009 1.26237670041632e-009 8.175038367125152e-010 3.693821259433174e-010 -7.308216684843495e-011 -5.261322167614311e-010 -9.946824649288944e-010 -1.459180952760871e-009 -1.90855653447802e-009 -2.358105675730983e-009 -2.821263894645721e-009 -3.290111633462628e-009 -3.766412408046022e-009 -4.255290340991081e-009 -4.750866037378754e-009 -5.249292583694343e-009 -5.754851419507622e-009 -6.263499667854875e-009 -6.773927560885588e-009
1.187259977186092e-008 1.134491038068042e-008 1.081361836885479e-008 1.027592101863109e-008 9.730056675959676e-009 9.192101311086266e-009 8.653451320608821e-009 8.121463546041473e-009 7.605903653539498e-009 7.102500672630272e-009 6.600370026720753e-009 6.108398972836668e-009 5.616083037743089e-009 5.116058505003935e-009 4.615767728980799e-009 4.121042315341722e-009 3.618775342573582e-009 3.127318452330356e-009 2.648079115601374e-009 2.175849225514116e-009 1.71350997069746e-009 1.263935755223724e-009 8.09322421273024e-010 3.686926326008933e-010 -8.31252845096772e-011 -5.354698484847236e-010 -9.981522822728265e-010 -1.464212517944277e-009 -1.917985529903902e-009 -2.368647628682495e-009 -2.840534210883888e-009 -3.320139507763747e-009 -3.803664888625126e-009 -4.296775955694321e-009 -4.796988701197863e-009 -5.299945969224306e-009 -5.810434920634878e-009 -6.323145712332335e-009 -6.841033226117187e-009
1.198270660622803e-008 1.144690068380757e-008 1.090669917178638e-008 1.036003293074952e-008 9.809419213040385e-009 9.263345586850135e-009 8.718596026108125e-009 8.181003764081432e-009 7.65544230283695e-009 7.146395492551754e-009 6.642893723237786e-009 6.143788915473113e-009 5.646001188065543e-009 5.141925738433617e-009 4.640835611263046e-009 4.141735714784569e-009 3.63971476844272e-009 3.143575476250478e-009 2.659180739599091e-009 2.185815530692603e-009 1.721762883807241e-009 1.268536470087705e-009 8.184413442602078e-010 3.74342382849587e-010 -7.348202738682326e-011 -5.214793481534529e-010 -9.965496372370957e-010 -1.473576653298784e-009 -1.936631577462717e-009 -2.39447829931552e-009 -2.867108853085788e-009 -3.349819212243702e-009 -3.839013678497131e-009 -4.335923165700189e-009 -4.839406840092547e-009 -5.348003455108641e-009 -5.863578937890201e-009 -6.382891603847545e-009 -6.904957313476478e-009
1.208735500986148e-008 1.154397417984127e-008 1.099343220550997e-008 1.043550274415656e-008 9.883177497815484e-009 9.327296467670132e-009 8.780604086397598e-009 8.231946938066774e-009 7.692555885171403e-009 7.180188861550104e-009 6.681866023043898e-009 6.174964264926322e-009 5.667060334469315e-009 5.159515388097686e-009 4.659022409241632e-009 4.160866438838498e-009 3.660229285397516e-009 3.154160442359944e-009 2.665974237833499e-009 2.193715596648973e-009 1.726588526669041e-009 1.270514792246344e-009 8.305415418324587e-010 3.762193924722853e-010 -5.942681963172205e-011 -4.803835401984829e-010 -9.959208438932342e-010 -1.499657236523615e-009 -1.963929051045815e-009 -2.417948578902267e-009 -2.89066131149483e-009 -3.379657789931151e-009 -3.874166590478951e-009 -4.373202634055123e-009 -4.880008710161364e-009 -5.391359926696003e-009 -5.913952829482307e-009 -6.441449504814969e-009 -6.963211031796002e-009
1.218547841953263e-008 1.163432896957147e-008 1.10776022187029e-008 1.051343180705279e-008 9.950687656359733e-009 9.388054652682427e-009 8.832779948053691e-009 8.279470510148542e-009 7.738965255042773e-009 7.217522295420684e-009 6.70961749620353e-009 6.200393458509344e-009 5.689463370936463e-009 5.180285043310369e-009 4.673089869782419e-009 4.172171805652126e-009 3.669214300493486e-009 3.167214939270463e-009 2.677016460888725e-009 2.200733903144995e-009 1.733168888410721e-009 1.274498922752089e-009 8.1644133559252e-010 3.486361028473804e-010 -1.037445516020594e-010 -5.402296109657788e-010 -1.033441616553744e-009 -1.511054557863564e-009 -1.976921700114031e-009 -2.442086144254604e-009 -2.919042382073343e-009 -3.408644104281211e-009 -3.904977407488716e-009 -4.409082603501679e-009 -4.917798143183348e-009 -5.433129889895485e-009 -5.954952701507806e-009 -6.481323402328715e-009 -7.009470318953683e-009
1.227710494176674e-008 1.172035621844031e-008 1.115844606821413e-008 1.058990369936269e-008 1.001040304816116e-008 9.444061939472094e-009 8.877969903219283e-009 8.322131472803715e-009 7.780519821273892e-009 7.251472061249048e-009 6.731268124934832e-009 6.223345783547662e-009 5.711372928131085e-009 5.195229336621061e-009 4.681826559430237e-009 4.179362846002798e-009 3.676047427621903e-009 3.178326420540225e-009 2.685358235902921e-009 2.204519146878256e-009 1.740059645009812e-009 1.285033968172694e-009 8.029688437510221e-010 2.896622657566109e-010 -1.698646896581964e-010 -6.085412303018573e-010 -1.084958017857118e-009 -1.530468632083922e-009 -1.98729468947133e-009 -2.461537905080576e-009 -2.94530696596086e-009 -3.4350687829866e-009 -3.933992212554719e-009 -4.4433613963098e-009 -4.951474869458298e-009 -5.470984013972601e-009 -5.992239136103736e-009 -6.515415871985583e-009 -7.050184033276249e-009
1.236232697648905e-008 1.180098552956378e-008 1.123035059255702e-008 1.065475933713837e-008 1.007185751449794e-008 9.495809734465822e-009 8.924301732602146e-009 8.362653307621145e-009 7.814086644988918e-009 7.281468748329492e-009 6.757822743635333e-009 6.242824294240383e-009 5.727440642668289e-009 5.210455554017866e-009 4.69880583892904e-009 4.192518405509439e-009 3.684848053695455e-009 3.182237450831117e-009 2.688830583618988e-009 2.20684740032518e-009 1.737217381497303e-009 1.276558647158507e-009 8.014178061996313e-010 3.077569069473935e-010 -1.571583269737516e-010 -6.179648822118611e-010 -1.089230130731507e-009 -1.546276066893516e-009 -2.002624986341855e-009 -2.472615105715705e-009 -2.956876598602681e-009 -3.447837832838633e-009 -3.950526172364599e-009 -4.462123265977598e-009 -4.97617338873164e-009 -5.498726009680817e-009 -6.023594912802104e-009 -6.554106799326177e-009 -7.092436481690256e-009
1.24419070608495e-008 1.187873746812899e-008 1.129768680047446e-008 1.071308189865902e-008 1.013138411904889e-008 9.540986786000178e-009 8.968497461094506e-009 8.397475519782761e-009 7.839381698081445e-009 7.306857923222881e-009 6.784196051235114e-009 6.261137609524029e-009 5.739035662596171e-009 5.2212389142418e-009 4.716470872529225e-009 4.210886833464339e-009 3.693554252511033e-009 3.180482723888308e-009 2.688346984187389e-009 2.204328681297295e-009 1.728046790859666e-009 1.274397430024037e-009 8.129552653394163e-010 3.327335236900226e-010 -1.291994813078777e-010 -6.094425078880794e-010 -1.095329862239169e-009 -1.562772387251595e-009 -2.00822796184569e-009 -2.475541431727405e-009 -2.963186163753829e-009 -3.454074224163646e-009 -3.962028615922764e-009 -4.477531479134937e-009 -4.996682460302074e-009 -5.522766589857126e-009 -6.052424719047901e-009 -6.589939664653549e-009 -7.131831799876396e-009
1.250575947039118e-008 1.193574040450316e-008 1.135089853386832e-008 1.076169806733135e-008 1.01730599609179e-008 9.582380736890601e-009 9.004059685855064e-009 8.431055487884637e-009 7.870843208388016e-009 7.332602957898042e-009 6.807568773382045e-009 6.284179110695186e-009 5.761038273347886e-009 5.242399140584948e-009 4.730302211664563e-009 4.217678415368937e-009 3.700644375242456e-009 3.186978567219646e-009 2.690345970872797e-009 2.205537182570285e-009 1.7294747961704e-009 1.268271118020645e-009 8.038638022906529e-010 3.332009281352508e-010 -1.332732413130938e-010 -6.099901928841441e-010 -1.094299944408137e-009 -1.563261349551456e-009 -2.017698722653231e-009 -2.487062352471796e-009 -2.973556062441283e-009 -3.470669922440523e-009 -3.978825598896696e-009 -4.49706946459936e-009 -5.020530918322683e-009 -5.551346320467412e-009 -6.086436560051998e-009 -6.626941568874963e-009 -7.173977526758981e-009
1.255680472210762e-008 1.198060390731115e-008 1.13955931852985e-008 1.079874076024629e-008 1.020417520393023e-008 9.616639546708486e-009 9.037767734094689e-009 8.461553070710175e-009 7.89640917144197e-009 7.352633689974668e-009 6.834184886987088e-009 6.311234643196749e-009 5.783727830627135e-009 5.265215885912357e-009 4.743497400229788e-009 4.225919506030957e-009 3.708554729258633e-009 3.188310662325633e-009 2.689601309093314e-009 2.206211061307424e-009 1.72628353763467e-009 1.261614918919851e-009 7.957539913242637e-010 3.240504543765645e-010 -1.246385947258362e-010 -6.066776312550517e-010 -1.100194325106557e-009 -1.571862606522057e-009 -2.022402148298948e-009 -2.489792109552095e-009 -2.984258927600346e-009 -3.487270629546296e-009 -3.995241551345813e-009 -4.516848628503843e-009 -5.042554390242685e-009 -5.579937093334898e-009 -6.120240254889322e-009 -6.662313036390713e-009 -7.215105226999351e-009
1.261079475942868e-008 1.20289284881178e-008 1.143866577334588e-008 1.083839546059543e-008 1.023941860599693e-008 9.642636558570661e-009 9.058060135633133e-009 8.478712328140791e-009 7.913914333236464e-009 7.369593557312262e-009 6.843747069543493e-009 6.319915125353048e-009 5.795447069048758e-009 5.273982549533131e-009 4.751698430880724e-009 4.230721125523029e-009 3.709978459891065e-009 3.192936452099229e-009 2.691555348929789e-009 2.203891952225882e-009 1.725065417079312e-009 1.25575794185702e-009 7.798736496891208e-010 2.943253374465364e-010 -1.662555565886398e-010 -6.354251341029886e-010 -1.11050423152676e-009 -1.576361316751651e-009 -2.035990214715976e-009 -2.507243364677554e-009 -2.996938351367843e-009 -3.498840713744616e-009 -4.009880075498536e-009 -4.532434745925124e-009 -5.0632619350713e-009 -5.601704356765186e-009 -6.144899036370346e-009 -6.69223424241168e-009 -7.246919510272881e-009
1.266114304681264e-008 1.207552284241325e-008 1.147900165288324e-008 1.087470229392791e-008 1.027282737928801e-008 9.658585240309829e-009 9.068217722174651e-009 8.487007854808059e-009 7.918661351606855e-009 7.380151288296944e-009 6.847751692207699e-009 6.321692004259709e-009 5.802780651885522e-009 5.278801489550894e-009 4.756363298744071e-009 4.235928398240605e-009 3.707845292063803e-009 3.193988467877586e-009 2.691276346624782e-009 2.197310848137218e-009 1.722653984501186e-009 1.259962460313068e-009 7.662267425510947e-010 2.430498630852268e-010 -2.283566893455883e-010 -6.645561868348746e-010 -1.127725513785289e-009 -1.583868145136243e-009 -2.049675140873673e-009 -2.52361557959253e-009 -3.010285967661264e-009 -3.510534027969837e-009 -4.024165164697725e-009 -4.545978214883929e-009 -5.082944390122811e-009 -5.622430864954533e-009 -6.167199494425242e-009 -6.719097696986744e-009 -7.275766949690902e-009
