data/gpsIIR_gridfiles/nap_antenna/gpsiirnapX-R100-Q37W13S0.grd
DSAA
361 181
-180 180
-90 90
-2.8229512605419E-008 2.8244338093893E-008
[rows 34 to 50 of 181, columns 78 to 116 of 361]
3.711190095566475e-009 3.406865479277264e-009 3.103219654992132e-009 2.800158724097216e-009 2.49772855642654e-009 2.193655684293623e-009 1.886891959323366e-009 1.578826905318674e-009 1.269880249315708e-009 9.612822819275569e-010 6.573148268166083e-010 3.565855080770194e-010 5.375288357449604e-011 -2.539838790875407e-010 -5.614162360041339e-010 -9.024911691348206e-010 -1.234006061885364e-009 -1.551560651537239e-009 -1.865450179928312e-009 -2.176214250400382e-009 -2.489283096844821e-009 -2.803738580330957e-009 -3.120039688116638e-009 -3.435916867952882e-009 -3.748740052034255e-009 -4.059665608458461e-009 -4.369048987760943e-009 -4.678459201855288e-009 -4.987908139026026e-009 -5.297930343590016e-009 -5.608781957905646e-009 -5.916880196529587e-009 -6.222330195722953e-009 -6.527008655679136e-009 -6.829960672995248e-009 -7.129675939220295e-009 -7.428091318870088e-009 -7.72568412695225e-009 -8.019352417235101e-009
3.820569540714558e-009 3.50699355617831e-009 3.194207817544003e-009 2.881403219373825e-009 2.568967834667274e-009 2.256034172942462e-009 1.940572066057111e-009 1.624212868104081e-009 1.308056334340168e-009 9.948187790654853e-010 6.822791592681166e-010 3.679620636795718e-010 7.149095057845084e-011 -2.203430975710292e-010 -5.426530568121141e-010 -9.060009209696641e-010 -1.259121292831595e-009 -1.588410799399639e-009 -1.91295799501529e-009 -2.234145196689018e-009 -2.556634045385591e-009 -2.879795025511694e-009 -3.204112864152919e-009 -3.52857891584399e-009 -3.850323320688427e-009 -4.171113531677287e-009 -4.490369164465475e-009 -4.809231607933868e-009 -5.127843859277693e-009 -5.446579284343657e-009 -5.765364693077478e-009 -6.081492331201901e-009 -6.396780092430284e-009 -6.711965824710667e-009 -7.024843569910394e-009 -7.333995145879206e-009 -7.640701636257745e-009 -7.946650987269794e-009 -8.248498215217957e-009
3.928232476517079e-009 3.606341112042755e-009 3.28388673057531e-009 2.961935672907065e-009 2.63984945006485e-009 2.31821430193511e-009 1.994076996517098e-009 1.668301968786608e-009 1.341269062300427e-009 1.01623468700131e-009 6.923730784397687e-010 3.561052384392868e-010 6.402117506667029e-011 -2.243284468162246e-010 -5.595273849355575e-010 -9.293916821753361e-010 -1.289728238804366e-009 -1.6272097724648e-009 -1.959589406786813e-009 -2.290517563054142e-009 -2.621968757708771e-009 -2.953954072230925e-009 -3.286997811277429e-009 -3.620421619177697e-009 -3.951362725136124e-009 -4.281347360578343e-009 -4.610106734676101e-009 -4.938047213557731e-009 -5.265646854727626e-009 -5.593452576762373e-009 -5.920795539259548e-009 -6.245712402759849e-009 -6.569954816237957e-009 -6.894695394059216e-009 -7.216358147886975e-009 -7.53432968087891e-009 -7.850432980498621e-009 -8.164797143611025e-009 -8.474598207719869e-009
4.034927710129678e-009 3.704841340672862e-009 3.372920936559945e-009 3.041270653527152e-009 2.709741455570424e-009 2.379731912488719e-009 2.04928156036829e-009 1.715189908273499e-009 1.37281204618911e-009 1.013250432661797e-009 6.464794311605155e-010 3.047258811944122e-010 1.228280162413514e-011 -2.952727391867454e-010 -6.442266925553957e-010 -9.787671383974426e-010 -1.321874436573491e-009 -1.663690211273559e-009 -2.004863438300634e-009 -2.345510859498818e-009 -2.685980988122425e-009 -3.02678792702523e-009 -3.368611594703313e-009 -3.711226235773778e-009 -4.051530681362352e-009 -4.390441251605621e-009 -4.728408554818745e-009 -5.065718556345832e-009 -5.402291140336765e-009 -5.738849994713549e-009 -6.075127678435e-009 -6.409209158192988e-009 -6.742123948242584e-009 -7.075433630460693e-009 -7.40523910583774e-009 -7.73204683238088e-009 -8.057710917794935e-009 -8.380632712820629e-009 -8.698926385082569e-009
4.1397978464367e-009 3.801111732071129e-009 3.460649107410308e-009 3.120128807232516e-009 2.780111192325237e-009 2.441711417499971e-009 2.104500888661549e-009 1.760473468085159e-009 1.407614155102747e-009 1.020369975311276e-009 6.391651684735237e-010 2.939097045138602e-010 -1.919932974051222e-011 -3.331685793600103e-010 -6.759750752234252e-010 -1.015099561129562e-009 -1.354861913605273e-009 -1.701322873490172e-009 -2.050011773181018e-009 -2.399000866242043e-009 -2.748530281161668e-009 -3.098114207418058e-009 -3.448805901530999e-009 -3.800471821946482e-009 -4.149680924318929e-009 -4.49768322904072e-009 -4.844959629420008e-009 -5.19092105410153e-009 -5.536352526498571e-009 -5.882144151239705e-009 -6.226844929139601e-009 -6.569458730861188e-009 -6.911688685324267e-009 -7.253419798385188e-009 -7.591371507626813e-009 -7.92704948275676e-009 -8.261997619270508e-009 -8.592429725973279e-009 -8.918859445206681e-009
4.241248195991014e-009 3.893576875475507e-009 3.54672007850408e-009 3.199819574737808e-009 2.852476653819867e-009 2.504574895446198e-009 2.159115721367813e-009 1.807379357754619e-009 1.445706410290823e-009 1.050724535072962e-009 6.616899829460772e-010 3.074907933866822e-010 -1.830276666964389e-011 -3.394288196573906e-010 -6.858374686837977e-010 -1.035448986659206e-009 -1.383326451254284e-009 -1.736945196598506e-009 -2.09372924077705e-009 -2.451240387298624e-009 -2.809237485659281e-009 -3.167706321566932e-009 -3.52783745155037e-009 -3.888098799609695e-009 -4.246060453855503e-009 -4.603392822683372e-009 -4.959942861553109e-009 -5.314983729060684e-009 -5.668937607665457e-009 -6.023475551110323e-009 -6.376463989541268e-009 -6.72785218350961e-009 -7.079366611731987e-009 -7.428830720567928e-009 -7.775209124093107e-009 -8.120492516007418e-009 -8.463396491593028e-009 -8.801256206780503e-009 -9.135810756281264e-009
4.342072012630228e-009 3.986693798866762e-009 3.631942538265808e-009 3.277973101248769e-009 2.922500180401072e-009 2.56633754311093e-009 2.212345836124845e-009 1.854818263981271e-009 1.488315669342079e-009 1.094799149510418e-009 6.942241940320041e-010 3.301799362411173e-010 1.155496890143738e-011 -3.271851657241367e-010 -6.913233367102562e-010 -1.048989105605206e-009 -1.408579951932269e-009 -1.771456092187782e-009 -2.136463229053054e-009 -2.50230449074491e-009 -2.869151091426923e-009 -3.23607538220842e-009 -3.604748050675322e-009 -3.973908013157391e-009 -4.340684000505057e-009 -4.707357721353575e-009 -5.07232885622088e-009 -5.435813315536948e-009 -5.798478328522674e-009 -6.161301486206371e-009 -6.522800455919887e-009 -6.883194430187121e-009 -7.243239151857641e-009 -7.6007824557764e-009 -7.956133271890518e-009 -8.310323743859022e-009 -8.660242972769124e-009 -9.006127896783087e-009 -9.348932406039267e-009
4.442049843387202e-009 4.078720962489352e-009 3.71662350106323e-009 3.35500612717975e-009 2.991641816784584e-009 2.627881699700989e-009 2.26303527645607e-009 1.896107814726316e-009 1.527079989988015e-009 1.154472603275903e-009 7.80387332179152e-010 4.005891823913842e-010 8.063367220646769e-011 -2.723126065072773e-010 -6.703551325429773e-010 -1.057573788947635e-009 -1.432388150376124e-009 -1.805095461446718e-009 -2.177847155911201e-009 -2.551751980088651e-009 -2.927161642093499e-009 -3.303494522356571e-009 -3.679517188685895e-009 -4.056230208123777e-009 -4.434014889493922e-009 -4.809854782095058e-009 -5.182730293560531e-009 -5.554048942743124e-009 -5.924768202368161e-009 -6.295308343255902e-009 -6.666279130463139e-009 -7.035978012307315e-009 -7.403238670175141e-009 -7.770287322275271e-009 -8.13596750078228e-009 -8.496602502713591e-009 -8.853651866224e-009 -9.207943026126202e-009 -9.558319229520175e-009
4.541533574066663e-009 4.169810158053758e-009 3.799730957294552e-009 3.43064006416967e-009 3.059446047710746e-009 2.687680675872519e-009 2.314930146610741e-009 1.940856804943375e-009 1.567740310182433e-009 1.198165979786265e-009 8.236072872549065e-010 4.510811931230529e-010 1.072276963125349e-010 -2.599963911126148e-010 -6.687734591661985e-010 -1.072455522615101e-009 -1.456297739417422e-009 -1.837395900031841e-009 -2.218739171907737e-009 -2.601114154774651e-009 -2.984747593318904e-009 -3.369659898333041e-009 -3.753830813731733e-009 -4.1382840331429e-009 -4.525069038583696e-009 -4.909332863108657e-009 -5.290389336872408e-009 -5.669714111265289e-009 -6.048781176629855e-009 -6.4272984348713e-009 -6.806473599401493e-009 -7.18472923824015e-009 -7.560066783750347e-009 -7.935752314220101e-009 -8.309715929325591e-009 -8.678145603213534e-009 -9.043032411389047e-009 -9.405202322630196e-009 -9.76342449027782e-009
4.640390881461728e-009 4.259834259644076e-009 3.880707741820327e-009 3.504145728473522e-009 3.126293414648806e-009 2.746864496598697e-009 2.36619471807615e-009 1.984097702869375e-009 1.603160466530323e-009 1.227486999305312e-009 8.479683330561379e-010 4.67544158232138e-010 9.057873482619905e-011 -3.148339744898957e-010 -7.1084192989572e-010 -1.092283496474918e-009 -1.478622897976212e-009 -1.868013685066327e-009 -2.25904354803189e-009 -2.650774012093073e-009 -3.042375721751397e-009 -3.434763678904783e-009 -3.827382350730528e-009 -4.21964795697114e-009 -4.613455612158003e-009 -5.005220115851288e-009 -5.39475039507851e-009 -5.78281805399253e-009 -6.169567527186393e-009 -6.556171509428747e-009 -6.943258147179921e-009 -7.32861189778994e-009 -7.712298977764481e-009 -8.097097714471825e-009 -8.478233681335437e-009 -8.854575124044412e-009 -9.22807481864246e-009 -9.597477361576665e-009 -9.963517817543049e-009
4.738182818206746e-009 4.348845099045401e-009 3.961451165962859e-009 3.576723303839646e-009 3.191884920107288e-009 2.804996931042432e-009 2.416223269526812e-009 2.027228042555975e-009 1.639567874707827e-009 1.254649391773363e-009 8.707304419482357e-010 4.827979647681101e-010 8.875219795859935e-011 -3.281156240422641e-010 -7.268013425973657e-010 -1.11158275943324e-009 -1.502111704086384e-009 -1.899235502694765e-009 -2.298305512728893e-009 -2.69859791060864e-009 -3.098262461073369e-009 -3.498831527727714e-009 -3.899465311206852e-009 -4.299775112986029e-009 -4.701394777401557e-009 -5.100914241554019e-009 -5.498410474504823e-009 -5.894482687557232e-009 -6.289232593673473e-009 -6.683638919016875e-009 -7.078181364746982e-009 -7.471884086044838e-009 -7.863601384721392e-009 -8.256072529860823e-009 -8.645065762340485e-009 -9.02909722470282e-009 -9.410234769509873e-009 -9.787880901881877e-009 -1.016178225197582e-008
4.834483937878696e-009 4.43711100053007e-009 4.041866113085806e-009 3.648753699343966e-009 3.254913880719337e-009 2.860780399585996e-009 2.46513908827908e-009 2.070215682576245e-009 1.675217575291977e-009 1.2794575209381e-009 8.864112429693159e-010 4.993650401152805e-010 1.113178755423174e-010 -2.975070787446512e-010 -7.189727347262107e-010 -1.124124971888745e-009 -1.52823452072536e-009 -1.931163139094589e-009 -2.336272694954312e-009 -2.743821376769844e-009 -3.15305922902014e-009 -3.561784109759105e-009 -3.97041412688935e-009 -4.380246267449328e-009 -4.788914081493732e-009 -5.195561381732612e-009 -5.600964116897269e-009 -6.004932586799648e-009 -6.407539937071114e-009 -6.809421623816491e-009 -7.210912462653327e-009 -7.61320934923104e-009 -8.015125655260247e-009 -8.412956864731036e-009 -8.808530877086553e-009 -9.200849103220142e-009 -9.589494033827152e-009 -9.975592546018048e-009 -1.035804412046014e-008
4.928826704121634e-009 4.523474593272086e-009 4.120438849567338e-009 3.719327429760428e-009 3.31777656718619e-009 2.915813391100699e-009 2.51383370908195e-009 2.112231557070348e-009 1.709916121106297e-009 1.306532467677998e-009 9.055370323413784e-010 5.145009377895288e-010 1.222702937209606e-010 -2.887751839866339e-010 -7.189195486803734e-010 -1.138411786107721e-009 -1.551163783014976e-009 -1.961515835924373e-009 -2.373957901585628e-009 -2.78903359706848e-009 -3.206708401260012e-009 -3.623168925003997e-009 -4.039872319703815e-009 -4.45802283043788e-009 -4.874038698528676e-009 -5.288955189901406e-009 -5.702348056358458e-009 -6.113494552159172e-009 -6.523955956800224e-009 -6.933182725520861e-009 -7.342205882635871e-009 -7.752802468226611e-009 -8.1621569380164e-009 -8.567033483190988e-009 -8.969766072253515e-009 -9.369733950600266e-009 -9.766075401749443e-009 -1.016048718384838e-008 -1.055032031563737e-008
5.022011807130468e-009 4.608576511462686e-009 4.197378968690815e-009 3.787439604562525e-009 3.377969763122029e-009 2.96988129543588e-009 2.562125527366235e-009 2.153784126625956e-009 1.744976876780186e-009 1.33693029435007e-009 9.288994746041748e-010 5.252743426951432e-010 1.151201389623405e-010 -2.999027677004418e-010 -7.284780296976148e-010 -1.152520127663031e-009 -1.572527302796038e-009 -1.990696107396992e-009 -2.41141735830612e-009 -2.83436740424355e-009 -3.259473972608703e-009 -3.683430442233935e-009 -4.108391284259163e-009 -4.533449912274183e-009 -4.957148600879815e-009 -5.381677001923125e-009 -5.804075189916044e-009 -6.222280224824764e-009 -6.638322667231735e-009 -7.055054573875511e-009 -7.472556030361435e-009 -7.891440147761389e-009 -8.306206271114899e-009 -8.718617612814349e-009 -9.128490572243243e-009 -9.535215678669335e-009 -9.940540788540417e-009 -1.034275810603117e-008 -1.073985264219731e-008
5.112389435228793e-009 4.691520177206217e-009 4.272766691618664e-009 3.855064023916089e-009 3.438402065225884e-009 3.023407126687289e-009 2.60925901586611e-009 2.194125413887625e-009 1.778724221610581e-009 1.363909820142736e-009 9.488506282193858e-010 5.368287794711043e-010 1.184653272899303e-010 -3.041232074583628e-010 -7.375747887205788e-010 -1.167200721759963e-009 -1.593529166821163e-009 -2.018777111183874e-009 -2.447057369565819e-009 -2.877562007333325e-009 -3.310207569211713e-009 -3.741696632436898e-009 -4.174631461654083e-009 -4.607082325240572e-009 -5.038436228704214e-009 -5.471468371184423e-009 -5.900983643114572e-009 -6.327216614142532e-009 -6.750295244584032e-009 -7.174072322772019e-009 -7.599954442322692e-009 -8.025820744680665e-009 -8.447327827553277e-009 -8.86773558952415e-009 -9.284308916961449e-009 -9.697963046069067e-009 -1.011097130072678e-008 -1.051961248541983e-008 -1.092395594632637e-008
5.201477964234987e-009 4.772359840340612e-009 4.346417177518806e-009 3.922253458396574e-009 3.498892311988749e-009 3.076376217357747e-009 2.655097532815864e-009 2.233205321260433e-009 1.810824190446226e-009 1.388323029370337e-009 9.668969764690011e-010 5.505130994200935e-010 1.29177953427472e-010 -3.024833499674081e-010 -7.443901173231782e-010 -1.180521107036972e-009 -1.613421340012712e-009 -2.045049938060433e-009 -2.48035627184142e-009 -2.918906028714207e-009 -3.3581702607766e-009 -3.797507651380277e-009 -4.239129848043373e-009 -4.679183550392988e-009 -5.118433434163274e-009 -5.55900694589129e-009 -5.995428737185319e-009 -6.428525794540812e-009 -6.86061463942675e-009 -7.292638556434692e-009 -7.725697761504461e-009 -8.158043609165394e-009 -8.586587729043296e-009 -9.015006099257465e-009 -9.439498528285664e-009 -9.859352075929515e-009 -1.027772527321927e-008 -1.069209235611291e-008 -1.110368016820387e-008
5.288255284034334e-009 4.851495556731575e-009 4.418834707079524e-009 3.988115097019986e-009 3.557689837068972e-009 3.12824573356578e-009 2.699765103780308e-009 2.271147696572341e-009 1.841882044165897e-009 1.4125624880075e-009 9.841769340211807e-010 5.626838172773479e-010 1.352016131489665e-010 -3.023729831407114e-010 -7.517271241065769e-010 -1.194252229109084e-009 -1.632811586830222e-009 -2.071322743532545e-009 -2.513484913847574e-009 -2.959043589673129e-009 -3.405596091210764e-009 -3.85202582191694e-009 -4.301498139634088e-009 -4.748701169147238e-009 -5.195324375130054e-009 -5.642879091800549e-009 -6.086249966381073e-009 -6.525799743501835e-009 -6.965600704804397e-009 -7.40524557573958e-009 -7.845860218341848e-009 -8.284856852116137e-009 -8.720843762490406e-009 -9.156333542275909e-009 -9.58750665969971e-009 -1.001494583428117e-008 -1.043928123962284e-008 -1.086007744389303e-008 -1.127847920084134e-008
