data/gpsIIR_gridfiles/nap_antenna/gpsiirnapX-R100-Q37W13S0.grd
DSAA
361 181
-180 180
-90 90
-2.8229512605419E-008 2.8244338093893E-008
[rows 85 to 101 of 181, columns 234 to 272 of 361]
-1.971306395339243e-008 -1.923836490464713e-008 -1.875664107627509e-008 -1.826229437771852e-008 -1.776167659756982e-008 -1.72515327587501e-008 -1.672918281257099e-008 -1.619520637840485e-008 -1.565622358585755e-008 -1.510377767551798e-008 -1.455224755821804e-008 -1.399397642182555e-008 -1.343282411318022e-008 -1.28646403364578e-008 -1.229644776913077e-008 -1.171968526705292e-008 -1.114722830864304e-008 -1.057836700128668e-008 -1.000717757063143e-008 -9.443835554891455e-009 -8.877035164986939e-009 -8.30758002596747e-009 -7.738756003757204e-009 -7.173743492307303e-009 -6.609208394063915e-009 -6.058634818006405e-009 -5.505131004330941e-009 -4.949924826756785e-009 -4.391817152939225e-009 -3.837906331946165e-009 -3.284975618412787e-009 -2.737699753689278e-009 -2.192935340525015e-009 -1.653433034266007e-009 -1.118734748433621e-009 -5.898261591653313e-010 -8.48935210828479e-011 4.581596620744281e-010 1.03963872801908e-009
-1.965854853638587e-008 -1.918502509354627e-008 -1.87028212201344e-008 -1.821226909552734e-008 -1.77085150566498e-008 -1.719150258419568e-008 -1.666913717291747e-008 -1.613915762849218e-008 -1.56013713295472e-008 -1.505505743471138e-008 -1.45046473274374e-008 -1.394767100918085e-008 -1.338822715190143e-008 -1.282294138402732e-008 -1.225795067564192e-008 -1.169073666845694e-008 -1.11250039457889e-008 -1.054976622609745e-008 -9.981485311956258e-009 -9.411968061760314e-009 -8.847225120213527e-009 -8.281117264290404e-009 -7.71968454648101e-009 -7.154592458602889e-009 -6.596925313916945e-009 -6.043413747880965e-009 -5.495344952389614e-009 -4.936381843974424e-009 -4.378076818067728e-009 -3.824319818140227e-009 -3.274222641326987e-009 -2.727548848955322e-009 -2.18520718908516e-009 -1.64771984421312e-009 -1.119011948082172e-009 -5.933745528156352e-010 -8.651975764687385e-011 4.540639454661987e-010 1.030707133212071e-009
-1.958728778241742e-008 -1.911557445165961e-008 -1.863168870153785e-008 -1.814516598351945e-008 -1.763926544815545e-008 -1.711847648745987e-008 -1.659684664848077e-008 -1.606997702409165e-008 -1.553411286997565e-008 -1.499041847188953e-008 -1.444209326807957e-008 -1.388557316876008e-008 -1.332903784674702e-008 -1.27643635939864e-008 -1.220317767887438e-008 -1.164003443969725e-008 -1.107953206044994e-008 -1.050139268634302e-008 -9.936260116744843e-009 -9.364089406434538e-009 -8.803975115116207e-009 -8.239074119785241e-009 -7.683883503278255e-009 -7.119911712739007e-009 -6.566550987005549e-009 -6.014361347098338e-009 -5.470682974934278e-009 -4.911924525172987e-009 -4.355201944473764e-009 -3.803343224691575e-009 -3.25632181882365e-009 -2.711824811418036e-009 -2.171307840456743e-009 -1.633859029785289e-009 -1.104098204729093e-009 -5.706839090145619e-010 -7.486305206040767e-011 4.585199857748618e-010 1.031552269859196e-009
-1.947633303021596e-008 -1.90104240976552e-008 -1.852093233020421e-008 -1.803544021922283e-008 -1.752434868324607e-008 -1.701604122318593e-008 -1.649133121233671e-008 -1.596857951396011e-008 -1.543128583135063e-008 -1.489134084842846e-008 -1.433935196337925e-008 -1.37877306373804e-008 -1.323076391580234e-008 -1.267016542025552e-008 -1.210514523072273e-008 -1.154150055481717e-008 -1.098250980982789e-008 -1.041338083279962e-008 -9.847520946772724e-009 -9.279411912520036e-009 -8.726376310485446e-009 -8.165101241107281e-009 -7.613602127043989e-009 -7.054850398297178e-009 -6.509692287303771e-009 -5.958990086383691e-009 -5.417281684195907e-009 -4.865292898444913e-009 -4.316980125795743e-009 -3.766935200525049e-009 -3.226229363953316e-009 -2.685271284651808e-009 -2.151082871466132e-009 -1.615665487433186e-009 -1.055253807673438e-009 -4.728163110259996e-010 1.024930185142173e-011 5.006799431513667e-010 1.025916732960888e-009
-1.938940089164463e-008 -1.891229377744541e-008 -1.843435718125841e-008 -1.793766256431436e-008 -1.743839757038304e-008 -1.69253273197906e-008 -1.641101423008729e-008 -1.588313429816546e-008 -1.535356730662001e-008 -1.480918057317688e-008 -1.426133834502912e-008 -1.370827705087202e-008 -1.315596511106168e-008 -1.25969894720053e-008 -1.203072585113506e-008 -1.147009935900417e-008 -1.091181513781381e-008 -1.035025907226554e-008 -9.780763879016887e-009 -9.221169305460598e-009 -8.667060309856329e-009 -8.114884140014046e-009 -7.55888902387138e-009 -7.010273387113317e-009 -6.461455778374473e-009 -5.921184447134322e-009 -5.374796888516974e-009 -4.834588320940565e-009 -4.283552117129767e-009 -3.742712709795153e-009 -3.200340418031122e-009 -2.667102322929064e-009 -2.133087721881148e-009 -1.604563974875924e-009 -1.038171994168806e-009 -4.449040732426164e-010 3.487249791066133e-011 5.068839824958675e-010 1.024073897031856e-009
-1.929830740605153e-008 -1.880779682898797e-008 -1.834019390659979e-008 -1.7836628699875e-008 -1.734908042485897e-008 -1.683095736235807e-008 -1.632604982808819e-008 -1.579641164701274e-008 -1.526945417851201e-008 -1.471520999580978e-008 -1.417304314401137e-008 -1.361727204875698e-008 -1.306731690800966e-008 -1.251105855409518e-008 -1.19528764188045e-008 -1.139717431058279e-008 -1.083594416377976e-008 -1.027807929499632e-008 -9.711844285972525e-009 -9.159907715178322e-009 -8.599200955462699e-009 -8.056171666176032e-009 -7.49727294940396e-009 -6.952885568021216e-009 -6.395885471303871e-009 -5.869961975892432e-009 -5.323807133609013e-009 -4.790745097146525e-009 -4.240637726031709e-009 -3.708789344362345e-009 -3.166277393787708e-009 -2.640940652278931e-009 -2.108565858159153e-009 -1.58713733915658e-009 -1.064137822245926e-009 -5.235853761895242e-010 -4.074993138832066e-011 4.837410202230462e-010 1.012697391196835e-009
-1.92581255378084e-008 -1.876885027797622e-008 -1.830048654199536e-008 -1.780266877780518e-008 -1.731551652313158e-008 -1.680198824258452e-008 -1.629790431253935e-008 -1.577345703359957e-008 -1.524640485162643e-008 -1.468974449136805e-008 -1.414921227792472e-008 -1.359521528318558e-008 -1.304597771725726e-008 -1.249383204506797e-008 -1.193876893672565e-008 -1.138711511237491e-008 -1.082622912860029e-008 -1.026968061640078e-008 -9.70477317960109e-009 -9.155618031475339e-009 -8.593604461882353e-009 -8.053174439484984e-009 -7.493554295697772e-009 -6.947951206082962e-009 -6.389455280117558e-009 -5.866901379241604e-009 -5.321539690251577e-009 -4.788925025304853e-009 -4.239028136309205e-009 -3.708441625979276e-009 -3.165468896643841e-009 -2.640870084997866e-009 -2.10745815615972e-009 -1.587332493456913e-009 -1.070220236892657e-009 -5.37430158906244e-010 -5.158672239955039e-011 4.783708611175629e-010 1.016459917766415e-009
-1.933685391163053e-008 -1.884670267505818e-008 -1.838864438736701e-008 -1.788329759096503e-008 -1.740750270759603e-008 -1.688825131801086e-008 -1.639674406162055e-008 -1.586132805774358e-008 -1.53451141888135e-008 -1.479121222825688e-008 -1.426052186157846e-008 -1.370033669135719e-008 -1.315649771288744e-008 -1.259843833526561e-008 -1.205373819454204e-008 -1.149606133211649e-008 -1.093862837454877e-008 -1.037907560751267e-008 -9.811434392298532e-009 -9.257451226731789e-009 -8.697406769371842e-009 -8.150906390492874e-009 -7.583724793677129e-009 -7.038956654622359e-009 -6.47854265594355e-009 -5.945480889154884e-009 -5.392541819573105e-009 -4.858990429829238e-009 -4.300879042200277e-009 -3.766035180020912e-009 -3.21588647751837e-009 -2.686010864497956e-009 -2.144902556026512e-009 -1.61433953364885e-009 -1.044258785420018e-009 -4.622548316337534e-010 1.892521751343626e-011 5.09714001333119e-010 1.033666544685917e-009
-1.940899945253297e-008 -1.893557684143785e-008 -1.846444303668193e-008 -1.797335347314342e-008 -1.748422102708338e-008 -1.697892436518077e-008 -1.647556467651398e-008 -1.595031200753445e-008 -1.542412870787258e-008 -1.488306574701298e-008 -1.434403161843696e-008 -1.37914775047978e-008 -1.323844489374428e-008 -1.268435456177243e-008 -1.213801616543468e-008 -1.158072823806408e-008 -1.102140408184495e-008 -1.045992065015979e-008 -9.890242970459102e-009 -9.330101578429291e-009 -8.773964350484879e-009 -8.217986285182577e-009 -7.651851449750212e-009 -7.097861811031779e-009 -6.543378781377251e-009 -5.996721709409222e-009 -5.44747226206915e-009 -4.901960740414791e-009 -4.346484019715958e-009 -3.799794841579369e-009 -3.252011149373281e-009 -2.710891409695392e-009 -2.170740905973659e-009 -1.630775400504036e-009 -1.041983077478425e-009 -4.436835025686074e-010 4.858695444780485e-011 5.18418672000893e-010 1.046893753010281e-009
-1.945924630832744e-008 -1.899144855292462e-008 -1.851630320113596e-008 -1.803177412443096e-008 -1.754138990666513e-008 -1.703933756553245e-008 -1.652795028210173e-008 -1.600647856586073e-008 -1.547648769488992e-008 -1.493831332218003e-008 -1.439165169831014e-008 -1.384128606837184e-008 -1.328710266045232e-008 -1.273350265556254e-008 -1.218275017068788e-008 -1.162613724002234e-008 -1.106559386649499e-008 -1.050173286665243e-008 -9.937384272785546e-009 -9.374022590726792e-009 -8.813947576556029e-009 -8.251978086370737e-009 -7.689924745765699e-009 -7.128959088129359e-009 -6.579681665331905e-009 -6.032176279344905e-009 -5.480088237846251e-009 -4.926035058523562e-009 -4.37233214235731e-009 -3.817838922589906e-009 -3.270449903751279e-009 -2.724974066759214e-009 -2.182578534656847e-009 -1.640073813615218e-009 -1.071957592313316e-009 -4.806716966847512e-010 4.476190880774395e-011 5.315309137326911e-010 1.05595658307555e-009
-1.950662298623533e-008 -1.903888349637439e-008 -1.856330277212301e-008 -1.807809497744715e-008 -1.75894567024652e-008 -1.708560298223494e-008 -1.657152660845883e-008 -1.604906660079976e-008 -1.551801470277703e-008 -1.497919741116702e-008 -1.442886300958568e-008 -1.387913062925095e-008 -1.332330028532669e-008 -1.276962994098491e-008 -1.221723244108998e-008 -1.1661901181598e-008 -1.109965849527547e-008 -1.053673786509468e-008 -9.971987796354277e-009 -9.40858952712604e-009 -8.845471606167678e-009 -8.283238735902863e-009 -7.719687435925465e-009 -7.156742264572683e-009 -6.606558224683914e-009 -6.059412155840801e-009 -5.504064950279197e-009 -4.947295792491855e-009 -4.391446307671872e-009 -3.834164550620821e-009 -3.284525679628193e-009 -2.737369575345763e-009 -2.192422918071911e-009 -1.655136816419471e-009 -1.097617536302743e-009 -5.033501657213786e-010 2.318383465876335e-011 5.138235669834477e-010 1.049815167408261e-009
-1.955691671560278e-008 -1.908139515046284e-008 -1.860105020555587e-008 -1.811260488083835e-008 -1.761756973594127e-008 -1.71147793962515e-008 -1.65998475530636e-008 -1.60748978346582e-008 -1.554049172514018e-008 -1.499907840879126e-008 -1.444882319228776e-008 -1.389865589447575e-008 -1.334198935798141e-008 -1.278916132042512e-008 -1.223162312678854e-008 -1.168137474131571e-008 -1.11239798723438e-008 -1.056078152930659e-008 -9.992828855048457e-009 -9.430409477026912e-009 -8.866194721309854e-009 -8.305437255931658e-009 -7.744871247386063e-009 -7.183067668417446e-009 -6.622926591115221e-009 -6.070047211470792e-009 -5.517972608936521e-009 -4.962226031232468e-009 -4.402475854289266e-009 -3.847292660747914e-009 -3.295307111570084e-009 -2.746082431360453e-009 -2.197817220476992e-009 -1.652568214235257e-009 -1.10746759443098e-009 -5.68239725140082e-010 -7.059665965478319e-011 4.32535085095734e-010 1.025696625996228e-009
-1.959745726455587e-008 -1.911473868378229e-008 -1.863251068000804e-008 -1.814085250853192e-008 -1.764217298518975e-008 -1.713907715801971e-008 -1.662321829657495e-008 -1.609544502445658e-008 -1.556075059813494e-008 -1.501603333949426e-008 -1.446728524952181e-008 -1.391569033706916e-008 -1.336016490673941e-008 -1.280547280438941e-008 -1.224786763852443e-008 -1.169758216022328e-008 -1.114413592151945e-008 -1.057922476525683e-008 -1.001096752694827e-008 -9.448065275508582e-009 -8.884675642657058e-009 -8.323210079800768e-009 -7.763889897344367e-009 -7.201205944514601e-009 -6.636694136495546e-009 -6.080649645425082e-009 -5.530531611915143e-009 -4.974073658694097e-009 -4.412147145440848e-009 -3.85679275077001e-009 -3.303698448606068e-009 -2.753551453989035e-009 -2.203278658347314e-009 -1.659595443125004e-009 -1.120742742964043e-009 -5.906138855823887e-010 -1.139008164958814e-010 4.001465403993897e-010 1.013749044270646e-009
-1.962706997416943e-008 -1.914755883437335e-008 -1.866343302207727e-008 -1.817529644100849e-008 -1.767345908629623e-008 -1.716236666194477e-008 -1.66442676965242e-008 -1.611762341971796e-008 -1.558238275436874e-008 -1.503645750719851e-008 -1.44885596208495e-008 -1.3937810460124e-008 -1.338445092494322e-008 -1.282498377707522e-008 -1.22676859157557e-008 -1.171393445259588e-008 -1.115736494439178e-008 -1.059217810256007e-008 -1.0025461134801e-008 -9.463576988824097e-009 -8.90229977518179e-009 -8.337556864552762e-009 -7.771789634412354e-009 -7.209036924818512e-009 -6.645563121904108e-009 -6.089861456544737e-009 -5.538852958007769e-009 -4.981071831212783e-009 -4.418279217655593e-009 -3.86192985814937e-009 -3.308394102163667e-009 -2.757345707231565e-009 -2.207031944556814e-009 -1.663550142379158e-009 -1.123138887625514e-009 -5.969411369185217e-010 -1.139267147990595e-010 4.148627680897086e-010 1.015548191634658e-009
-1.964374494865479e-008 -1.916246014674616e-008 -1.868001529437653e-008 -1.819319983714121e-008 -1.769122202992225e-008 -1.717393424322843e-008 -1.665603826855263e-008 -1.612992298262547e-008 -1.559584494336487e-008 -1.504787419669254e-008 -1.450065438327915e-008 -1.395088218485594e-008 -1.339868819266708e-008 -1.283748486170928e-008 -1.227909956284002e-008 -1.172526302605933e-008 -1.11674563642873e-008 -1.060118739422107e-008 -1.003487406556082e-008 -9.474798150485014e-009 -8.91418181742531e-009 -8.348494179814355e-009 -7.780061276222024e-009 -7.21724981166058e-009 -6.65312882878652e-009 -6.097049973508521e-009 -5.546381541605859e-009 -4.987595489917763e-009 -4.423137946052525e-009 -3.866728811290835e-009 -3.312848563168484e-009 -2.761602617040469e-009 -2.210849996531187e-009 -1.668191351347532e-009 -1.12620860919458e-009 -5.983609738243559e-010 -1.198830900356255e-010 4.093774314561694e-010 1.016837593235167e-009
-1.96381510178957e-008 -1.916046339877199e-008 -1.867819604738734e-008 -1.818763727892374e-008 -1.768593944943203e-008 -1.717132213084022e-008 -1.665467106002557e-008 -1.613364674137491e-008 -1.5599779382353e-008 -1.505185268360884e-008 -1.450367359500396e-008 -1.395148310174391e-008 -1.339869232059165e-008 -1.28456636058375e-008 -1.229073347553335e-008 -1.173123236323483e-008 -1.11709705577818e-008 -1.060666832709894e-008 -1.004264678068654e-008 -9.482789418005754e-009 -8.923370822828981e-009 -8.357318279088531e-009 -7.790561699759417e-009 -7.227139773236871e-009 -6.666886495554465e-009 -6.107378813395422e-009 -5.549406325022505e-009 -4.990515033123853e-009 -4.429727618325054e-009 -3.872576298648094e-009 -3.316672614877572e-009 -2.764783281615781e-009 -2.213948692172596e-009 -1.670947732982335e-009 -1.132274627774538e-009 -6.065244538157109e-010 -1.215793420735214e-010 4.010388823098242e-010 1.004280096293589e-009
-1.961898127280311e-008 -1.914334602802651e-008 -1.866199251694757e-008 -1.81718875011953e-008 -1.767172979759038e-008 -1.715722593269952e-008 -1.664289261652923e-008 -1.612655320665163e-008 -1.559421656342113e-008 -1.504414408776391e-008 -1.449700675212125e-008 -1.394335421497948e-008 -1.339134081325986e-008 -1.2842209488541e-008 -1.228952349962428e-008 -1.172864818515671e-008 -1.116869261415643e-008 -1.060602371627689e-008 -1.004243555264165e-008 -9.484050921946632e-009 -8.92543950597101e-009 -8.359575687507605e-009 -7.792925974580624e-009 -7.230753626813572e-009 -6.671188377744861e-009 -6.111166368907229e-009 -5.551007489510037e-009 -4.992455017489734e-009 -4.432272750317704e-009 -3.875550380189707e-009 -3.318708451995521e-009 -2.767314671490702e-009 -2.216593959215644e-009 -1.673979144270982e-009 -1.135085897628937e-009 -6.05392924795709e-010 -1.253625752006035e-010 3.957484386844002e-010 1.002901405903475e-009
