data/gpsIIR_gridfiles/nap_antenna/gpsiirnapX-R100-Q37W13S0.grd
DSAA
361 181
-180 180
-90 90
-2.8229512605419E-008 2.8244338093893E-008
[rows 119 to 135 of 181, columns 273 to 311 of 361]
1.450517550891152e-009 1.956874406659907e-009 2.460363170326928e-009 2.965545102331831e-009 3.477163480758568e-009 3.992972973973084e-009 4.506662666532227e-009 5.021416092169636e-009 5.535739086692008e-009 6.051984354507005e-009 6.564865854257269e-009 7.072673171388307e-009 7.575398405912654e-009 8.079016253263423e-009 8.578730617494589e-009 9.083031474287087e-009 9.596770673742137e-009 1.011135014939798e-008 1.062147832254975e-008 1.113392252554463e-008 1.163950981319156e-008 1.214461829845413e-008 1.264284195974632e-008 1.312952902220256e-008 1.361095757912642e-008 1.408697162285128e-008 1.45565609688001e-008 1.502088582118079e-008 1.548095781188697e-008 1.593211074511509e-008 1.637797836820809e-008 1.681644127171204e-008 1.72419394393485e-008 1.765796292241512e-008 1.8062933169448e-008 1.846656991864013e-008 1.884811658342654e-008 1.92039613041148e-008 1.95387409287582e-008
1.433186924026284e-009 1.936174186178162e-009 2.436991004262486e-009 2.940257658425828e-009 3.446150008413433e-009 3.954260075420628e-009 4.464055274907248e-009 4.974428044611781e-009 5.485128318703548e-009 5.998446767054311e-009 6.50592704078303e-009 7.008902597924819e-009 7.50957399346236e-009 8.007366823443852e-009 8.504001924537061e-009 9.005619467963643e-009 9.512942846774791e-009 1.001904633647873e-008 1.05250844537993e-008 1.102818684005904e-008 1.153008818491256e-008 1.202967076816364e-008 1.252137225139942e-008 1.301024029943586e-008 1.348976032885892e-008 1.396188614537479e-008 1.44268175751114e-008 1.488777713618117e-008 1.534688064968686e-008 1.579535127354342e-008 1.623535464983693e-008 1.666766758576385e-008 1.709028993472923e-008 1.750467091879021e-008 1.790639509623733e-008 1.830380466858957e-008 1.867788390376511e-008 1.903570805453981e-008 1.937290602013686e-008
1.417798943656293e-009 1.915746388899684e-009 2.412165640779198e-009 2.911287982302452e-009 3.411947611151447e-009 3.915114520904115e-009 4.419982256064046e-009 4.926075100877019e-009 5.432361842875275e-009 5.941578213112474e-009 6.444456761213337e-009 6.943889511471943e-009 7.439312676019286e-009 7.932543422257264e-009 8.424355554697421e-009 8.921898642492512e-009 9.424429484393378e-009 9.924951155254999e-009 1.042678792626333e-008 1.092409513013292e-008 1.142044802056237e-008 1.191515903772564e-008 1.240232606121603e-008 1.288787243729917e-008 1.336382327941473e-008 1.383215855746809e-008 1.429298513925358e-008 1.474976953299269e-008 1.520440322803548e-008 1.564893124347849e-008 1.608387551238737e-008 1.651283569052487e-008 1.693165061580561e-008 1.734326722495714e-008 1.774195975811168e-008 1.81349675698408e-008 1.850628814439227e-008 1.886073214582693e-008 1.919503466404733e-008
1.402046977995388e-009 1.893142124308412e-009 2.386030843699558e-009 2.879000206234916e-009 3.373789732521826e-009 3.873439400916737e-009 4.374334151487111e-009 4.875376023420369e-009 5.379622719887844e-009 5.880802753397141e-009 6.381267620836549e-009 6.879698887049419e-009 7.369521884766614e-009 7.852725936612848e-009 8.341776152708671e-009 8.835581968505798e-009 9.332676287710233e-009 9.829017219977165e-009 1.032951356142326e-008 1.082258800111654e-008 1.131137480401589e-008 1.179878300501628e-008 1.228188272576123e-008 1.276333584825022e-008 1.32342550014796e-008 1.369787211764975e-008 1.415622174992924e-008 1.460754705972639e-008 1.505286782818605e-008 1.549186651685547e-008 1.592287392440422e-008 1.634530348188107e-008 1.676472932559881e-008 1.717283283686065e-008 1.756877930541745e-008 1.795957292581005e-008 1.832513853242744e-008 1.867915387440561e-008 1.900827877024921e-008
1.388649212197233e-009 1.871984911040463e-009 2.359638029069802e-009 2.847082779586062e-009 3.337000076156733e-009 3.831727820388871e-009 4.327804968892051e-009 4.82363385014938e-009 5.323197240452725e-009 5.818709613006035e-009 6.314359907982785e-009 6.808159370858613e-009 7.293257688673097e-009 7.770199308067215e-009 8.253903929546079e-009 8.742012595717835e-009 9.235219334725643e-009 9.727656283653909e-009 1.022305387285499e-008 1.071079573320412e-008 1.119433437517268e-008 1.167595901262028e-008 1.215475403306289e-008 1.263067880807707e-008 1.30968495222512e-008 1.35559707643547e-008 1.401046709390967e-008 1.445819839575419e-008 1.489840492750799e-008 1.533290083733097e-008 1.576005008930145e-008 1.617878911483891e-008 1.659517680279088e-008 1.69990163067209e-008 1.739164978662291e-008 1.777739305170272e-008 1.813959274869189e-008 1.848914175826771e-008 1.881388094673775e-008
1.371234137319883e-009 1.851481462209488e-009 2.332438004321321e-009 2.816165803230884e-009 3.302580910038792e-009 3.790789016286875e-009 4.280822629076406e-009 4.772549468415028e-009 5.263114761118223e-009 5.755245902206622e-009 6.243055208082437e-009 6.728971755826618e-009 7.20990785854457e-009 7.687203707112934e-009 8.158546227278732e-009 8.638608993219756e-009 9.131364014826072e-009 9.623728852630652e-009 1.010852978959088e-008 1.059074333701004e-008 1.106912687565375e-008 1.154771160340955e-008 1.202290781074983e-008 1.248988215742597e-008 1.295040003540498e-008 1.340538241169997e-008 1.385763051032397e-008 1.430368581342404e-008 1.474040427049493e-008 1.517095296059404e-008 1.559468187204441e-008 1.601186032163033e-008 1.642413222641338e-008 1.682162990372657e-008 1.72127837406997e-008 1.758710935701513e-008 1.794928838329279e-008 1.829330015081031e-008 1.860716280911926e-008
1.354775641464126e-009 1.829768407288887e-009 2.304961061378993e-009 2.783581289892786e-009 3.264917616362064e-009 3.746903848245607e-009 4.231391211948883e-009 4.717193561403268e-009 5.201476904476884e-009 5.688261796230489e-009 6.169954551358419e-009 6.648601611558185e-009 7.125275789459694e-009 7.597749457183476e-009 8.062311601378283e-009 8.537204350613452e-009 9.024707749060521e-009 9.512457163907175e-009 9.990929470431546e-009 1.04670443509925e-008 1.094015730788887e-008 1.141264341065349e-008 1.188291840990621e-008 1.234384008761716e-008 1.279983156141355e-008 1.325093919851644e-008 1.369834537159575e-008 1.414062702504452e-008 1.457332302421864e-008 1.500057238465737e-008 1.542014681904691e-008 1.583450272292162e-008 1.624114241622116e-008 1.663467814699464e-008 1.702159744491669e-008 1.739121822018058e-008 1.774947272254755e-008 1.808986959451668e-008 1.840014932151174e-008
1.339269186557393e-009 1.807297688759829e-009 2.277763764657148e-009 2.750300600042159e-009 3.224620664013364e-009 3.700547890419981e-009 4.179250373242726e-009 4.657620340834194e-009 5.137352176237544e-009 5.618086197376466e-009 6.093544745575613e-009 6.565393046614924e-009 7.034220798073691e-009 7.502232135430345e-009 7.96535552555532e-009 8.43559559741046e-009 8.915447502636236e-009 9.396271835920685e-009 9.868687023633341e-009 1.033824475461088e-008 1.080530480637154e-008 1.127086279767622e-008 1.173172028074863e-008 1.218858208167381e-008 1.264362977838016e-008 1.309065130287925e-008 1.35323056542065e-008 1.396812550281515e-008 1.439676475571973e-008 1.48229672148878e-008 1.524033728330207e-008 1.56480970842353e-008 1.604964878167294e-008 1.643854139820715e-008 1.682112584467652e-008 1.718840448801555e-008 1.753936477318338e-008 1.788433295105846e-008 1.819558853774148e-008
1.322447152043017e-009 1.783906547713761e-009 2.248346114223403e-009 2.715577289062907e-009 3.183442018376686e-009 3.653119609125904e-009 4.125743409843328e-009 4.597985931298918e-009 5.071656772093821e-009 5.546558952290623e-009 6.015963383463615e-009 6.48169228917855e-009 6.944207512566707e-009 7.406687334039502e-009 7.864807882267648e-009 8.328623364693384e-009 8.801502017625402e-009 9.275976551277079e-009 9.741685372677182e-009 1.020538372640656e-008 1.06670424467689e-008 1.112641786966583e-008 1.158154669794844e-008 1.203321648109794e-008 1.248332887264036e-008 1.292534553089672e-008 1.33618357010604e-008 1.379232966602027e-008 1.421623051159245e-008 1.463724240393467e-008 1.505070597327954e-008 1.545344968440779e-008 1.585039814075175e-008 1.623562665512736e-008 1.661368301704008e-008 1.697670282594719e-008 1.73243600850247e-008 1.766259668095547e-008 1.796864058250806e-008
1.307887358340189e-009 1.763122082044872e-009 2.218733634534236e-009 2.679553617444773e-009 3.141208769528385e-009 3.604751520804789e-009 4.07041650503841e-009 4.538795824941848e-009 5.005252295512406e-009 5.472697839897773e-009 5.938516527965657e-009 6.39840654016393e-009 6.853494476356324e-009 7.310026743036269e-009 7.764619396235211e-009 8.221408594399305e-009 8.682064912656587e-009 9.147460403880839e-009 9.608303861679265e-009 1.006708945739273e-008 1.052561849405282e-008 1.097923940502916e-008 1.14291488947401e-008 1.187760659401523e-008 1.23189293406013e-008 1.275559620653541e-008 1.318701896241004e-008 1.361137446380785e-008 1.403053749550251e-008 1.44430274868596e-008 1.485094263984507e-008 1.525012129966817e-008 1.564038866971667e-008 1.602730852171136e-008 1.639856811578868e-008 1.675641516445591e-008 1.710686979425645e-008 1.74279063801474e-008 1.771795551342745e-008
1.285721816971667e-009 1.73807897113614e-009 2.187063822768239e-009 2.642120096077052e-009 3.097646773365516e-009 3.554692333543128e-009 4.01381710932416e-009 4.476196210293944e-009 4.935784944599915e-009 5.396348708018693e-009 5.85644235429353e-009 6.310167493015466e-009 6.759167362643643e-009 7.20893720940828e-009 7.657907798600938e-009 8.107702799151549e-009 8.56085044929793e-009 9.01820004541508e-009 9.473598014244178e-009 9.926257781429489e-009 1.037922551310176e-008 1.082663027776725e-008 1.12709056234829e-008 1.171309774962522e-008 1.214833611316694e-008 1.257911988827911e-008 1.300490191394413e-008 1.342381832667984e-008 1.383747060080617e-008 1.424454969050867e-008 1.464646849785087e-008 1.504127956443801e-008 1.542714610898034e-008 1.581073712812876e-008 1.617554939903435e-008 1.652874830667414e-008 1.687195330389491e-008 1.718679163424927e-008 1.746864562527999e-008
1.250604043064679e-009 1.711671931569246e-009 2.158074181332048e-009 2.602799103290409e-009 3.051949567663134e-009 3.503551565199788e-009 3.956272615356081e-009 4.409189791981537e-009 4.864042228769032e-009 5.316369360164456e-009 5.768232739305392e-009 6.21677648066393e-009 6.66184507998093e-009 7.103772295687202e-009 7.544958401392665e-009 7.989833358242654e-009 8.438010732029286e-009 8.88699599175283e-009 9.334625278622462e-009 9.783776963723948e-009 1.022822645844426e-008 1.066918543888472e-008 1.110718456291991e-008 1.154037321591087e-008 1.197114249476383e-008 1.239595808391878e-008 1.281499971500881e-008 1.322981130449266e-008 1.3637872993371e-008 1.403991700750691e-008 1.443666216155691e-008 1.482448435448128e-008 1.520997035967552e-008 1.558846079012321e-008 1.594604935235286e-008 1.629523962222214e-008 1.662480540760071e-008 1.693179011016601e-008 1.721141946667728e-008
1.230917896696115e-009 1.686514796819479e-009 2.12629415483636e-009 2.56342631884373e-009 3.005981258062052e-009 3.451031446983869e-009 3.896695842862698e-009 4.341963695104553e-009 4.789806306030085e-009 5.2356612750169e-009 5.680174410207935e-009 6.122426812576076e-009 6.560930408995082e-009 6.995142445222311e-009 7.430044207753943e-009 7.868333637660332e-009 8.309987181975995e-009 8.751853769253124e-009 9.192434617488e-009 9.634958570715305e-009 1.007280947826932e-008 1.050717381650414e-008 1.093856107835417e-008 1.136502764229705e-008 1.1788831767322e-008 1.220787870013402e-008 1.262039624730827e-008 1.302891145556621e-008 1.343193627450191e-008 1.382887483176514e-008 1.422028264182196e-008 1.460220236097273e-008 1.498290191207863e-008 1.535385613004077e-008 1.570602071016825e-008 1.604932325325678e-008 1.637214784831574e-008 1.667235604370085e-008 1.694887775483391e-008
1.222761254987561e-009 1.65813739892993e-009 2.090647433124234e-009 2.525360187704526e-009 2.960570732728703e-009 3.397256415925704e-009 3.835215719889392e-009 4.273697888542419e-009 4.711832620333709e-009 5.152995453156267e-009 5.593198959062416e-009 6.027136286930401e-009 6.455572001213506e-009 6.881995120198007e-009 7.311992033585575e-009 7.743867268135695e-009 8.177090353903691e-009 8.611472450739001e-009 9.047270008663865e-009 9.479535115888725e-009 9.911243501442181e-009 1.034123963318595e-008 1.076513570412003e-008 1.118514350913562e-008 1.160142568252094e-008 1.201261083118296e-008 1.241976400482658e-008 1.282045559965922e-008 1.321715233727044e-008 1.36125745455272e-008 1.399885445622436e-008 1.43750886169534e-008 1.474819013162225e-008 1.510677051185343e-008 1.54559359036415e-008 1.57942309963927e-008 1.610886886212146e-008 1.640439742658415e-008 1.668031279567012e-008
1.212773161627567e-009 1.63274655921973e-009 2.057447129135327e-009 2.485281828393864e-009 2.913443546724672e-009 3.342505643969652e-009 3.773458174311147e-009 4.204217851595237e-009 4.634606450396207e-009 5.068494755736326e-009 5.501982998796879e-009 5.928672899442279e-009 6.349481182204432e-009 6.768310517126967e-009 7.190580496019302e-009 7.614871786349672e-009 8.041921639559986e-009 8.469225391308779e-009 8.897960525666017e-009 9.322854235646966e-009 9.746283791230345e-009 1.016990696348335e-008 1.058723861469684e-008 1.099973399064418e-008 1.140971961959409e-008 1.181422889737771e-008 1.221491261832434e-008 1.260885146871727e-008 1.299849261858922e-008 1.338677860998374e-008 1.37676308589872e-008 1.413775582690834e-008 1.450301835356331e-008 1.485579835826255e-008 1.519822486104393e-008 1.552989780472671e-008 1.583936743785353e-008 1.612949937059044e-008 1.640046628963943e-008
1.187312641242991e-009 1.607152570694791e-009 2.024584028492861e-009 2.444026759040156e-009 2.865258711134429e-009 3.288584338019743e-009 3.712072383611879e-009 4.134489630030117e-009 4.558803379442557e-009 4.982106745868885e-009 5.40564442048222e-009 5.826834520625127e-009 6.243770542145757e-009 6.654011124516066e-009 7.063617023267257e-009 7.479806823712803e-009 7.902934348859989e-009 8.32638458868836e-009 8.745027336232349e-009 9.162582199237126e-009 9.577395193327734e-009 9.990683327221219e-009 1.040325704301478e-008 1.080895077935265e-008 1.121146787713602e-008 1.161228996985412e-008 1.20066146834814e-008 1.239300094168566e-008 1.27747255891247e-008 1.31512108155474e-008 1.352426558075293e-008 1.389214832154129e-008 1.424712448263103e-008 1.459450285147683e-008 1.493376491345611e-008 1.525311093885367e-008 1.555950177076309e-008 1.584837915617975e-008 1.611649205474401e-008
1.16775334077989e-009 1.580195209665925e-009 1.989945844559474e-009 2.401753128243397e-009 2.815279858343261e-009 3.23148205580624e-009 3.647022244193018e-009 4.061698121418783e-009 4.478882135728426e-009 4.893900000618489e-009 5.308511245390501e-009 5.723216079509491e-009 6.133252375541097e-009 6.536617013022991e-009 6.937317210374699e-009 7.346059227283786e-009 7.761527197894528e-009 8.178635225558239e-009 8.589652506237734e-009 8.999719490982075e-009 9.406948618976393e-009 9.812704228681113e-009 1.021758144442803e-008 1.061598992588074e-008 1.101124058724909e-008 1.140463523516146e-008 1.179153067425145e-008 1.21700690328144e-008 1.25444852936722e-008 1.291448931942637e-008 1.327916083572846e-008 1.364019181805543e-008 1.398932747687844e-008 1.432841017680092e-008 1.466135128486879e-008 1.497562439667733e-008 1.527474691242133e-008 1.555769581915547e-008 1.58195954445873e-008
