data/bds_gridfiles/version1/BDSIGSOX-R100-Q12W25S0.grd
DSAA
361 181
-180 180
-90 90
-2.8655196274827E-008 2.8838937424508E-008
[rows 119 to 135 of 181, columns 195 to 233 of 361]
-2.658356524405876e-008 -2.662440045403635e-008 -2.665672335477048e-008 -2.667400497655899e-008 -2.667646463513309e-008 -2.666422793619092e-008 -2.663838868649502e-008 -2.659965277300405e-008 -2.654630173492781e-008 -2.647822762996007e-008 -2.639428973782188e-008 -2.629112126703491e-008 -2.616910684110191e-008 -2.603300051022077e-008 -2.588358294570672e-008 -2.571849067936381e-008 -2.553753085747176e-008 -2.534014863293144e-008 -2.513558055429386e-008 -2.492278398230131e-008 -2.469607531545579e-008 -2.4452721225839e-008 -2.419228942423655e-008 -2.392279321196238e-008 -2.364250887984924e-008 -2.334738071758405e-008 -2.303953308715539e-008 -2.271934271607547e-008 -2.238274613438045e-008 -2.203497746578199e-008 -2.168198897687777e-008 -2.132129848622137e-008 -2.094780809613296e-008 -2.056051635259604e-008 -2.01640132169897e-008 -1.976145573378558e-008 -1.935162191166689e-008 -1.892866486034221e-008 -1.849101466682766e-008
-2.636235347342113e-008 -2.640407487641888e-008 -2.643267812963375e-008 -2.644616948553531e-008 -2.644532617566954e-008 -2.642954399311147e-008 -2.640193790785899e-008 -2.636382600385778e-008 -2.631253932149089e-008 -2.62439937261236e-008 -2.615738369540702e-008 -2.60528912088444e-008 -2.593070813652398e-008 -2.579383492656679e-008 -2.564418524559976e-008 -2.548022609949587e-008 -2.53003994549103e-008 -2.510458531195033e-008 -2.490004368317381e-008 -2.468817458714477e-008 -2.446404567471363e-008 -2.422264451623799e-008 -2.396533650851548e-008 -2.369749202212593e-008 -2.341762476147937e-008 -2.312484373100202e-008 -2.281888803549227e-008 -2.249922107162146e-008 -2.216739825855923e-008 -2.182692262794804e-008 -2.147841112155904e-008 -2.111939147178545e-008 -2.07482058434452e-008 -2.036472107215865e-008 -1.997008751985765e-008 -1.956926952477671e-008 -1.916295688346842e-008 -1.874514398613531e-008 -1.831522143300826e-008
-2.61241208358628e-008 -2.61690198355338e-008 -2.619363788630481e-008 -2.620368866893277e-008 -2.620128878292564e-008 -2.618156929835757e-008 -2.615154920772891e-008 -2.611477040578246e-008 -2.606516510059908e-008 -2.599371723038697e-008 -2.590400022431033e-008 -2.579871958720937e-008 -2.567610312457413e-008 -2.553890117340351e-008 -2.539002029026752e-008 -2.52273317431607e-008 -2.504989258191508e-008 -2.485497060861746e-008 -2.46515959216136e-008 -2.444165076776581e-008 -2.42207311634845e-008 -2.398169229621006e-008 -2.372644686702277e-008 -2.345981869328715e-008 -2.318079205726659e-008 -2.288931383761846e-008 -2.258534109089255e-008 -2.226657460105623e-008 -2.193961575967729e-008 -2.160544693865445e-008 -2.12610900583001e-008 -2.090400537859986e-008 -2.053604506381756e-008 -2.015721081075595e-008 -1.976497098666639e-008 -1.936719179600555e-008 -1.896457752974102e-008 -1.855274002904755e-008 -1.812906222677768e-008
-2.586708956280056e-008 -2.590717037759111e-008 -2.593093549544231e-008 -2.593956957960297e-008 -2.593669294045073e-008 -2.592052503821457e-008 -2.589192716230162e-008 -2.585259842717723e-008 -2.579860703290487e-008 -2.572470077200287e-008 -2.563143710284433e-008 -2.552466819981415e-008 -2.540440050885094e-008 -2.527009122398666e-008 -2.5121203122061e-008 -2.495768413839973e-008 -2.478134020119786e-008 -2.459191578134026e-008 -2.43921966577099e-008 -2.41832563752384e-008 -2.396304475146316e-008 -2.37261773485953e-008 -2.347297457612099e-008 -2.320732890639508e-008 -2.293089236672809e-008 -2.264243694260308e-008 -2.234087116428631e-008 -2.202601634619041e-008 -2.170244266423192e-008 -2.13699416612518e-008 -2.102717676371857e-008 -2.067404325373413e-008 -2.031116705652452e-008 -1.993636088330378e-008 -1.955029390823718e-008 -1.915639483863349e-008 -1.875643504133715e-008 -1.834908725371765e-008 -1.793040393637e-008
-2.559429786155348e-008 -2.56290151397398e-008 -2.565189707655604e-008 -2.565945444695364e-008 -2.565729516621418e-008 -2.564586502648965e-008 -2.561739241639471e-008 -2.55739056845297e-008 -2.551628838005101e-008 -2.543978331090356e-008 -2.534267487647828e-008 -2.52355050315946e-008 -2.511824067286063e-008 -2.498738536567558e-008 -2.483913362560894e-008 -2.467473008701375e-008 -2.450050894369223e-008 -2.431616796912458e-008 -2.411946882403584e-008 -2.391059602068056e-008 -2.369146550732137e-008 -2.345623748832119e-008 -2.320423355369476e-008 -2.294118822595521e-008 -2.266771939267167e-008 -2.238294423261162e-008 -2.208544222079044e-008 -2.177389656594335e-008 -2.145377302961223e-008 -2.112378912373242e-008 -2.078290998665367e-008 -2.043400954709841e-008 -2.007596322115011e-008 -1.970612186027282e-008 -1.9325231229328e-008 -1.893566047484989e-008 -1.853907679170679e-008 -1.813558419781858e-008 -1.772162096577661e-008
-2.531054693650142e-008 -2.534392653196369e-008 -2.536515283278242e-008 -2.53731065679277e-008 -2.537030315799123e-008 -2.535527825437876e-008 -2.532415874775998e-008 -2.527696919571936e-008 -2.52169908133195e-008 -2.513933329802274e-008 -2.504498364297978e-008 -2.493834622476145e-008 -2.482031009386747e-008 -2.468983796086888e-008 -2.454382110695521e-008 -2.438341825798996e-008 -2.421138872450249e-008 -2.402868620673262e-008 -2.383248718315032e-008 -2.362350327446958e-008 -2.34026657752532e-008 -2.31696561604923e-008 -2.29209185467997e-008 -2.266175346736041e-008 -2.239124759693571e-008 -2.210944853228423e-008 -2.181607702938773e-008 -2.150988000960274e-008 -2.119388385467239e-008 -2.086809891564073e-008 -2.053273754785737e-008 -2.018760399648787e-008 -1.983348922519466e-008 -1.946787371968193e-008 -1.909030251017728e-008 -1.870435418395791e-008 -1.831196625237585e-008 -1.791225576150065e-008 -1.750322421958326e-008
-2.501490443148763e-008 -2.504713139921228e-008 -2.506827431704708e-008 -2.507522702619353e-008 -2.507061888625443e-008 -2.505174048120773e-008 -2.501602391884738e-008 -2.496548228431779e-008 -2.490371206840523e-008 -2.482750528235228e-008 -2.47358736381782e-008 -2.462988676491806e-008 -2.451141249682284e-008 -2.438043322362007e-008 -2.423681252346336e-008 -2.407938713553128e-008 -2.390993586361531e-008 -2.372853905190102e-008 -2.353359828130494e-008 -2.332360487148824e-008 -2.310242691769746e-008 -2.287125728370147e-008 -2.262669458488379e-008 -2.237123164887562e-008 -2.210435635212847e-008 -2.182553454158938e-008 -2.153595096910547e-008 -2.123435993677967e-008 -2.092243220797874e-008 -2.060097903070878e-008 -2.027079442919161e-008 -1.99296569430585e-008 -1.957997187168419e-008 -1.921928902791553e-008 -1.884524526632707e-008 -1.846431854086137e-008 -1.807738454386962e-008 -1.76819994445808e-008 -1.727789330995568e-008
-2.470603790195925e-008 -2.47367639177134e-008 -2.475675377793747e-008 -2.47625928890405e-008 -2.475471375599525e-008 -2.473216763397964e-008 -2.469600975969809e-008 -2.464691298898871e-008 -2.458416883141292e-008 -2.4506620630576e-008 -2.441521335440693e-008 -2.431014911129726e-008 -2.419157837078131e-008 -2.406083728956996e-008 -2.391739423372399e-008 -2.376158658526118e-008 -2.359410038796136e-008 -2.341480031598547e-008 -2.322182969622736e-008 -2.30148144734634e-008 -2.279548028784364e-008 -2.256590011706359e-008 -2.232479208378196e-008 -2.207319860900215e-008 -2.180938836596919e-008 -2.153370176528385e-008 -2.124685395854493e-008 -2.094764471482249e-008 -2.063801668389803e-008 -2.032019261964071e-008 -1.999404029475062e-008 -1.965711421807044e-008 -1.931267758382831e-008 -1.895672728789926e-008 -1.85907590304928e-008 -1.821689924873631e-008 -1.783640440877717e-008 -1.744625702392846e-008 -1.704773538085605e-008
-2.438418425280755e-008 -2.441224446322817e-008 -2.443173112325073e-008 -2.443564538980674e-008 -2.442476333251401e-008 -2.439936873846906e-008 -2.436386204205533e-008 -2.431634063123211e-008 -2.425308407412195e-008 -2.417411136065534e-008 -2.408222816441704e-008 -2.3977528871209e-008 -2.385918792851965e-008 -2.372829576450372e-008 -2.358407169270646e-008 -2.342958215818172e-008 -2.326357537187197e-008 -2.308655731827716e-008 -2.289690009947237e-008 -2.269334760471843e-008 -2.247651433354781e-008 -2.224967700480535e-008 -2.201160710261877e-008 -2.176390148607131e-008 -2.150375289948033e-008 -2.123113940848155e-008 -2.09474225448459e-008 -2.065061532068848e-008 -2.034347270782157e-008 -2.002987110257007e-008 -1.970733397879995e-008 -1.937524524130256e-008 -1.9035506752445e-008 -1.868538693405192e-008 -1.832627907217871e-008 -1.795960543233357e-008 -1.758524894559876e-008 -1.720081653462252e-008 -1.680758870812452e-008
-2.40503442303014e-008 -2.407379834863446e-008 -2.409093417159644e-008 -2.409467666255464e-008 -2.408325453649598e-008 -2.40575588249515e-008 -2.402044572036247e-008 -2.397045227540742e-008 -2.390594449437235e-008 -2.382658593256743e-008 -2.373538904837482e-008 -2.363073302072053e-008 -2.351232622194129e-008 -2.33804097816816e-008 -2.323488122303292e-008 -2.308192773299505e-008 -2.291814782369526e-008 -2.274248492698641e-008 -2.255680531046253e-008 -2.235655897037536e-008 -2.214372919069103e-008 -2.191925920683959e-008 -2.168366131114884e-008 -2.143983493101609e-008 -2.118469125838935e-008 -2.091682491354012e-008 -2.063638083157997e-008 -2.034335173159081e-008 -2.004175930275729e-008 -1.973218418168846e-008 -1.941476136297286e-008 -1.908763153026909e-008 -1.875196807879746e-008 -1.840717593608933e-008 -1.805312795620789e-008 -1.769036303627041e-008 -1.732072337160552e-008 -1.694299512397338e-008 -1.655523591037495e-008
-2.370352680174108e-008 -2.37229027785999e-008 -2.373654802620791e-008 -2.374085818916569e-008 -2.372879391326001e-008 -2.370247553532979e-008 -2.366358597706275e-008 -2.361108973609729e-008 -2.354437373277843e-008 -2.346572448620352e-008 -2.337506526646542e-008 -2.327099973136488e-008 -2.315370418603772e-008 -2.30206384981741e-008 -2.287534283782732e-008 -2.272312627391558e-008 -2.2561505025587e-008 -2.238789664142471e-008 -2.220404977040462e-008 -2.200794870036516e-008 -2.179867894886053e-008 -2.157615796377904e-008 -2.134406617674593e-008 -2.110365122946261e-008 -2.085391111231378e-008 -2.059086969465301e-008 -2.031474645472341e-008 -2.002608209721575e-008 -1.973007337596538e-008 -1.942496304741353e-008 -1.911289869680489e-008 -1.879069556959947e-008 -1.845985143037635e-008 -1.81202756201771e-008 -1.777050754123094e-008 -1.741199080399537e-008 -1.70470544343419e-008 -1.667532519421438e-008 -1.629393001904715e-008
-2.334693941832625e-008 -2.336325424828701e-008 -2.337258359605107e-008 -2.337265936287082e-008 -2.33599543583299e-008 -2.33320800941644e-008 -2.329202983303173e-008 -2.323745226964818e-008 -2.316988718450057e-008 -2.309281674076627e-008 -2.300301648914818e-008 -2.29004568780673e-008 -2.278427544709065e-008 -2.265379226961345e-008 -2.251118664800931e-008 -2.23590792059255e-008 -2.219821733288808e-008 -2.202617419162849e-008 -2.184354548708934e-008 -2.164919516379825e-008 -2.14424318524361e-008 -2.122234210625608e-008 -2.099432148503171e-008 -2.075819673056166e-008 -2.051218474243198e-008 -2.025387333330635e-008 -1.998228657359609e-008 -1.969945636990919e-008 -1.940763863248956e-008 -1.910601600045307e-008 -1.879759422508838e-008 -1.848207258956731e-008 -1.815773116439836e-008 -1.782343740208145e-008 -1.747884328873516e-008 -1.712577628600281e-008 -1.676617418771241e-008 -1.639958558690641e-008 -1.602400985699924e-008
-2.297820912930972e-008 -2.299214456917401e-008 -2.299769053485e-008 -2.299329614715473e-008 -2.297778968514463e-008 -2.29496909064791e-008 -2.290895309138986e-008 -2.285340318871293e-008 -2.278551884975575e-008 -2.270809000354093e-008 -2.262036400939469e-008 -2.2518877592633e-008 -2.240429303623605e-008 -2.22765589192891e-008 -2.213695656029019e-008 -2.198516504014086e-008 -2.182546051596193e-008 -2.16548843316535e-008 -2.147351000663931e-008 -2.128116932822693e-008 -2.107655651001917e-008 -2.085945390818693e-008 -2.063511295567745e-008 -2.040352493602648e-008 -2.016137875287546e-008 -1.990684554006171e-008 -1.963983304988654e-008 -1.93631703476707e-008 -1.907674465883583e-008 -1.877894834053092e-008 -1.847467152711536e-008 -1.816555694377753e-008 -1.784751940771428e-008 -1.751872547425305e-008 -1.717925408809926e-008 -1.683170522391526e-008 -1.647788803473994e-008 -1.611695391345535e-008 -1.574733065718527e-008
-2.259548184205177e-008 -2.26073291072389e-008 -2.261050085535711e-008 -2.260360778135132e-008 -2.258596661196188e-008 -2.255833105758013e-008 -2.251806177618321e-008 -2.246373417156597e-008 -2.239479932100119e-008 -2.231543484465994e-008 -2.222626809514963e-008 -2.212633482548343e-008 -2.201295832793398e-008 -2.18867823364337e-008 -2.174814088282315e-008 -2.159748672697121e-008 -2.143938116456619e-008 -2.127173719970023e-008 -2.109338060633102e-008 -2.090372613323807e-008 -2.070206467212799e-008 -2.04901599859148e-008 -2.026941293094653e-008 -2.004087386599501e-008 -1.980187621719427e-008 -1.955111818966223e-008 -1.928848143001266e-008 -1.90174100335973e-008 -1.873733847397277e-008 -1.84480470099732e-008 -1.81497628783447e-008 -1.784401959190524e-008 -1.753020951323155e-008 -1.720646545068069e-008 -1.687236849843965e-008 -1.653072720010865e-008 -1.618267493417838e-008 -1.582792190661522e-008 -1.546488328196741e-008
-2.220066580571451e-008 -2.22109462317137e-008 -2.221320657270485e-008 -2.220493209397299e-008 -2.218554111209865e-008 -2.215680792994261e-008 -2.211816477333779e-008 -2.206453616356696e-008 -2.199495203099753e-008 -2.191309585256547e-008 -2.182270667523041e-008 -2.172343938643041e-008 -2.161108140555986e-008 -2.1485491499383e-008 -2.134634986685712e-008 -2.119811034754671e-008 -2.104252121392853e-008 -2.087832122595981e-008 -2.070321223883436e-008 -2.051646111606784e-008 -2.031827644844823e-008 -2.011098733904554e-008 -1.989377875166696e-008 -1.966830901505454e-008 -1.943325934066915e-008 -1.918629451575139e-008 -1.892835293919654e-008 -1.866264477355545e-008 -1.838862833205913e-008 -1.81070611908601e-008 -1.781530156800137e-008 -1.751347978391887e-008 -1.720429158239459e-008 -1.688602271471312e-008 -1.655724132012023e-008 -1.622184831057942e-008 -1.587959542493931e-008 -1.55307798588371e-008 -1.517485931348965e-008
-2.179706007346388e-008 -2.1807190341693e-008 -2.18086088584654e-008 -2.179896934931967e-008 -2.17777178006506e-008 -2.174754424470274e-008 -2.17061168152261e-008 -2.165153237547735e-008 -2.158206317561076e-008 -2.150169998451325e-008 -2.141165192111456e-008 -2.131193171602134e-008 -2.119895179987993e-008 -2.107234856375561e-008 -2.093342029675033e-008 -2.078917424998377e-008 -2.063680212430712e-008 -2.0474975400054e-008 -2.030299281063253e-008 -2.011889068566273e-008 -1.99238413044641e-008 -1.972018838051129e-008 -1.950614015739587e-008 -1.92837945081921e-008 -1.905371208955716e-008 -1.881173059028637e-008 -1.855992705306633e-008 -1.829918993533876e-008 -1.802909961331745e-008 -1.775202718641374e-008 -1.746708566180641e-008 -1.717138034483398e-008 -1.686785855882125e-008 -1.655557102018559e-008 -1.623353731333542e-008 -1.590468771395704e-008 -1.556809179817487e-008 -1.522406393968252e-008 -1.487444956833695e-008
-2.138275308959491e-008 -2.139311338303608e-008 -2.139370567606394e-008 -2.138223333823282e-008 -2.135955630917843e-008 -2.132700518847974e-008 -2.128266634360655e-008 -2.12263926758789e-008 -2.115760468323795e-008 -2.107908263341494e-008 -2.09904558383856e-008 -2.089048351391722e-008 -2.077684480565372e-008 -2.064861786054593e-008 -2.051270669320121e-008 -2.037146368381132e-008 -2.022298177989316e-008 -2.006370961558845e-008 -1.989415163692654e-008 -1.971276527016456e-008 -1.952099731597299e-008 -1.931991811501826e-008 -1.910955972179603e-008 -1.88914080827352e-008 -1.866580492123948e-008 -1.842989917883816e-008 -1.818380905763093e-008 -1.792774187003971e-008 -1.766227226370925e-008 -1.739006618044942e-008 -1.711097591753256e-008 -1.682181694508321e-008 -1.65241561813975e-008 -1.621813840526692e-008 -1.590338221922248e-008 -1.558152966601414e-008 -1.525106871279527e-008 -1.491268160504685e-008 -1.456913512974002e-008
