data/bds_gridfiles/version1/BDSIGSOX-R100-Q12W25S0.grd
DSAA
361 181
-180 180
-90 90
-2.8655196274827E-008 2.8838937424508E-008
[rows 102 to 118 of 181, columns 234 to 272 of 361]
-1.963625918083174e-008 -1.914610658417565e-008 -1.863417641054976e-008 -1.810390218776143e-008 -1.756405420361289e-008 -1.701783158822805e-008 -1.647135545296629e-008 -1.592824755440543e-008 -1.538935398604998e-008 -1.485065272966806e-008 -1.430784995855959e-008 -1.376153443894558e-008 -1.32154043052381e-008 -1.266757432144291e-008 -1.210851582484327e-008 -1.153907701367695e-008 -1.096537521194523e-008 -1.038829031763959e-008 -9.810793212002223e-009 -9.231150074225542e-009 -8.650916329161833e-009 -8.072906889938283e-009 -7.499702425604162e-009 -6.931715876026191e-009 -6.366966430247472e-009 -5.80305606890079e-009 -5.243374386634559e-009 -4.690878967666142e-009 -4.146096240461946e-009 -3.61355472624035e-009 -3.091153144849932e-009 -2.572972754914095e-009 -2.060068196793707e-009 -1.546490920830627e-009 -1.032147001223087e-009 -5.167664095217833e-010 -5.036121414818284e-013 5.157034458310524e-010 1.032058084300307e-009
-1.960830552269291e-008 -1.911830189320596e-008 -1.860987025445923e-008 -1.808551293919519e-008 -1.755125969115622e-008 -1.700995899729882e-008 -1.646364370817683e-008 -1.591723539566659e-008 -1.537783954566755e-008 -1.483847514283974e-008 -1.429409738914202e-008 -1.374704785851032e-008 -1.320208264071857e-008 -1.265855471937112e-008 -1.210089985012267e-008 -1.153240406740837e-008 -1.096063703198495e-008 -1.03807070675325e-008 -9.802162835436859e-009 -9.225481336687463e-009 -8.64870792128808e-009 -8.071289971196115e-009 -7.498669733951e-009 -6.932294899795477e-009 -6.368806283807968e-009 -5.805574813377232e-009 -5.245206222164897e-009 -4.692101357590031e-009 -4.145422876002639e-009 -3.61192238803008e-009 -3.090769745200428e-009 -2.57293870573372e-009 -2.059521793087387e-009 -1.545505965493623e-009 -1.031608683171711e-009 -5.167914291606013e-010 -1.376555825198028e-012 5.144603806176626e-010 1.031083158592915e-009
-1.957959344349622e-008 -1.909022946808978e-008 -1.858383331626156e-008 -1.806250805031001e-008 -1.753118050364427e-008 -1.699072497738947e-008 -1.644751770281032e-008 -1.590384053039638e-008 -1.53637230018379e-008 -1.482056928961328e-008 -1.427480575274671e-008 -1.372951464327905e-008 -1.318565475399079e-008 -1.263714152624456e-008 -1.20794145836484e-008 -1.151474206724641e-008 -1.09456742809401e-008 -1.037140730071908e-008 -9.792923977454795e-009 -9.215740477718742e-009 -8.639088193585537e-009 -8.0642548309478e-009 -7.493644159834568e-009 -6.927614888157996e-009 -6.364866014879287e-009 -5.80358582735247e-009 -5.245421408845285e-009 -4.692391605717706e-009 -4.146739598321342e-009 -3.61108137678846e-009 -3.087137761678124e-009 -2.572798580771533e-009 -2.059228378786066e-009 -1.545673451372614e-009 -1.031620622565672e-009 -5.171650267599065e-010 -2.121837473761506e-012 5.138539798280114e-010 1.030049873868994e-009
-1.954308955611821e-008 -1.905398377910296e-008 -1.854919664288341e-008 -1.802914594620061e-008 -1.749992143987745e-008 -1.696078618026992e-008 -1.641951037743085e-008 -1.587824804289829e-008 -1.533855749458675e-008 -1.479419716193857e-008 -1.424818987278997e-008 -1.37044094333663e-008 -1.316096712092469e-008 -1.261071655620681e-008 -1.205270624234314e-008 -1.149069090754531e-008 -1.092514919025811e-008 -1.035482205845537e-008 -9.778152028843952e-009 -9.201992210470839e-009 -8.625696934667871e-009 -8.052314587262568e-009 -7.483318215425741e-009 -6.918640665269412e-009 -6.357165150626102e-009 -5.797724466499342e-009 -5.241881411400117e-009 -4.689593423397804e-009 -4.144922820708029e-009 -3.607950467650564e-009 -3.082991521491288e-009 -2.570564425121221e-009 -2.057147479236641e-009 -1.544139512110751e-009 -1.0301951950247e-009 -5.160599389383778e-010 -1.916621364589641e-012 5.131244890861039e-010 1.028168194413001e-009
-1.949301696452256e-008 -1.900880951925039e-008 -1.850573510506577e-008 -1.798352322280881e-008 -1.745387634872373e-008 -1.691728673842272e-008 -1.637784341956896e-008 -1.583724209937179e-008 -1.529570001687888e-008 -1.475536525998306e-008 -1.42139162421614e-008 -1.367150567065155e-008 -1.312771250805e-008 -1.257896383605558e-008 -1.202530986358084e-008 -1.146481017820076e-008 -1.089778875648076e-008 -1.0329254024244e-008 -9.758768163521979e-009 -9.18536898882577e-009 -8.607836096714148e-009 -8.034373782240667e-009 -7.468013209531389e-009 -6.905788200654598e-009 -6.346024581484793e-009 -5.788953857778419e-009 -5.234279560799126e-009 -4.682433084894016e-009 -4.138224991009917e-009 -3.601323742558304e-009 -3.076940617372442e-009 -2.565698960649328e-009 -2.053817216803391e-009 -1.540900157102959e-009 -1.027190830737435e-009 -5.133458165662931e-010 3.215581818749278e-013 5.123673630346252e-010 1.024426862690004e-009
-1.943328763387556e-008 -1.895356854242466e-008 -1.845234844345685e-008 -1.792822638543924e-008 -1.740073799444133e-008 -1.68661809919341e-008 -1.632972263691632e-008 -1.578975711242655e-008 -1.524855511033071e-008 -1.471100152168503e-008 -1.417215542749284e-008 -1.36296940650564e-008 -1.308757409502857e-008 -1.254083390956743e-008 -1.199084594812466e-008 -1.143274909295389e-008 -1.08658190290282e-008 -1.02993482419559e-008 -9.732706864067155e-009 -9.16220347137161e-009 -8.58479610474596e-009 -8.013206175402587e-009 -7.449016184295234e-009 -6.889156466078467e-009 -6.331013754277911e-009 -5.776640495855821e-009 -5.224513266399959e-009 -4.673620556715525e-009 -4.131097859267329e-009 -3.594455580902295e-009 -3.070106913078749e-009 -2.559765656293564e-009 -2.048338250300864e-009 -1.535891785253969e-009 -1.023512143239624e-009 -5.105717238584643e-010 1.619141238274983e-012 5.117902344380723e-010 1.021260191557349e-009
-1.936902523161001e-008 -1.888675363886048e-008 -1.838662495746646e-008 -1.786842650349413e-008 -1.734224732497361e-008 -1.681088097811957e-008 -1.62769135374259e-008 -1.574080049744529e-008 -1.520393096553696e-008 -1.466371686922545e-008 -1.412038246851539e-008 -1.357881383142923e-008 -1.303932625090923e-008 -1.249526983730745e-008 -1.194730971421114e-008 -1.13922692556906e-008 -1.083163436377e-008 -1.026782092269084e-008 -9.699564580255552e-009 -9.127681835757405e-009 -8.557333745528164e-009 -7.989874437319362e-009 -7.426736819833358e-009 -6.866955807156502e-009 -6.311674221373277e-009 -5.761628963165391e-009 -5.212906329978732e-009 -4.664910458347814e-009 -4.123691268157837e-009 -3.588725586630114e-009 -3.064758453852535e-009 -2.550383135615311e-009 -2.040010657579475e-009 -1.529527266983085e-009 -1.019196102823284e-009 -5.084224044601892e-010 2.353406815342373e-012 5.114807565745476e-010 1.019287372849494e-009
-1.929421894473229e-008 -1.881141331789148e-008 -1.831413482940386e-008 -1.779992075901068e-008 -1.727717229196991e-008 -1.674950430681727e-008 -1.621745939272305e-008 -1.568377226136502e-008 -1.515027623343585e-008 -1.461033354296383e-008 -1.406470054544756e-008 -1.352473552427103e-008 -1.298793369561161e-008 -1.244574437510929e-008 -1.19000033974535e-008 -1.134784957150701e-008 -1.079126988148418e-008 -1.023007052540415e-008 -9.662729434749323e-009 -9.092388228363215e-009 -8.527109639684727e-009 -7.963461746626126e-009 -7.40245150523811e-009 -6.843952307320068e-009 -6.291113851678129e-009 -5.744052236291034e-009 -5.197061050614232e-009 -4.650973809379899e-009 -4.112282283956428e-009 -3.579431222377114e-009 -3.05624389236991e-009 -2.541440500120832e-009 -2.031858790502164e-009 -1.522894786522905e-009 -1.015047200832883e-009 -5.069546775328973e-010 1.895725383553233e-012 5.094894764362473e-010 1.015639458702539e-009
-1.920844916072201e-008 -1.872771476941652e-008 -1.823324387687144e-008 -1.772511580744969e-008 -1.720674592774319e-008 -1.668098421297853e-008 -1.614816250724518e-008 -1.561566734707391e-008 -1.508244230095344e-008 -1.454582179591526e-008 -1.400785241765553e-008 -1.347125632119136e-008 -1.293414782283093e-008 -1.239490773473464e-008 -1.185023002885636e-008 -1.13005762001601e-008 -1.074562350992743e-008 -1.018506627032602e-008 -9.622249590361702e-009 -9.058315272891541e-009 -8.496361182817e-009 -7.933866189614511e-009 -7.375286256668103e-009 -6.821773603119481e-009 -6.273194176810666e-009 -5.72390304774977e-009 -5.174841993363562e-009 -4.631553888826439e-009 -4.093965124241897e-009 -3.564941652255553e-009 -3.045387798420075e-009 -2.532192584174629e-009 -2.023539144401288e-009 -1.516574820284566e-009 -1.011111285939669e-009 -5.061415784963919e-010 -5.5620867421167e-013 5.045687265737411e-010 1.010676781770621e-009
-1.911426763759868e-008 -1.863552800148708e-008 -1.814439698269768e-008 -1.764136097875987e-008 -1.712724450148362e-008 -1.660475842118053e-008 -1.607137282395944e-008 -1.554068254928622e-008 -1.500914651537244e-008 -1.447629243934907e-008 -1.394357092919491e-008 -1.341012280568209e-008 -1.287443483297427e-008 -1.233719935740906e-008 -1.179418712254595e-008 -1.124634943672425e-008 -1.069366623160159e-008 -1.013515576533532e-008 -9.577100418353567e-009 -9.018181730700206e-009 -8.459858479049643e-009 -7.899862018098527e-009 -7.343643125355064e-009 -6.794005249843631e-009 -6.248555880803286e-009 -5.700206305863342e-009 -5.151013699333329e-009 -4.610755568583533e-009 -4.07561441434416e-009 -3.549648744852558e-009 -3.03339216767267e-009 -2.521612182431596e-009 -2.013820235734987e-009 -1.508938248676283e-009 -1.005536722232194e-009 -5.040540005509995e-010 -1.766840670522601e-012 5.009902217830672e-010 1.005451272146774e-009
-1.901293215626776e-008 -1.853580228537585e-008 -1.804729115424378e-008 -1.754831445976493e-008 -1.703827600417813e-008 -1.651876526232061e-008 -1.598989121983238e-008 -1.546130190015735e-008 -1.493230420648587e-008 -1.440266384434374e-008 -1.38709046161877e-008 -1.333825025993515e-008 -1.280588398200726e-008 -1.22709212472185e-008 -1.173031844520088e-008 -1.118415990828114e-008 -1.063419260287725e-008 -1.008047321009375e-008 -9.52604028665541e-009 -8.971200174795612e-009 -8.415977986474254e-009 -7.860063424923811e-009 -7.30641604007644e-009 -6.759226984656251e-009 -6.215456824748618e-009 -5.671211308206192e-009 -5.127126264529128e-009 -4.589578308342221e-009 -4.058323303665609e-009 -3.53570752822833e-009 -3.019780534734428e-009 -2.509214782992102e-009 -2.002319071610368e-009 -1.498531683270776e-009 -9.978191182955362e-010 -5.003821011642679e-010 -1.39111942187137e-012 4.986576344205318e-010 1.000752098896423e-009
-1.890368488994721e-008 -1.842818721651007e-008 -1.794188374499636e-008 -1.744671243290146e-008 -1.694019778140632e-008 -1.642425671136232e-008 -1.589862670986912e-008 -1.537461623359426e-008 -1.484896919853558e-008 -1.432188123710384e-008 -1.379135426443824e-008 -1.326119077495216e-008 -1.273237797964756e-008 -1.22000277091244e-008 -1.166181120869461e-008 -1.111790267682955e-008 -1.057214511355836e-008 -1.002259816807117e-008 -9.471457398010764e-009 -8.919715249714948e-009 -8.368613546268053e-009 -7.816052469282331e-009 -7.265684591177507e-009 -6.721324965301429e-009 -6.180781517061016e-009 -5.640829123821618e-009 -5.100862217425573e-009 -4.566859916051024e-009 -4.038741292128089e-009 -3.518970480956307e-009 -3.005648103248864e-009 -2.496745633127854e-009 -1.991421531133902e-009 -1.489242830869595e-009 -9.910040480977704e-010 -4.971116056133977e-010 -1.199298182916742e-012 4.956515476291906e-010 9.947127065293086e-010
-1.87856707243556e-008 -1.831239751580847e-008 -1.782982470905602e-008 -1.733753967653167e-008 -1.6833874945537e-008 -1.631819940990135e-008 -1.579796308781866e-008 -1.527846867720189e-008 -1.475762812705545e-008 -1.423262552172979e-008 -1.370514550604483e-008 -1.317977374797559e-008 -1.265648371059369e-008 -1.212717610521336e-008 -1.158996401536744e-008 -1.104961307739776e-008 -1.050800246204931e-008 -9.963981375544509e-009 -9.415239496203615e-009 -8.864322801048178e-009 -8.315930372766045e-009 -7.768329380879078e-009 -7.223440730093275e-009 -6.682269524946615e-009 -6.144568445608894e-009 -5.608538682593627e-009 -5.074236024052172e-009 -4.542682830555211e-009 -4.015400157329271e-009 -3.498106934937049e-009 -2.990787311864275e-009 -2.486010003467343e-009 -1.981511619401534e-009 -1.481086324409035e-009 -9.85790913798965e-010 -4.945239704734333e-010 -1.878146453546306e-012 4.913803869305922e-010 9.869914087390504e-010
-1.86593318373012e-008 -1.818774606216396e-008 -1.770850404617366e-008 -1.721913689136008e-008 -1.671867825983276e-008 -1.620369338022996e-008 -1.568898541146026e-008 -1.51743942213638e-008 -1.465885336465611e-008 -1.413783597558892e-008 -1.36131166067232e-008 -1.309175619696373e-008 -1.25732915476821e-008 -1.204654377449453e-008 -1.151118779191145e-008 -1.097490548647357e-008 -1.043821654347724e-008 -9.899001963448284e-009 -9.354461941623448e-009 -8.805692883009306e-009 -8.261626627642687e-009 -7.718584243372876e-009 -7.178190676518112e-009 -6.64085570999063e-009 -6.105926525475437e-009 -5.57359797849885e-009 -5.043545178305986e-009 -4.515618784286569e-009 -3.990234860813588e-009 -3.476027757131615e-009 -2.973228561761387e-009 -2.471978161032577e-009 -1.970090808175528e-009 -1.471794047402175e-009 -9.792440464211388e-010 -4.912677278548983e-010 -1.852200285757843e-012 4.877877293825511e-010 9.79848127978158e-010
-1.852403602533833e-008 -1.805633402436982e-008 -1.757893802950736e-008 -1.70903940225281e-008 -1.659187368882755e-008 -1.608254732457565e-008 -1.557136055196033e-008 -1.506225035218871e-008 -1.45520278246549e-008 -1.403672450846593e-008 -1.351799655520586e-008 -1.299913711257668e-008 -1.247849506137095e-008 -1.195297032197725e-008 -1.142480183461821e-008 -1.089362835883959e-008 -1.036094063828607e-008 -9.8256982271695e-009 -9.28718306751398e-009 -8.74596940325203e-009 -8.206255153973884e-009 -7.66710875873574e-009 -7.130715132905953e-009 -6.596644896384003e-009 -6.064898121066888e-009 -5.535695914322161e-009 -5.007988035175798e-009 -4.483927623920436e-009 -3.964582939702348e-009 -3.453837455350535e-009 -2.951518517330404e-009 -2.453655815334315e-009 -1.956410528549318e-009 -1.461196630197449e-009 -9.70906453191785e-010 -4.859487633261255e-010 -9.617151070744972e-013 4.849711156253637e-010 9.733809673484837e-010
-1.837662912591447e-008 -1.791318933011626e-008 -1.743977321921774e-008 -1.695346705569925e-008 -1.646044471893523e-008 -1.595660604274625e-008 -1.544898799838644e-008 -1.494469183603219e-008 -1.443931905711996e-008 -1.392822508772247e-008 -1.341442334880184e-008 -1.289881971954872e-008 -1.237876383611038e-008 -1.185667089763709e-008 -1.133414280950009e-008 -1.080742669389701e-008 -1.027798499912476e-008 -9.747485935635074e-009 -9.215450851538932e-009 -8.680870163571345e-009 -8.145511796840566e-009 -7.610960960570895e-009 -7.078159853602769e-009 -6.54760305728959e-009 -6.019792373197539e-009 -5.495352068364998e-009 -4.971357523101595e-009 -4.451439591040061e-009 -3.93652696117866e-009 -3.429394918249996e-009 -2.929516862494606e-009 -2.434922005106473e-009 -1.941437044511247e-009 -1.449650949290241e-009 -9.625305099722535e-010 -4.803602945773056e-010 -2.144837730362244e-013 4.811890810202524e-010 9.658315931487143e-010
-1.821441210695548e-008 -1.775731097165134e-008 -1.72891007923326e-008 -1.681144710643337e-008 -1.632490755853176e-008 -1.582919722374204e-008 -1.532564475000394e-008 -1.482370485935282e-008 -1.43188358282135e-008 -1.381096933563686e-008 -1.330154926709434e-008 -1.278977768602982e-008 -1.227588285364292e-008 -1.176050225373023e-008 -1.124220802041891e-008 -1.071697855137165e-008 -1.018943312721551e-008 -9.664245909985247e-009 -9.139467501957824e-009 -8.611124068615118e-009 -8.079424041009974e-009 -7.548692316572206e-009 -7.01962847377895e-009 -6.492399191069126e-009 -5.970622721229922e-009 -5.452581394944246e-009 -4.935178940193593e-009 -4.41772949155385e-009 -3.906425631189678e-009 -3.403226038971998e-009 -2.907643063581941e-009 -2.415278029872381e-009 -1.925264444015653e-009 -1.437969765510509e-009 -9.541119212886548e-010 -4.744078665296973e-010 1.01588667246714e-012 4.755962343753665e-010 9.559238684202739e-010
