data/bds_gridfiles/version1/BDSIGSOY-R100-Q42W11S0.grd
DSAA
361 181
-180 180
-90 90
-3.3601394534658E-008 3.3603801204222E-008
[rows 85 to 101 of 181, columns 39 to 77 of 361]
2.273035543716204e-008 2.325054396204537e-008 2.377030955533191e-008 2.429533959109149e-008 2.4808752052254e-008 2.530385721195952e-008 2.579433722564726e-008 2.62889449445537e-008 2.676976157161339e-008 2.722654450849079e-008 2.766478668310793e-008 2.809425461529706e-008 2.851112924402752e-008 2.891461279815684e-008 2.929847725188948e-008 2.964670788386688e-008 2.996944295464097e-008 3.026299816529567e-008 3.053427978208467e-008 3.079768556480424e-008 3.104581341130276e-008 3.131338041697844e-008 3.159893830063512e-008 3.187347833839626e-008 3.214655355518654e-008 3.238753275418523e-008 3.260542965415734e-008 3.278038972527358e-008 3.291042537745036e-008 3.301719420182703e-008 3.309941958133915e-008 3.315593407904758e-008 3.318300714808081e-008 3.319510876118013e-008 3.318134463756201e-008 3.315903159868369e-008 3.313574005583617e-008 3.310237162390993e-008 3.306217429008391e-008
2.267457845042126e-008 2.319413857621666e-008 2.371136308385193e-008 2.423982961085167e-008 2.475082160726215e-008 2.523782854154098e-008 2.572674943221185e-008 2.62255470510814e-008 2.670496204392701e-008 2.716205592761638e-008 2.760374932630377e-008 2.803137148506051e-008 2.844624710100819e-008 2.885121216897251e-008 2.923921047757083e-008 2.958435504774993e-008 2.990609812004318e-008 3.019292488422172e-008 3.04574724858319e-008 3.071580618426761e-008 3.096224474366961e-008 3.122783489340513e-008 3.151644813241015e-008 3.178707772613056e-008 3.206702875960505e-008 3.230509171423084e-008 3.252957910547751e-008 3.270389615899939e-008 3.283212395852292e-008 3.294052779113015e-008 3.302160978919558e-008 3.307670131602457e-008 3.309272613869238e-008 3.310120445989905e-008 3.308000099652134e-008 3.305812167412527e-008 3.30331814135162e-008 3.299976478068619e-008 3.295839913533648e-008
2.260900597830177e-008 2.3125066185038e-008 2.363843428389291e-008 2.415638157379353e-008 2.466627440224713e-008 2.516032082437166e-008 2.564856189563614e-008 2.614001647841842e-008 2.66284503002259e-008 2.708529449221895e-008 2.752119778985367e-008 2.794515907412589e-008 2.83611965962205e-008 2.875923069797602e-008 2.915138644490443e-008 2.949700774342312e-008 2.980614241140206e-008 3.008861316772246e-008 3.035096948184952e-008 3.060071423757583e-008 3.083881936388355e-008 3.108811238542151e-008 3.139444948658991e-008 3.167608094184521e-008 3.195856516291129e-008 3.220559871557183e-008 3.242668854116524e-008 3.260500900957308e-008 3.273838812975676e-008 3.284049513873665e-008 3.291678440778044e-008 3.296390142294207e-008 3.298527626952818e-008 3.298389098086041e-008 3.29663484022773e-008 3.293412942419322e-008 3.29040708465221e-008 3.286727569414068e-008 3.282341365081976e-008
2.254676572378985e-008 2.305219930431831e-008 2.356791081008192e-008 2.407234425084822e-008 2.459070134568607e-008 2.508059245853161e-008 2.55712589142627e-008 2.605600160063763e-008 2.655859984951653e-008 2.701112725068057e-008 2.743996582946424e-008 2.786266066420655e-008 2.827696297465833e-008 2.867188643369609e-008 2.90681531593892e-008 2.941676043475692e-008 2.970735789085081e-008 2.999830005433697e-008 3.024490952798275e-008 3.050632584736174e-008 3.071602894647661e-008 3.09726345284884e-008 3.127775483122771e-008 3.157797454215308e-008 3.185083368140018e-008 3.211502694559082e-008 3.232306862316219e-008 3.251711572178039e-008 3.263427062480023e-008 3.2747848579124e-008 3.280509565136702e-008 3.286521863980712e-008 3.287113223511698e-008 3.28804078558612e-008 3.284871123717176e-008 3.282284244999346e-008 3.277733355068593e-008 3.275055470832112e-008 3.269495747950492e-008
2.24537393394122e-008 2.293980917687239e-008 2.346746204738592e-008 2.395087579346518e-008 2.447466914892239e-008 2.495064469147196e-008 2.54606387653711e-008 2.594397524807319e-008 2.643538919416736e-008 2.687886458623428e-008 2.731952464475175e-008 2.773246399477125e-008 2.814488257557464e-008 2.854703927257909e-008 2.892223598572128e-008 2.927430060763141e-008 2.957304889667769e-008 2.985564611925554e-008 3.010115747704168e-008 3.035573091434079e-008 3.057754431759044e-008 3.084056254681313e-008 3.109514371095757e-008 3.142493423094092e-008 3.16816763745988e-008 3.196958016272313e-008 3.216566882642056e-008 3.236144294051915e-008 3.245958574653518e-008 3.258511900884038e-008 3.261856365587894e-008 3.2695182297768e-008 3.268466322310768e-008 3.270904865588462e-008 3.265617086667364e-008 3.264606955175328e-008 3.25729825124533e-008 3.25588585556122e-008 3.249776362833068e-008
2.239889676024195e-008 2.289283037432693e-008 2.341148297999925e-008 2.389905127562535e-008 2.441171772820188e-008 2.489486601757567e-008 2.540063271425455e-008 2.589926815455726e-008 2.637856891901535e-008 2.682386847384413e-008 2.726561958821721e-008 2.767627087455863e-008 2.808677714065428e-008 2.849530149856041e-008 2.886472215120867e-008 2.9215648759675e-008 2.952390581115579e-008 2.97929600815596e-008 3.00509251203718e-008 3.029171107123439e-008 3.053110265392801e-008 3.078153926275451e-008 3.103365313075008e-008 3.136388256463045e-008 3.162912350709866e-008 3.191115985974435e-008 3.212028650291127e-008 3.229748821425313e-008 3.240780570022224e-008 3.251933698049929e-008 3.256412364064992e-008 3.262886800330408e-008 3.263221109540353e-008 3.264501721721267e-008 3.260220773597353e-008 3.258225520775634e-008 3.251454970720761e-008 3.249129401555461e-008 3.244396601083673e-008
2.249719043294434e-008 2.29859380947921e-008 2.351513267669259e-008 2.399922833821653e-008 2.452012911411221e-008 2.49987003802649e-008 2.550737363697388e-008 2.599107186281686e-008 2.648862705852965e-008 2.693468633555625e-008 2.737329480108852e-008 2.778914970611132e-008 2.820250475009659e-008 2.860110014649106e-008 2.898032394612833e-008 2.932930632961e-008 2.962200224255741e-008 2.99074045126213e-008 3.01525324649871e-008 3.041139769986939e-008 3.062915548086407e-008 3.089359457237308e-008 3.116383525770249e-008 3.147972655689854e-008 3.174231305695936e-008 3.201939524174123e-008 3.221725436482671e-008 3.241129113363773e-008 3.251931972712462e-008 3.264014013605179e-008 3.268385442480432e-008 3.275158270192036e-008 3.274683883849472e-008 3.276201217683652e-008 3.271861493915854e-008 3.269757345784354e-008 3.264071999347537e-008 3.261973279976287e-008 3.256060538259787e-008
2.260863210057221e-008 2.31166925532488e-008 2.363259836918495e-008 2.413534407668542e-008 2.464195573756429e-008 2.513516056913533e-008 2.56241916384452e-008 2.611174938525375e-008 2.661412236902493e-008 2.706815324683675e-008 2.749403710275981e-008 2.791702540783741e-008 2.832934461692427e-008 2.872279737906449e-008 2.911321867880605e-008 2.945683350491618e-008 2.97439731704056e-008 3.002852246519977e-008 3.027973045098386e-008 3.05348737440193e-008 3.075426558478832e-008 3.100553594082625e-008 3.131036322654289e-008 3.159786028474592e-008 3.187955569407656e-008 3.213019903004457e-008 3.234430420852084e-008 3.252095388672873e-008 3.265266270766845e-008 3.275125913276388e-008 3.282030300049107e-008 3.286396338879342e-008 3.288184563497821e-008 3.287422906385749e-008 3.285479547167056e-008 3.281043360276127e-008 3.277659107458911e-008 3.273823298122567e-008 3.269381287254627e-008
2.27111516202943e-008 2.322741767964221e-008 2.373926795563283e-008 2.42546843281406e-008 2.475560834770986e-008 2.526058054285405e-008 2.574484404500026e-008 2.623821194630449e-008 2.671878936199171e-008 2.718385228198951e-008 2.761390838252263e-008 2.804119521592228e-008 2.845392523256408e-008 2.886314790331865e-008 2.92377699167151e-008 2.959078009580894e-008 2.989053572716332e-008 3.01720083031102e-008 3.042927752901299e-008 3.067369534365185e-008 3.091580026644483e-008 3.116489261634773e-008 3.144768795571135e-008 3.175049219255241e-008 3.202422193024078e-008 3.227633428253913e-008 3.249226456286829e-008 3.266455719203952e-008 3.280647505506307e-008 3.289247943844041e-008 3.296944697774779e-008 3.300700934051366e-008 3.303752760009853e-008 3.303008685028833e-008 3.30248446951813e-008 3.297149467293755e-008 3.293990331981826e-008 3.290218875029468e-008 3.287546892442677e-008
2.2811328778779e-008 2.332559947230265e-008 2.384625128292341e-008 2.436000425660737e-008 2.48681902986535e-008 2.537084862525163e-008 2.586133788835718e-008 2.634588328414873e-008 2.682565889380768e-008 2.729061178727619e-008 2.772638180734196e-008 2.814846559851925e-008 2.856875224254966e-008 2.89806076970931e-008 2.935393622479484e-008 2.971025392121489e-008 3.00182971357404e-008 3.029501181412886e-008 3.056149576758075e-008 3.079872030429481e-008 3.105298316245979e-008 3.12952481571221e-008 3.156819879349635e-008 3.1886415840117e-008 3.214745373839007e-008 3.24056571694856e-008 3.261439833030461e-008 3.27909766212518e-008 3.293051969612081e-008 3.301606976116407e-008 3.309106367885894e-008 3.313624736337327e-008 3.316430836743502e-008 3.316844106973804e-008 3.316024993441666e-008 3.311466576563597e-008 3.307294980696912e-008 3.305064653004869e-008 3.301669190213642e-008
2.289525669402631e-008 2.341107029365099e-008 2.393131340447239e-008 2.444554744257893e-008 2.495626464025898e-008 2.545859551978195e-008 2.595500509603157e-008 2.644041718647008e-008 2.691874450694584e-008 2.737989777815587e-008 2.781782246384902e-008 2.824275409777826e-008 2.866359543147292e-008 2.906690059490956e-008 2.944482318330421e-008 2.97948526796309e-008 3.010425818890426e-008 3.03836922857392e-008 3.065524045205944e-008 3.091014204792634e-008 3.116055458283613e-008 3.140778673365989e-008 3.168596701678852e-008 3.198944030155749e-008 3.225307861863241e-008 3.250245820395491e-008 3.271137559131596e-008 3.28875024021457e-008 3.302518176940737e-008 3.311892668638613e-008 3.319590744674239e-008 3.325220420574296e-008 3.328296287462024e-008 3.328144480001209e-008 3.327193308431452e-008 3.324651702291562e-008 3.321651988221242e-008 3.318003669429646e-008 3.313814678612246e-008
2.296456504142487e-008 2.348332177663375e-008 2.400607651340146e-008 2.451924414968426e-008 2.503198703330441e-008 2.553325896518089e-008 2.603392599427791e-008 2.651910384024471e-008 2.699858623833092e-008 2.74579940576872e-008 2.789445566025071e-008 2.831897229336425e-008 2.874138050494005e-008 2.914151913411485e-008 2.951979754923214e-008 2.987139038719593e-008 3.0180026531244e-008 3.046037954364665e-008 3.073906481842462e-008 3.100138987717558e-008 3.125549982356587e-008 3.149622390738813e-008 3.17751577632754e-008 3.208157546672351e-008 3.233728697985941e-008 3.258623637481763e-008 3.279243076600925e-008 3.296960169654125e-008 3.310870651057495e-008 3.320171684708777e-008 3.328237879842245e-008 3.334510604033995e-008 3.338012205524551e-008 3.33750343962271e-008 3.336962876130815e-008 3.335218251141773e-008 3.332684096358511e-008 3.328864102423307e-008 3.3244294782635e-008
2.302590986207936e-008 2.354694124972807e-008 2.406887699200924e-008 2.458646149233958e-008 2.509387837967589e-008 2.559365848415601e-008 2.60934950646338e-008 2.658636213385025e-008 2.706071328873751e-008 2.751846520848894e-008 2.795824988595563e-008 2.838297472420839e-008 2.879891415205211e-008 2.920171717658055e-008 2.957767395480831e-008 2.993145306739557e-008 3.025018965129566e-008 3.053582930000502e-008 3.08151937564149e-008 3.107388892867529e-008 3.133266524797338e-008 3.158633585706797e-008 3.185712207691985e-008 3.213931776405078e-008 3.239705377420555e-008 3.264594285362503e-008 3.285992274105175e-008 3.303489348125691e-008 3.317502655780432e-008 3.32751022066791e-008 3.334913911678575e-008 3.340972347991818e-008 3.344477825961179e-008 3.345573402958201e-008 3.344633303112543e-008 3.34332426931584e-008 3.340898201959736e-008 3.337608240558984e-008 3.33360037337665e-008
2.307355064776012e-008 2.359642838707823e-008 2.412044054411153e-008 2.464000625658422e-008 2.514382753152138e-008 2.563924303573129e-008 2.613783043981147e-008 2.663795939269389e-008 2.710784592292608e-008 2.756484439159288e-008 2.800599824304487e-008 2.842959251982916e-008 2.884296460494271e-008 2.924880650920748e-008 2.962225933725482e-008 2.997981511303054e-008 3.03040604130322e-008 3.059026245019614e-008 3.087282265039183e-008 3.112902958345671e-008 3.139111856131722e-008 3.164972432092138e-008 3.191285843120094e-008 3.218874568940158e-008 3.244407349902385e-008 3.269267700156873e-008 3.291011806064976e-008 3.308312092749309e-008 3.322525446008418e-008 3.332641527312035e-008 3.339852270300284e-008 3.346052033498274e-008 3.349979779424249e-008 3.351740822853668e-008 3.350808556809109e-008 3.349958274314107e-008 3.347719844886851e-008 3.344664535668242e-008 3.340919444610134e-008
2.311008213630537e-008 2.363657148887132e-008 2.416074085925441e-008 2.467514682204509e-008 2.5179509991169e-008 2.567686041214164e-008 2.617056401218216e-008 2.666109808643268e-008 2.713160192691575e-008 2.759127083497558e-008 2.80341668634746e-008 2.846439476774025e-008 2.888513803098791e-008 2.928252180209499e-008 2.965797233736623e-008 3.000851185853628e-008 3.032997108757786e-008 3.062791199121764e-008 3.09059083614082e-008 3.11729255817552e-008 3.142527417662901e-008 3.168440593690733e-008 3.195732992577374e-008 3.222497248396289e-008 3.248472066424239e-008 3.272420571803012e-008 3.293678483944131e-008 3.311172005729748e-008 3.324870195106713e-008 3.334931451186181e-008 3.343381458922925e-008 3.349744745537503e-008 3.353977969137608e-008 3.356126762081813e-008 3.356487097459869e-008 3.355789299906834e-008 3.353712695700645e-008 3.350405255492254e-008 3.34649771786104e-008
2.313293430252371e-008 2.366470588245486e-008 2.418743474239249e-008 2.469936070100733e-008 2.520272778541487e-008 2.570041266540194e-008 2.618943840241102e-008 2.66734752210329e-008 2.714579994903043e-008 2.760435096316418e-008 2.804953520464318e-008 2.848100604707787e-008 2.89073514883419e-008 2.930068591380116e-008 2.96758978955362e-008 3.002434346875166e-008 3.034304392648161e-008 3.06463074231125e-008 3.092285355865758e-008 3.119710931076733e-008 3.144252390231066e-008 3.170219254911744e-008 3.198321943529674e-008 3.224533220740467e-008 3.250770284686788e-008 3.274127180729418e-008 3.295041992920956e-008 3.312633536659109e-008 3.325911522570254e-008 3.33613078814641e-008 3.344990942737945e-008 3.351736413891052e-008 3.356273547946202e-008 3.358774638437238e-008 3.359778457253437e-008 3.359273392663879e-008 3.357571723217387e-008 3.354133830083524e-008 3.350309262295256e-008
2.314603725163261e-008 2.367414522450032e-008 2.42015481815157e-008 2.471608235014034e-008 2.521661863654472e-008 2.571270919763258e-008 2.62004780360414e-008 2.668146910207448e-008 2.715277675073665e-008 2.761187165232023e-008 2.805405341186361e-008 2.848360240510388e-008 2.890253679249991e-008 2.929944227358269e-008 2.967474040172028e-008 3.002740884228001e-008 3.034637504377171e-008 3.063754687726475e-008 3.092264919316454e-008 3.119756539956368e-008 3.146045722726339e-008 3.171745256929251e-008 3.198421374992645e-008 3.225555177816552e-008 3.250874112700865e-008 3.274580185501375e-008 3.295210579139678e-008 3.312167399306169e-008 3.325925467551829e-008 3.336305347986655e-008 3.344714778501548e-008 3.351723949182634e-008 3.356616024921559e-008 3.359437630695024e-008 3.36031774674049e-008 3.360380120422183e-008 3.359078658531655e-008 3.356483058213916e-008 3.353084949514538e-008
