data/bds_gridfiles/version1/BDSIGSOZ-R100-Q15W43S0.grd
DSAA
361 181
-180 180
-90 90
-2.6350387451993E-008 2.6577125582961E-008
[rows 51 to 67 of 181, columns 38 to 75 of 361]
2.109132468610776e-008 2.113056786073009e-008 2.116410362582595e-008 2.119348356721351e-008 2.122024137518797e-008 2.124450828479131e-008 2.126417000407902e-008 2.128047218213549e-008 2.129406032940294e-008 2.130481673078054e-008 2.131180403787638e-008 2.131448773124503e-008 2.13144326775106e-008 2.131167514092871e-008 2.130532685972609e-008 2.129294160173346e-008 2.127826543941062e-008 2.126099249129949e-008 2.123880606638248e-008 2.12110791144873e-008 2.117997767872394e-008 2.114710671947002e-008 2.111244739143449e-008 2.107211729789729e-008 2.102926614222827e-008 2.098392195960932e-008 2.09350103107991e-008 2.088025330164025e-008 2.082170606900221e-008 2.076083165265544e-008 2.069733953572581e-008 2.062947041458334e-008 2.05582782718456e-008 2.048276773129412e-008 2.040404165057607e-008 2.032320159508546e-008 2.023959323402591e-008 2.015239215620832e-008
2.067047038737233e-008 2.070950166839651e-008 2.074402970124053e-008 2.077424601315984e-008 2.080118741447259e-008 2.082516492805398e-008 2.084335891008367e-008 2.08590848802866e-008 2.087266218635779e-008 2.088385102820339e-008 2.089150676609124e-008 2.089404106824268e-008 2.089374181267017e-008 2.089020155206813e-008 2.088253806562634e-008 2.086941820492725e-008 2.08557070739746e-008 2.083996552606248e-008 2.081900697533107e-008 2.079110393014004e-008 2.075917893853492e-008 2.072620318653175e-008 2.069104152298327e-008 2.065073150592421e-008 2.060917821513347e-008 2.056593798224096e-008 2.051759767633855e-008 2.04614712604382e-008 2.040277414400774e-008 2.034253655333048e-008 2.027967261967316e-008 2.021272515045787e-008 2.014238331589073e-008 2.006708850971984e-008 1.998917934834079e-008 1.990939401997684e-008 1.982735774866379e-008 1.974071552544828e-008
2.023706386471535e-008 2.027496451606476e-008 2.030968487333759e-008 2.033983465635689e-008 2.036643548051026e-008 2.03889372096373e-008 2.04081489836479e-008 2.042504808319484e-008 2.043896118687965e-008 2.044918171426926e-008 2.045571269808998e-008 2.04588869571352e-008 2.045950164492111e-008 2.045616040055115e-008 2.044858046782867e-008 2.043716694183707e-008 2.04228380986063e-008 2.040488776529016e-008 2.038263112696301e-008 2.035704315420598e-008 2.03278665933309e-008 2.029547661882742e-008 2.025940475931705e-008 2.022025803356149e-008 2.017769987414399e-008 2.013137272006933e-008 2.008109717345776e-008 2.002773877063825e-008 1.997044555652875e-008 1.991123052425441e-008 1.984986457166896e-008 1.978448262206062e-008 1.971493185026812e-008 1.964121817686895e-008 1.956398695864951e-008 1.948295069501332e-008 1.939949290955399e-008 1.931539536895966e-008
1.979051578363823e-008 1.982821987769534e-008 1.986288647748373e-008 1.989276741328021e-008 1.99190164253051e-008 1.994078958187725e-008 1.996043370716039e-008 1.997812683301476e-008 1.99926616871929e-008 2.000198243365954e-008 2.000751622943977e-008 2.001068340018038e-008 2.001196523962608e-008 2.000929415216365e-008 2.000188086036029e-008 1.999112426523574e-008 1.997650679330785e-008 1.995712015292251e-008 1.993428019838791e-008 1.991023998133589e-008 1.988316176229493e-008 1.985151230121377e-008 1.981517924650847e-008 1.977643607182816e-008 1.973359074677061e-008 1.968555121000569e-008 1.963475043976553e-008 1.95826721265182e-008 1.952668271980606e-008 1.946831094146816e-008 1.940821355092522e-008 1.934422823732985e-008 1.927563587497812e-008 1.920319219500538e-008 1.912686689263819e-008 1.904544472113048e-008 1.896206434903346e-008 1.887940950996558e-008
1.933158953893883e-008 1.936992119432985e-008 1.940571999056904e-008 1.943575177997295e-008 1.946061261391857e-008 1.948205830698615e-008 1.95013755021995e-008 1.951789503231594e-008 1.953187296672737e-008 1.954225943937128e-008 1.954867179246737e-008 1.95513878577694e-008 1.95509325314388e-008 1.954803168461501e-008 1.954145267053491e-008 1.95306539024859e-008 1.951584832566879e-008 1.949677994370334e-008 1.94754444672575e-008 1.94517408578273e-008 1.942438615902013e-008 1.939280511294924e-008 1.935667258050176e-008 1.931834166398752e-008 1.927663537458822e-008 1.923080735194791e-008 1.918056489066594e-008 1.912787925196817e-008 1.907258011408654e-008 1.901470070250235e-008 1.895426494875063e-008 1.88913641302809e-008 1.88241463987405e-008 1.87527564618968e-008 1.86769357327403e-008 1.859785273753688e-008 1.851645275791499e-008 1.843352813208289e-008
1.886069798471987e-008 1.88998049712331e-008 1.893738519190948e-008 1.896733637416049e-008 1.899103696773954e-008 1.901187983745628e-008 1.903134036680718e-008 1.904665598969483e-008 1.90597756955269e-008 1.907083184458097e-008 1.90777076797829e-008 1.907969145474395e-008 1.90781550115068e-008 1.907481828350588e-008 1.906869331486245e-008 1.905811784720036e-008 1.904281412780369e-008 1.902453384146095e-008 1.900372757038095e-008 1.89807024136807e-008 1.895371602362949e-008 1.892176579130953e-008 1.888604215071819e-008 1.884813958897917e-008 1.880789716120212e-008 1.876415592477481e-008 1.871455922343729e-008 1.86626230575657e-008 1.860799988948886e-008 1.855028317656371e-008 1.8490098524279e-008 1.842724748067447e-008 1.836170520733496e-008 1.829118123477661e-008 1.821653188286548e-008 1.813973559539207e-008 1.805990070838298e-008 1.797758771513715e-008
1.838129364850087e-008 1.841851985266866e-008 1.845488928703055e-008 1.848558265961558e-008 1.851109966987307e-008 1.853287302291271e-008 1.855137969288807e-008 1.856575043112238e-008 1.857772753993116e-008 1.858728454370963e-008 1.859334532111821e-008 1.859595019138507e-008 1.859553581343276e-008 1.859174521867944e-008 1.858407978332204e-008 1.857244001782603e-008 1.855784075061375e-008 1.854011468865254e-008 1.851969291077117e-008 1.849716224741539e-008 1.847038130723826e-008 1.843906594571637e-008 1.840373177280193e-008 1.836618560451927e-008 1.832629456065955e-008 1.828268065768153e-008 1.823642867492315e-008 1.818645795776081e-008 1.813264997006163e-008 1.807512926586025e-008 1.801502749442808e-008 1.795247808960247e-008 1.788657957287087e-008 1.781783139806031e-008 1.774546836573223e-008 1.76703542735782e-008 1.759299063715558e-008 1.751211945651212e-008
1.789088448055782e-008 1.792644176152762e-008 1.796190895075486e-008 1.799294979061075e-008 1.801872938361907e-008 1.804169089492706e-008 1.806006487909748e-008 1.807343285178762e-008 1.808447706996684e-008 1.809288932143955e-008 1.809835021723934e-008 1.810100043283017e-008 1.810131717510336e-008 1.809791893053384e-008 1.80890503338052e-008 1.807706144241646e-008 1.806341614929658e-008 1.804596436885619e-008 1.802564277385225e-008 1.800332610470327e-008 1.797759026106772e-008 1.794661700864032e-008 1.791183496869705e-008 1.787528146585032e-008 1.783604745502458e-008 1.779314434202811e-008 1.774904567324524e-008 1.770081977159023e-008 1.764785410527683e-008 1.759068399358198e-008 1.753138522380762e-008 1.746923361382577e-008 1.740403832655224e-008 1.733656890392042e-008 1.726611864460681e-008 1.719267688055105e-008 1.711725195690649e-008 1.703801083018939e-008
1.739119482618111e-008 1.742547737918557e-008 1.745816494179884e-008 1.748835526620521e-008 1.751346623116954e-008 1.753653487921227e-008 1.755531069677648e-008 1.756962049790012e-008 1.758017934552535e-008 1.758763722488782e-008 1.759301240658463e-008 1.759520191541003e-008 1.759509176440054e-008 1.759157986435435e-008 1.758410137213345e-008 1.757416119488855e-008 1.756116526167359e-008 1.754369626951936e-008 1.752295517670096e-008 1.750004749615517e-008 1.747448207975588e-008 1.744483060401304e-008 1.741220961791286e-008 1.737687657015688e-008 1.733883996158878e-008 1.7298232114864e-008 1.725413429800208e-008 1.720546418527398e-008 1.715302466666636e-008 1.709769714626369e-008 1.703936230466001e-008 1.697843640947742e-008 1.691480471820149e-008 1.684846506589381e-008 1.677921161263297e-008 1.670758354210089e-008 1.663321036951911e-008 1.655552108349123e-008
1.688196549433553e-008 1.691496429241964e-008 1.694585457484859e-008 1.697460753926963e-008 1.699839762032041e-008 1.702082246838789e-008 1.704045769579283e-008 1.70555419422788e-008 1.706597212791749e-008 1.707320635486733e-008 1.70783070802558e-008 1.708032262679856e-008 1.707992242851439e-008 1.707661736883967e-008 1.707013814500834e-008 1.706160922342366e-008 1.704985902667891e-008 1.70325647705448e-008 1.701130865419767e-008 1.698835931196984e-008 1.696309386486664e-008 1.693499180929486e-008 1.690406335119363e-008 1.68697969097467e-008 1.683260970997365e-008 1.679345028699659e-008 1.674989661877099e-008 1.670116934190978e-008 1.664987040967748e-008 1.659623258402466e-008 1.653933739980783e-008 1.647992218393267e-008 1.641745196119054e-008 1.635212197805247e-008 1.628364010788264e-008 1.621381224055924e-008 1.61405861018213e-008 1.60648622005181e-008
1.636322562310014e-008 1.639624453424926e-008 1.642666885730508e-008 1.645415445821117e-008 1.647702603391797e-008 1.649704308187818e-008 1.651592984119343e-008 1.653205427248029e-008 1.654353632821676e-008 1.655089863907552e-008 1.655540115308247e-008 1.655742546164981e-008 1.655684315945336e-008 1.655370477711039e-008 1.654786921941452e-008 1.653919602203882e-008 1.652788739963711e-008 1.651185694571929e-008 1.649137236601495e-008 1.646792915375383e-008 1.644343625734833e-008 1.641738389590274e-008 1.63876437231465e-008 1.635358644521806e-008 1.631657360629509e-008 1.627737899075281e-008 1.623414499222433e-008 1.61877245883095e-008 1.613853938656067e-008 1.608636263397345e-008 1.60317219764898e-008 1.59739140106728e-008 1.591154503843837e-008 1.584573296676715e-008 1.57787633803738e-008 1.571041750443708e-008 1.563883622901644e-008 1.556510976057308e-008
1.583588159674178e-008 1.58683227667236e-008 1.589869439039214e-008 1.592565382487057e-008 1.594640888272392e-008 1.596475130026394e-008 1.598302233410069e-008 1.60001508309256e-008 1.601243135631111e-008 1.601980025423334e-008 1.60242987642278e-008 1.602608728665325e-008 1.602595601336379e-008 1.602317345859208e-008 1.601736453018711e-008 1.600837710150875e-008 1.599742394328123e-008 1.598279822634247e-008 1.596268027661248e-008 1.593946894671257e-008 1.591576258407679e-008 1.589131851692344e-008 1.586263821091696e-008 1.582846923660583e-008 1.579209687527341e-008 1.575324279148975e-008 1.571107617392593e-008 1.566646645078511e-008 1.561922173502707e-008 1.556864582671442e-008 1.551572577475309e-008 1.54596244324445e-008 1.539770999598798e-008 1.533268556233161e-008 1.526756676041173e-008 1.520086964255907e-008 1.513102164779163e-008 1.505910224249462e-008
1.530036868063841e-008 1.53324345556743e-008 1.536096024565686e-008 1.538536687149188e-008 1.540552130269782e-008 1.54250201871318e-008 1.54430442372923e-008 1.545936489649462e-008 1.547215609057194e-008 1.548012881803474e-008 1.548417433686091e-008 1.548593848662962e-008 1.548705773184537e-008 1.54852936297954e-008 1.547952254769036e-008 1.547023511211016e-008 1.545852116170023e-008 1.544381333712745e-008 1.542507318444443e-008 1.540376616980197e-008 1.538053164147951e-008 1.535552233776343e-008 1.532669971976864e-008 1.529458584809475e-008 1.525957944100459e-008 1.522170460069473e-008 1.518143026664691e-008 1.513828783268937e-008 1.509264646601316e-008 1.504396567756619e-008 1.499134299805491e-008 1.493437404611919e-008 1.487504845250671e-008 1.481418222117366e-008 1.475120083778936e-008 1.468589945615068e-008 1.461820753901872e-008 1.45475837025509e-008
1.47566381783727e-008 1.47880365156375e-008 1.481562289097495e-008 1.483777668609974e-008 1.485790800128476e-008 1.487812359177081e-008 1.48963455300813e-008 1.491155267728427e-008 1.49248122197708e-008 1.493324547806311e-008 1.493664371519208e-008 1.493875293571961e-008 1.494095810721947e-008 1.494042014160678e-008 1.493449112883725e-008 1.492474677288327e-008 1.491294991238193e-008 1.489829199920993e-008 1.488123585559864e-008 1.486130459711412e-008 1.483896897468976e-008 1.481413353490526e-008 1.478548359007207e-008 1.47545754191863e-008 1.472090887571054e-008 1.468431686340448e-008 1.464517660062413e-008 1.460352908868938e-008 1.455871036247961e-008 1.451217400614129e-008 1.446056713073541e-008 1.440431660049189e-008 1.434753199492242e-008 1.428977802873837e-008 1.422881271635479e-008 1.416464112583479e-008 1.409902365856382e-008 1.402988366563233e-008
1.420560644632401e-008 1.423502514881629e-008 1.426119207015841e-008 1.428531626608363e-008 1.430709417983986e-008 1.432583585348229e-008 1.434224425299472e-008 1.435720708891259e-008 1.437033174087604e-008 1.437897753226214e-008 1.43831648273847e-008 1.438575911727764e-008 1.438805663273036e-008 1.438761003974618e-008 1.438237304795662e-008 1.437297382838389e-008 1.43611166433706e-008 1.434664912140592e-008 1.433066509249936e-008 1.431337462222832e-008 1.429285421785097e-008 1.42682526723374e-008 1.424053354960252e-008 1.421013317054015e-008 1.41769068359156e-008 1.414109409743529e-008 1.410251781848848e-008 1.406141923657117e-008 1.401761154737989e-008 1.397113406861189e-008 1.392320938423762e-008 1.387218936816743e-008 1.381725095879886e-008 1.375974187819936e-008 1.369966111501869e-008 1.363654938358747e-008 1.357172611597096e-008 1.350561502506171e-008
1.364905021547481e-008 1.367657809653789e-008 1.370169239121694e-008 1.372771388444031e-008 1.375102240100646e-008 1.376816254035641e-008 1.378303843640481e-008 1.379793296328172e-008 1.381130721835876e-008 1.381994150805265e-008 1.382416707656266e-008 1.382676306679592e-008 1.382917286501966e-008 1.382954466227699e-008 1.382461893216149e-008 1.38155447775529e-008 1.380434535331357e-008 1.37902414327632e-008 1.377511901457965e-008 1.376010191633857e-008 1.374082408916676e-008 1.371641599500514e-008 1.368962382300498e-008 1.366048838038276e-008 1.362787130224977e-008 1.359285445592061e-008 1.355508849084629e-008 1.351521118175466e-008 1.347238152883339e-008 1.342645694733201e-008 1.338098710074601e-008 1.333385192576572e-008 1.328059276247365e-008 1.3224390359698e-008 1.316596259148545e-008 1.310400382103847e-008 1.304080059009638e-008 1.297691239506717e-008
1.308740895999257e-008 1.311619628153976e-008 1.314149969087183e-008 1.316537555410892e-008 1.318672831103325e-008 1.320429377953425e-008 1.322046893673045e-008 1.323586592117412e-008 1.324826190265699e-008 1.32562551068414e-008 1.326074315607201e-008 1.32632347382483e-008 1.326458384306356e-008 1.326506089293812e-008 1.326161758953125e-008 1.325381415255245e-008 1.324273498677228e-008 1.323019369706285e-008 1.321681902967476e-008 1.32010349713539e-008 1.318102114830767e-008 1.315742514622536e-008 1.31329079551035e-008 1.310551733995937e-008 1.307396929799258e-008 1.303936794032813e-008 1.300353923987527e-008 1.29659803651795e-008 1.292477653413225e-008 1.287975633734632e-008 1.283386885650088e-008 1.278708445608828e-008 1.273644580860917e-008 1.268327772770869e-008 1.262695326772305e-008 1.256814357326791e-008 1.250725015527468e-008 1.244433869772548e-008
