data/bds_gridfiles/version1/BDSIGSOZ-R100-Q15W43S0.grd
DSAA
361 181
-180 180
-90 90
-2.6350387451993E-008 2.6577125582961E-008
[rows 102 to 118 of 181, columns 190 to 227 of 361]
-5.329489488977086e-009 -5.388305503155329e-009 -5.449424420805127e-009 -5.511548816459116e-009 -5.571644198695164e-009 -5.625421184221112e-009 -5.670712700678063e-009 -5.711248126101091e-009 -5.751223507294839e-009 -5.790479599974202e-009 -5.828614150877464e-009 -5.863459948571241e-009 -5.893316966920381e-009 -5.919911069610188e-009 -5.949131002716821e-009 -5.982165760903615e-009 -6.022506844491784e-009 -6.068848899964762e-009 -6.116869846932009e-009 -6.165363147140892e-009 -6.20311887281088e-009 -6.225274707585617e-009 -6.240638164669836e-009 -6.254500048398822e-009 -6.27220372871489e-009 -6.294671618951495e-009 -6.322631870366034e-009 -6.355389142890335e-009 -6.389683287667946e-009 -6.420639981522934e-009 -6.446080137003663e-009 -6.465400253321607e-009 -6.48055102692244e-009 -6.494315944478899e-009 -6.506338223083855e-009 -6.515591190346464e-009 -6.520910985694829e-009 -6.523825181385948e-009
-5.797321923510992e-009 -5.860511229609332e-009 -5.925942007440734e-009 -5.990735773652665e-009 -6.056543233651985e-009 -6.113253554735081e-009 -6.16057177558748e-009 -6.205103272012345e-009 -6.24861256343975e-009 -6.290967055608646e-009 -6.332868599242924e-009 -6.371361101401238e-009 -6.40281620917005e-009 -6.432768868087989e-009 -6.464201358745475e-009 -6.501169359837091e-009 -6.543556108635147e-009 -6.594880318163191e-009 -6.643700486300802e-009 -6.693150189008525e-009 -6.731755641422005e-009 -6.756120506988385e-009 -6.776214786272134e-009 -6.791317651072844e-009 -6.812298133717807e-009 -6.837138707097559e-009 -6.868466231117459e-009 -6.903399347708293e-009 -6.938502940506819e-009 -6.972707035112885e-009 -7.000372146728835e-009 -7.020972471289397e-009 -7.036513666456155e-009 -7.051030833615367e-009 -7.062985183226427e-009 -7.073062616353606e-009 -7.079044132187278e-009 -7.081771730454888e-009
-6.271139389218104e-009 -6.338552443932258e-009 -6.407923372328311e-009 -6.477415928644191e-009 -6.545691315668883e-009 -6.606597462174735e-009 -6.658042400009709e-009 -6.70501487611457e-009 -6.751180539414192e-009 -6.796950425988027e-009 -6.841394379198546e-009 -6.882862922127474e-009 -6.918326013134515e-009 -6.950575609523016e-009 -6.984897386900772e-009 -7.023525843615984e-009 -7.069163295535228e-009 -7.121411468188336e-009 -7.17467109983704e-009 -7.227710437322983e-009 -7.270152970719881e-009 -7.296762075789862e-009 -7.314958888360772e-009 -7.332086125921122e-009 -7.353014405248168e-009 -7.380757753411345e-009 -7.415491952727788e-009 -7.453337474412684e-009 -7.492213560190321e-009 -7.527272568861639e-009 -7.556225641482601e-009 -7.578348471193639e-009 -7.595259319071835e-009 -7.610123761599884e-009 -7.624032558088705e-009 -7.63499802799757e-009 -7.639617306188151e-009 -7.640703456765485e-009
-6.75293377206865e-009 -6.823438068032071e-009 -6.896415942235936e-009 -6.969491994962573e-009 -7.040422188563072e-009 -7.105686173481759e-009 -7.160648256749141e-009 -7.210032105160981e-009 -7.259729849022923e-009 -7.308772547027586e-009 -7.356088177523916e-009 -7.400868575889823e-009 -7.44067403707811e-009 -7.47495599207871e-009 -7.513546689788561e-009 -7.553209202957307e-009 -7.602122333905253e-009 -7.654698529568138e-009 -7.709083302404048e-009 -7.765903020375739e-009 -7.813108117649814e-009 -7.841176964617214e-009 -7.857941809954246e-009 -7.878726929099964e-009 -7.900894413707442e-009 -7.930524559971177e-009 -7.968620300151222e-009 -8.006655887921758e-009 -8.048515959669207e-009 -8.08391756314244e-009 -8.113948655575014e-009 -8.137609047828108e-009 -8.156041563967472e-009 -8.17139064322003e-009 -8.187668847668907e-009 -8.199658011469654e-009 -8.202921220898361e-009 -8.202537045399611e-009
-7.241321594862046e-009 -7.315028610013535e-009 -7.391331542439085e-009 -7.467562388222357e-009 -7.542208931456308e-009 -7.609529311439601e-009 -7.667214009317937e-009 -7.720670036408547e-009 -7.773957038128035e-009 -7.827066348213647e-009 -7.879036753708719e-009 -7.927784614207099e-009 -7.969240944878799e-009 -8.006512148816853e-009 -8.045186567768155e-009 -8.087545980513581e-009 -8.137739853325493e-009 -8.194951938308017e-009 -8.252839851266278e-009 -8.310445200877653e-009 -8.357174564148248e-009 -8.387641029367575e-009 -8.409348984461501e-009 -8.429963298895011e-009 -8.454389723261087e-009 -8.485707833671146e-009 -8.52417073007557e-009 -8.564194970838921e-009 -8.60561345228855e-009 -8.642893060681056e-009 -8.675139585168676e-009 -8.700532787842018e-009 -8.720052142589869e-009 -8.737347556900079e-009 -8.753934239599079e-009 -8.764946251184632e-009 -8.768002384385998e-009 -8.767892021470609e-009
-7.735491734961456e-009 -7.812802284070847e-009 -7.891948206769445e-009 -7.970563957352153e-009 -8.049737437453559e-009 -8.119336520563013e-009 -8.178543244659241e-009 -8.236903397715117e-009 -8.294846418062044e-009 -8.351216983091442e-009 -8.408152545217104e-009 -8.46123171875305e-009 -8.503803239913865e-009 -8.543961287842972e-009 -8.58519339330742e-009 -8.629162835929316e-009 -8.681145612449914e-009 -8.742704345830064e-009 -8.800060052704888e-009 -8.859208737545136e-009 -8.905143091842962e-009 -8.937419186768489e-009 -8.964443255493153e-009 -8.986643811509876e-009 -9.014349164566401e-009 -9.04620553246494e-009 -9.085847847323568e-009 -9.1247715894843e-009 -9.165869639720808e-009 -9.203295406848617e-009 -9.238008532175082e-009 -9.264953230813282e-009 -9.285037681886343e-009 -9.303484459392871e-009 -9.321364672566959e-009 -9.332230345095633e-009 -9.334364576617917e-009 -9.334945050958749e-009
-8.231834143760512e-009 -8.313604870966947e-009 -8.396423792377647e-009 -8.478935080461824e-009 -8.560047103303976e-009 -8.632751878255993e-009 -8.69745722912268e-009 -8.760061891260324e-009 -8.821951344175409e-009 -8.881992808506839e-009 -8.940538309321534e-009 -8.994419048136134e-009 -9.041259080122241e-009 -9.085054729367285e-009 -9.129886587993559e-009 -9.17790743346802e-009 -9.23155886047802e-009 -9.291358538484332e-009 -9.351442526094123e-009 -9.411266111168066e-009 -9.458830599497304e-009 -9.493167243870849e-009 -9.521697881629072e-009 -9.546453220184665e-009 -9.574608762352453e-009 -9.608615166547865e-009 -9.647887845546836e-009 -9.688187201915501e-009 -9.729318193222934e-009 -9.767012675853534e-009 -9.80122444706235e-009 -9.829472422661187e-009 -9.852336691731932e-009 -9.872024050369167e-009 -9.888544407051328e-009 -9.898811894171918e-009 -9.901688861728884e-009 -9.901602108165403e-009
-8.732150924051843e-009 -8.817917207536376e-009 -8.904819324416338e-009 -8.990292809270288e-009 -9.074279682667023e-009 -9.150222236058668e-009 -9.219470082616617e-009 -9.286802555431875e-009 -9.352562266588496e-009 -9.415953979582173e-009 -9.475201018213685e-009 -9.530790929052948e-009 -9.581718165017682e-009 -9.629668304733147e-009 -9.679012681718836e-009 -9.732308882500852e-009 -9.786120153272012e-009 -9.844878367680964e-009 -9.904502885991181e-009 -9.966942353765604e-009 -1.001544374342951e-008 -1.00513255687746e-008 -1.008241816742591e-008 -1.010925973669954e-008 -1.013913516711918e-008 -1.017366574248034e-008 -1.021420989690777e-008 -1.02535416632439e-008 -1.029474085572204e-008 -1.033163195100273e-008 -1.03655919495447e-008 -1.039393087996758e-008 -1.041845893907461e-008 -1.043897360676072e-008 -1.045524101304239e-008 -1.046578073267339e-008 -1.046955393835417e-008 -1.046881473790398e-008
-9.235832993595866e-009 -9.324781204869328e-009 -9.414380984189974e-009 -9.504073146365876e-009 -9.590885680177139e-009 -9.669823848273225e-009 -9.742309398068224e-009 -9.812760979376041e-009 -9.88126684197143e-009 -9.947487959428822e-009 -1.001106276901736e-008 -1.00703567455462e-008 -1.012509852924137e-008 -1.01771334693109e-008 -1.022858034655542e-008 -1.028182410475847e-008 -1.033934075450831e-008 -1.040105416721103e-008 -1.046337926624488e-008 -1.052564424969771e-008 -1.05761532727302e-008 -1.061416118675508e-008 -1.064638597773329e-008 -1.067467127389198e-008 -1.070484752505208e-008 -1.07395741570446e-008 -1.077861761277058e-008 -1.081979510467569e-008 -1.086207453669389e-008 -1.089871927404064e-008 -1.093000223934604e-008 -1.095757591726121e-008 -1.098211915432046e-008 -1.100314556557367e-008 -1.102151635619733e-008 -1.103399212043692e-008 -1.103867680802331e-008 -1.103885127196539e-008
-9.742240940729021e-009 -9.833624161026098e-009 -9.925419111398105e-009 -1.001928691559678e-008 -1.010931313286785e-008 -1.019097191311867e-008 -1.026530210728096e-008 -1.033920981372964e-008 -1.041022147924309e-008 -1.047919720204913e-008 -1.054748261873027e-008 -1.060991462731878e-008 -1.066906722576086e-008 -1.072539632527278e-008 -1.077800904635333e-008 -1.083234166726058e-008 -1.089275309932274e-008 -1.095776840106703e-008 -1.102040101858721e-008 -1.108456941562206e-008 -1.113595242249977e-008 -1.117533029730808e-008 -1.121015754653245e-008 -1.124001573303562e-008 -1.12716642820503e-008 -1.130622431668603e-008 -1.13444351711784e-008 -1.138569314541991e-008 -1.14301162981607e-008 -1.14658599474133e-008 -1.149453405692364e-008 -1.152120340839645e-008 -1.154611416193513e-008 -1.156655584559351e-008 -1.158728865898172e-008 -1.160076932747672e-008 -1.160584810010967e-008 -1.160614992665382e-008
-1.024794165108047e-008 -1.03430255193248e-008 -1.043838036062067e-008 -1.053541917820227e-008 -1.062746359992764e-008 -1.071256523408532e-008 -1.07914198722891e-008 -1.086742907482429e-008 -1.094148662942278e-008 -1.101386699733322e-008 -1.108489782267706e-008 -1.115026499520929e-008 -1.121143733536314e-008 -1.126925169528869e-008 -1.132463021384013e-008 -1.138210224910621e-008 -1.144525403976037e-008 -1.151145086874747e-008 -1.157634077622552e-008 -1.163877937491966e-008 -1.169157102881232e-008 -1.173378201291476e-008 -1.17704099494296e-008 -1.1802533008427e-008 -1.183551480793842e-008 -1.187139365719802e-008 -1.191057956018823e-008 -1.195205398932174e-008 -1.19942367731671e-008 -1.203046019553089e-008 -1.206128014238042e-008 -1.208809992892368e-008 -1.211219088265756e-008 -1.213370797242214e-008 -1.215340521073468e-008 -1.216630242473157e-008 -1.216934059976802e-008 -1.216696352442871e-008
-1.075343934711213e-008 -1.085120489687102e-008 -1.094984120253332e-008 -1.10500909172737e-008 -1.11439829557976e-008 -1.123248143559005e-008 -1.131520175194873e-008 -1.13937964626254e-008 -1.14704728230267e-008 -1.154567375395942e-008 -1.161950941906384e-008 -1.168749711430113e-008 -1.174973633179909e-008 -1.181079274765763e-008 -1.186812506252707e-008 -1.192881833237049e-008 -1.199449264700068e-008 -1.206196942714901e-008 -1.212702622178977e-008 -1.218812833304961e-008 -1.224319437306748e-008 -1.228709216077564e-008 -1.232693672361683e-008 -1.236098949920081e-008 -1.23969933306452e-008 -1.243360697238865e-008 -1.24741782145615e-008 -1.251490725432805e-008 -1.255627235488024e-008 -1.259334852159576e-008 -1.262530884481255e-008 -1.265269454934398e-008 -1.267619254808492e-008 -1.269710299507186e-008 -1.271680579821481e-008 -1.272910760036568e-008 -1.272979644081146e-008 -1.272506610381418e-008
-1.125528833541946e-008 -1.135610676976404e-008 -1.145787315548499e-008 -1.156003526044708e-008 -1.165756248959364e-008 -1.174834763867075e-008 -1.183296402267274e-008 -1.191395940674151e-008 -1.199270769896005e-008 -1.207008769572139e-008 -1.214669323323094e-008 -1.221811131115964e-008 -1.228425786437126e-008 -1.23470779788945e-008 -1.240810787553993e-008 -1.247055105904003e-008 -1.253708298265517e-008 -1.260544403088232e-008 -1.267236270199183e-008 -1.273665035319768e-008 -1.279363951514863e-008 -1.284001008988974e-008 -1.287900979144936e-008 -1.291513542161419e-008 -1.295121525785055e-008 -1.298951487753362e-008 -1.303023864258772e-008 -1.307233223149513e-008 -1.311464613945032e-008 -1.315375702915554e-008 -1.318587388168598e-008 -1.321235159154809e-008 -1.323582014608964e-008 -1.325723359321171e-008 -1.327503151009259e-008 -1.328562954975366e-008 -1.328782247341325e-008 -1.328592658945186e-008
-1.175387369249272e-008 -1.185758668908786e-008 -1.196139245600879e-008 -1.206553346556434e-008 -1.216666230464762e-008 -1.225951616721541e-008 -1.234521040400113e-008 -1.242939956296101e-008 -1.251043433199495e-008 -1.258880020068069e-008 -1.266895641885742e-008 -1.274365024199589e-008 -1.28135780972657e-008 -1.287876646775822e-008 -1.294349861260825e-008 -1.300747229435219e-008 -1.307464241814417e-008 -1.314388137558525e-008 -1.321156731606912e-008 -1.327908831059859e-008 -1.333862877050719e-008 -1.338715863333912e-008 -1.342521259237153e-008 -1.34646318090231e-008 -1.350138573870153e-008 -1.354138401989949e-008 -1.358345003981747e-008 -1.362501853965282e-008 -1.366858165238475e-008 -1.370945761908313e-008 -1.374133862850693e-008 -1.376632488790715e-008 -1.37896362521653e-008 -1.381160069020158e-008 -1.382835045493325e-008 -1.383824645193978e-008 -1.38420557309083e-008 -1.384270539541533e-008
-1.224978478923156e-008 -1.235473143448518e-008 -1.246067831849294e-008 -1.256722767465044e-008 -1.266993561684211e-008 -1.276533386800458e-008 -1.285484538697498e-008 -1.294226092753537e-008 -1.302729325799078e-008 -1.310883471798504e-008 -1.318908418406907e-008 -1.326583312955674e-008 -1.333834822268987e-008 -1.340674344247997e-008 -1.34724882932693e-008 -1.353750341237847e-008 -1.360562808061581e-008 -1.367667675091237e-008 -1.374722360040018e-008 -1.381695429697382e-008 -1.38784210438505e-008 -1.392726921004118e-008 -1.3967080405369e-008 -1.40074979489191e-008 -1.404768409324614e-008 -1.408976675475598e-008 -1.413417577318918e-008 -1.417798923488228e-008 -1.421968810837206e-008 -1.425802488807574e-008 -1.428975656119952e-008 -1.431532028770499e-008 -1.433858687954103e-008 -1.435980720395842e-008 -1.437610441100048e-008 -1.438676137394922e-008 -1.439241673745588e-008 -1.43938317475889e-008
-1.274264134052414e-008 -1.28479227867206e-008 -1.295575075291352e-008 -1.306571131235911e-008 -1.31691474131705e-008 -1.326717294032437e-008 -1.335952837314977e-008 -1.345086869795423e-008 -1.35405796082102e-008 -1.362450011644364e-008 -1.370478225436625e-008 -1.378274494490313e-008 -1.385793155229577e-008 -1.393001635125696e-008 -1.399687660963e-008 -1.406273422878448e-008 -1.413246604408126e-008 -1.420547498600013e-008 -1.427600050669511e-008 -1.43490658466475e-008 -1.441217564918431e-008 -1.446156563658624e-008 -1.450161985647421e-008 -1.454537763083863e-008 -1.458872953519127e-008 -1.463281200351754e-008 -1.467906812778068e-008 -1.472411490188556e-008 -1.476370341937089e-008 -1.480041661014981e-008 -1.483270734163232e-008 -1.485809292133686e-008 -1.488185459616137e-008 -1.490326303560652e-008 -1.491928415654081e-008 -1.49313192693868e-008 -1.493815397898807e-008 -1.494055002663683e-008
-1.323060495903187e-008 -1.333911504512998e-008 -1.344966930633136e-008 -1.356192175141601e-008 -1.366782076465958e-008 -1.376672341164899e-008 -1.386123761047167e-008 -1.395415742617361e-008 -1.404451319486037e-008 -1.413125845177649e-008 -1.421464474773798e-008 -1.429481074094137e-008 -1.43715943253477e-008 -1.444519869839974e-008 -1.451558539257645e-008 -1.458473762184574e-008 -1.465617353675672e-008 -1.472948608931321e-008 -1.480216282579038e-008 -1.487446705396767e-008 -1.493866876114987e-008 -1.49903887465348e-008 -1.503337679005045e-008 -1.50776326468642e-008 -1.512214114004435e-008 -1.516771745336953e-008 -1.521329348944696e-008 -1.525718262564237e-008 -1.529868754247578e-008 -1.533749586777123e-008 -1.537069872077403e-008 -1.539799698015988e-008 -1.54224807926015e-008 -1.544306489372666e-008 -1.545970902502702e-008 -1.547212567255401e-008 -1.547972306228333e-008 -1.548272225288323e-008
