data/bds_gridfiles/version1/BDSIGSOX-R100-Q12W25S0.grd
DSAA
361 181
-180 180
-90 90
-2.8655196274827E-008 2.8838937424508E-008
[rows 119 to 135 of 181, columns 39 to 77 of 361]
2.37429853367878e-008 2.344232500794887e-008 2.312729396194326e-008 2.280036221839317e-008 2.246401442397578e-008 2.212026483633542e-008 2.176278506147875e-008 2.139223658395506e-008 2.101157243871765e-008 2.062114739817917e-008 2.021957066579154e-008 1.980956297623457e-008 1.939151973189819e-008 1.896569057831935e-008 1.853140047469027e-008 1.80868864417739e-008 1.763137645718195e-008 1.716387555015897e-008 1.66878048150689e-008 1.62022730208079e-008 1.57097570818845e-008 1.520952835104758e-008 1.47064154387566e-008 1.420372869610809e-008 1.369919223225969e-008 1.319133776608801e-008 1.268016706385935e-008 1.216929846118324e-008 1.165934641423719e-008 1.114765997832883e-008 1.063054894061563e-008 1.010888652514114e-008 9.585765004914608e-009 9.060497727848054e-009 8.535355330640954e-009 8.010616301617456e-009 7.486180143487492e-009 6.9628385386766e-009 6.44020452374812e-009
2.350884005598565e-008 2.321192625810053e-008 2.290080343356979e-008 2.25775003550118e-008 2.224442645844012e-008 2.190264465224451e-008 2.15471156186195e-008 2.117653504397477e-008 2.07989817504919e-008 2.041306220014678e-008 2.001804647076398e-008 1.961321485995529e-008 1.919834442907663e-008 1.87759539591128e-008 1.83453888244609e-008 1.790454839394194e-008 1.745462030434345e-008 1.699327539944856e-008 1.652278449827371e-008 1.604290641248019e-008 1.555643420073959e-008 1.505944676893935e-008 1.456150800699892e-008 1.406453736435023e-008 1.35663721610532e-008 1.306427917753632e-008 1.25580321235834e-008 1.205297192621403e-008 1.154904369208421e-008 1.104257213531353e-008 1.053073717121327e-008 1.001343055408677e-008 9.49545933449691e-009 8.974945059529528e-009 8.454994153823182e-009 7.935141463914426e-009 7.416129716967936e-009 6.898368698120838e-009 6.381157878280588e-009
2.326110797601105e-008 2.296781978509668e-008 2.266010688287865e-008 2.233981964528657e-008 2.2007767317244e-008 2.166636239167989e-008 2.131464799036581e-008 2.095026482454006e-008 2.057743159823833e-008 2.019548518613164e-008 1.980579383620884e-008 1.940770120752143e-008 1.899990074309919e-008 1.858122751585843e-008 1.815441422092065e-008 1.771837761280779e-008 1.727332724856775e-008 1.68177591319814e-008 1.63504295905865e-008 1.587333576400703e-008 1.539122565680584e-008 1.490122558567718e-008 1.441001178194615e-008 1.391852017100013e-008 1.342546936282398e-008 1.29290160895333e-008 1.242932340501913e-008 1.193042176310653e-008 1.143333025283363e-008 1.093304757721131e-008 1.042641837745955e-008 9.914972856889746e-009 9.401635778427922e-009 8.885206760728096e-009 8.369852515409696e-009 7.855609680928242e-009 7.342177566592835e-009 6.829924167657079e-009 6.318327863812373e-009
2.300130330598328e-008 2.270982969969131e-008 2.240606984862317e-008 2.208933974115106e-008 2.175835288199407e-008 2.142019367519646e-008 2.107350801698496e-008 2.071501050825361e-008 2.034748680712064e-008 1.997012481116234e-008 1.95843713904796e-008 1.91921234668621e-008 1.879031293706749e-008 1.837568938305007e-008 1.795326531247101e-008 1.75229287772313e-008 1.708356479703825e-008 1.663319141368833e-008 1.616983303810383e-008 1.569668751536159e-008 1.52206144365495e-008 1.473704887835474e-008 1.425271682559586e-008 1.376708495235584e-008 1.32796822202009e-008 1.27889630101465e-008 1.229526672585247e-008 1.180202925211491e-008 1.131110383312931e-008 1.081667215407404e-008 1.031558547571843e-008 9.809851380144218e-009 9.302706709691256e-009 8.791076956667332e-009 8.281520429500244e-009 7.773217877859931e-009 7.265563941834755e-009 6.759256508122451e-009 6.253208473018268e-009
2.27297347774408e-008 2.243871930187406e-008 2.213864425758315e-008 2.182577128981781e-008 2.150204311725687e-008 2.116941210185987e-008 2.082794694646516e-008 2.047407519601569e-008 2.01109728047363e-008 1.973765485051826e-008 1.93548896867051e-008 1.8964292429278e-008 1.856549806378782e-008 1.815514365956789e-008 1.773886299861685e-008 1.731624058388402e-008 1.68830154698994e-008 1.643798440381474e-008 1.598044211912118e-008 1.551571329621886e-008 1.504445004115057e-008 1.45692566188825e-008 1.409072452925567e-008 1.361099285054525e-008 1.312886505589882e-008 1.26440033332649e-008 1.21573946910698e-008 1.166938209236693e-008 1.118145597687182e-008 1.069132879001496e-008 1.019696799911228e-008 9.698454735094072e-009 9.19715528386247e-009 8.693106695042387e-009 8.190239188832729e-009 7.688176108001266e-009 7.187139825661163e-009 6.686126755196794e-009 6.186809950953023e-009
2.244562731585271e-008 2.215723282613388e-008 2.186110707975191e-008 2.155325502544695e-008 2.123548732012508e-008 2.090914891230588e-008 2.057213383757554e-008 2.022234229491581e-008 1.98635281025868e-008 1.949534881530086e-008 1.911565407286098e-008 1.872828691903669e-008 1.833283770804694e-008 1.792723565470941e-008 1.751659938252174e-008 1.710143324367362e-008 1.66738038903131e-008 1.623425291839896e-008 1.578305745728597e-008 1.532624303111643e-008 1.48615396112763e-008 1.43940092548578e-008 1.392268442652894e-008 1.34482401812868e-008 1.297222135129543e-008 1.249345494563218e-008 1.201322638982202e-008 1.153081792033945e-008 1.104684757848215e-008 1.056126545186061e-008 1.007335259159004e-008 9.582081411317156e-009 9.087900559841197e-009 8.590644733628836e-009 8.094911815821115e-009 7.599212905489166e-009 7.104444274481647e-009 6.609447382019153e-009 6.116825472328473e-009
2.215088590387105e-008 2.186818272788022e-008 2.157594145845769e-008 2.127376911199188e-008 2.096093189046926e-008 2.063579649058957e-008 2.029959948052917e-008 1.995520473737766e-008 1.960293035221748e-008 1.924023104398741e-008 1.886759324123052e-008 1.848579010086267e-008 1.809567121818168e-008 1.769709147335069e-008 1.729261021192117e-008 1.687986924749067e-008 1.645703813684891e-008 1.602298745897611e-008 1.557807055456072e-008 1.512684715051769e-008 1.467074125930355e-008 1.421046001849218e-008 1.374678344436472e-008 1.327877882595085e-008 1.280870613166313e-008 1.23365721870163e-008 1.186231591466434e-008 1.138631003702144e-008 1.090795116550709e-008 1.042775598208159e-008 9.945944397166968e-009 9.461963864456556e-009 8.97519057571059e-009 8.485181010911465e-009 7.995261859293099e-009 7.50580537011647e-009 7.016075779274633e-009 6.528098405853839e-009 6.04356912751653e-009
2.184588409234446e-008 2.156874275142592e-008 2.128033119221788e-008 2.098326349443759e-008 2.067504529140361e-008 2.035189929794138e-008 2.001739307438732e-008 1.967835246400977e-008 1.933229662387388e-008 1.897558893973714e-008 1.860876696923222e-008 1.823367529337978e-008 1.784997863923956e-008 1.745804019181061e-008 1.705856128606098e-008 1.664981293109559e-008 1.62313836580415e-008 1.580379860028214e-008 1.536466198785712e-008 1.492021126617683e-008 1.447158251699681e-008 1.401884985442864e-008 1.356267741894089e-008 1.31015484063199e-008 1.263811261659747e-008 1.217302238882791e-008 1.170520324777005e-008 1.123529903442307e-008 1.076280016666926e-008 1.028871255584147e-008 9.813017918007587e-009 9.335828272740638e-009 8.8567694697153e-009 8.374043310615718e-009 7.890725501237978e-009 7.408365431171677e-009 6.924707908916937e-009 6.443853240336799e-009 5.966556438863262e-009
2.153223559041595e-008 2.125756474823926e-008 2.097201274644975e-008 2.067809255178117e-008 2.037494994520997e-008 2.005830306671899e-008 1.973118995341929e-008 1.939629718045391e-008 1.905367716188455e-008 1.870156353275669e-008 1.833931613930807e-008 1.796979413607657e-008 1.75923620385187e-008 1.720615623811142e-008 1.681229195313976e-008 1.640896205790288e-008 1.599674949605561e-008 1.557506795609382e-008 1.514374621972872e-008 1.470684415235865e-008 1.426400847477199e-008 1.381796212669624e-008 1.336938151910709e-008 1.291650713205218e-008 1.246084388672417e-008 1.200258067613393e-008 1.154168941124959e-008 1.107788563173623e-008 1.06110476044541e-008 1.014310022610668e-008 9.673727820194067e-009 9.202554322973355e-009 8.730773471522299e-009 8.256403497667165e-009 7.781306387252399e-009 7.306435414541857e-009 6.831384069498927e-009 6.357886204463378e-009 5.885784228477597e-009
2.120902141049594e-008 2.093653500927308e-008 2.065343829706369e-008 2.036334723332476e-008 2.006528294146686e-008 1.975615323251872e-008 1.94365445277712e-008 1.91065864791394e-008 1.876769912094069e-008 1.841934681651799e-008 1.806157187976716e-008 1.769708170513806e-008 1.732515875586066e-008 1.694502309988347e-008 1.655672676233625e-008 1.615969657561277e-008 1.575391224171488e-008 1.533816879953394e-008 1.491537457597758e-008 1.448662651257277e-008 1.40503540800279e-008 1.361148474089261e-008 1.317009442004258e-008 1.272486528163854e-008 1.227670487412859e-008 1.182566044797098e-008 1.137189724425073e-008 1.091515059048752e-008 1.045442137063153e-008 9.993204719447866e-009 9.530107865599464e-009 9.0658920932988e-009 8.601182868086739e-009 8.135294057479293e-009 7.668656447985173e-009 7.201963267740139e-009 6.734203957505583e-009 6.268047092418762e-009 5.802253966029683e-009
2.08741884369325e-008 2.060515184913138e-008 2.032723574741509e-008 2.004179735346049e-008 1.974852701669358e-008 1.944550284461105e-008 1.913275043040482e-008 1.880943059993256e-008 1.847473948591992e-008 1.812957962969962e-008 1.777665256733463e-008 1.741693318054786e-008 1.704971675902706e-008 1.667533126427954e-008 1.629336392645627e-008 1.590293755613116e-008 1.550350864351853e-008 1.509401159451439e-008 1.46783543001214e-008 1.425840813767932e-008 1.383270443280716e-008 1.340218135310324e-008 1.296599332315993e-008 1.252625934725158e-008 1.208532726990779e-008 1.164253083334393e-008 1.119655249924234e-008 1.074702471229234e-008 1.029410548327208e-008 9.839933012855562e-009 9.383300194867922e-009 8.925678919027871e-009 8.468688694050685e-009 8.012397567740929e-009 7.555256346491845e-009 7.094934802481706e-009 6.632147940110561e-009 6.172584255539474e-009 5.716808728805959e-009
2.05307050896753e-008 2.026600109526013e-008 1.999300508497382e-008 1.971234972147458e-008 1.942397874398911e-008 1.912500777036433e-008 1.881717377402494e-008 1.850037341504791e-008 1.817164461249346e-008 1.783042664463219e-008 1.748350798829373e-008 1.712939941357059e-008 1.676751336330252e-008 1.63989650550269e-008 1.602322740396887e-008 1.563978174090957e-008 1.524714615543383e-008 1.484412667375619e-008 1.443579665545624e-008 1.40242982874124e-008 1.360786974391021e-008 1.318548485626749e-008 1.275573371192791e-008 1.232192330019638e-008 1.188819989906631e-008 1.1452922775107e-008 1.101472374627003e-008 1.057247589273388e-008 1.012753227271954e-008 9.681715828480378e-009 9.232608313123272e-009 8.782030778660489e-009 8.333099393181732e-009 7.885402716692593e-009 7.436381542498891e-009 6.983109708193782e-009 6.527036474968788e-009 6.07577867721783e-009 5.628986777543512e-009
2.01797831853556e-008 1.992050980135229e-008 1.965210234112339e-008 1.937498467103546e-008 1.908913997901714e-008 1.87940170057713e-008 1.848861887347765e-008 1.817462964974751e-008 1.785323199776918e-008 1.752169045912502e-008 1.718213304515166e-008 1.683434617573466e-008 1.647885142958159e-008 1.611647084455069e-008 1.574720000262749e-008 1.537014789347072e-008 1.498445388008246e-008 1.458982246662649e-008 1.418999383005312e-008 1.378501814977523e-008 1.337446700117388e-008 1.295885721664231e-008 1.253830580167821e-008 1.211322029322433e-008 1.168653357502188e-008 1.125680331248201e-008 1.082421041409791e-008 1.039008480028162e-008 9.954678896092773e-009 9.516889812177154e-009 9.077254481778142e-009 8.636038871606918e-009 8.195098549863294e-009 7.753151360484719e-009 7.309209373998824e-009 6.864378010406321e-009 6.420544421205224e-009 5.979041454943423e-009 5.539140439784125e-009
1.981903278268601e-008 1.956482858807165e-008 1.930214895590954e-008 1.902874932859797e-008 1.874630384095727e-008 1.845562838119931e-008 1.815342159700399e-008 1.784316619149822e-008 1.752810883150959e-008 1.720562750176727e-008 1.687403812521733e-008 1.653329602399305e-008 1.618419530838483e-008 1.582816602208781e-008 1.546557034056054e-008 1.509461319926307e-008 1.471582503610954e-008 1.432847630440287e-008 1.393666196803265e-008 1.353841681021631e-008 1.313430293925946e-008 1.272659052413701e-008 1.231451349732615e-008 1.189787183833235e-008 1.147919995869505e-008 1.105603437287687e-008 1.063035639254649e-008 1.020472764965077e-008 9.777848149732634e-009 9.348708996378964e-009 8.917818488272726e-009 8.48539931505204e-009 8.052213862274746e-009 7.617291935941942e-009 7.180032524838723e-009 6.744647535896921e-009 6.311228854485629e-009 5.878587017375941e-009 5.445982853186047e-009
1.944573364978597e-008 1.919767974560845e-008 1.894063734796557e-008 1.867342088248646e-008 1.839712498598732e-008 1.811153183353901e-008 1.781715625138031e-008 1.751384581228041e-008 1.720223377666143e-008 1.688411465626199e-008 1.655889960257764e-008 1.622617827063894e-008 1.588530725685962e-008 1.553565451033984e-008 1.517816948881133e-008 1.481325198162058e-008 1.444057012743442e-008 1.405889050521684e-008 1.367262499779211e-008 1.328301104470219e-008 1.288832790590495e-008 1.248902445124875e-008 1.208483191299011e-008 1.167578320736612e-008 1.12646755517823e-008 1.085112463841107e-008 1.043560590167038e-008 1.001836051428822e-008 9.598457965598801e-009 9.177086400550563e-009 8.754344543970907e-009 8.329888869875613e-009 7.904191842142964e-009 7.477867253191618e-009 7.050750057781996e-009 6.625093948298478e-009 6.199646287733544e-009 5.774238783308447e-009 5.349303781880077e-009
1.906290146330152e-008 1.882084590720819e-008 1.856891469964255e-008 1.830836823869371e-008 1.80389693376994e-008 1.775983553595975e-008 1.747292723214725e-008 1.717718696132836e-008 1.687073567215429e-008 1.655673994474009e-008 1.623699804895141e-008 1.591136686646131e-008 1.557795489556162e-008 1.523489005862427e-008 1.488262291014985e-008 1.452459871546793e-008 1.415928623020781e-008 1.378393289069165e-008 1.340456564934004e-008 1.30233708682303e-008 1.263767207960739e-008 1.224667313635309e-008 1.185046094777378e-008 1.144910443964309e-008 1.104651927051187e-008 1.064199920608216e-008 1.023595951013454e-008 9.827341916016957e-009 9.415341613878686e-009 9.001609730562548e-009 8.58683585090849e-009 8.169881731810887e-009 7.752519822660351e-009 7.335063335571697e-009 6.91717115449354e-009 6.500555881835372e-009 6.083358480039688e-009 5.666028051369661e-009 5.249622848565046e-009
1.867193250525884e-008 1.843522254364565e-008 1.818756557232253e-008 1.793282983795327e-008 1.767036486585871e-008 1.739738950557944e-008 1.71171766264609e-008 1.682875661270146e-008 1.653025140300851e-008 1.622325626399434e-008 1.590870557101091e-008 1.558758009399625e-008 1.525986954690449e-008 1.492351895868464e-008 1.457792316485688e-008 1.422779519565595e-008 1.38705996905709e-008 1.350625241998239e-008 1.313591591598913e-008 1.276143554897799e-008 1.238347834653699e-008 1.200010073031576e-008 1.161140993896527e-008 1.121938526789746e-008 1.082511014872563e-008 1.042837658047127e-008 1.002987795931557e-008 9.629831548951164e-009 9.227219725025992e-009 8.82227420836217e-009 8.415447331841441e-009 8.005994735623166e-009 7.596536719568564e-009 7.187684267582096e-009 6.77818186677897e-009 6.369186527390708e-009 5.961398045275403e-009 5.553832103912461e-009 5.146462596438764e-009
