data/bds_gridfiles/version1/BDSIGSOY-R100-Q42W11S0.grd
DSAA
361 181
-180 180
-90 90
-3.3601394534658E-008 3.3603801204222E-008
[rows 102 to 118 of 181, columns 234 to 272 of 361]
-2.985891946894228e-008 -3.018884954463476e-008 -3.050477636333809e-008 -3.0804113078348e-008 -3.109291988043236e-008 -3.137084445706284e-008 -3.164919279078716e-008 -3.192855189980734e-008 -3.219194526364741e-008 -3.244586728598016e-008 -3.267495977586693e-008 -3.288420757868857e-008 -3.305909873312416e-008 -3.319909339809496e-008 -3.331691137274543e-008 -3.341010310433703e-008 -3.34856697411137e-008 -3.354082352124245e-008 -3.357805304050719e-008 -3.359398098680928e-008 -3.359544522743619e-008 -3.358479537109178e-008 -3.356266019014437e-008 -3.35230233612367e-008 -3.347038114000874e-008 -3.340564464929267e-008 -3.333077219677569e-008 -3.324622062867949e-008 -3.31529433089875e-008 -3.303598910412331e-008 -3.289949456997341e-008 -3.272086366505557e-008 -3.249586061175395e-008 -3.226370950608707e-008 -3.195144220490355e-008 -3.176900251359676e-008 -3.164034487335616e-008 -3.16845810651575e-008 -3.198160078797977e-008
-2.981279984194864e-008 -3.014389200226618e-008 -3.046255818507899e-008 -3.076698811863297e-008 -3.106054507986738e-008 -3.134333933183655e-008 -3.16240567870275e-008 -3.189878146955014e-008 -3.215957216118526e-008 -3.240993314754681e-008 -3.263467153610842e-008 -3.284379655553586e-008 -3.30163417405806e-008 -3.316022994291198e-008 -3.328202806900344e-008 -3.337530055879745e-008 -3.3453522909058e-008 -3.350840253334142e-008 -3.35479781213161e-008 -3.356809679582539e-008 -3.357527565178659e-008 -3.356695494183121e-008 -3.354611839405916e-008 -3.350835262369862e-008 -3.345646687433515e-008 -3.339299515283045e-008 -3.331786508726501e-008 -3.323213053129233e-008 -3.313546883934246e-008 -3.301635663894098e-008 -3.288516899252215e-008 -3.270845649276736e-008 -3.248461766560468e-008 -3.226193654451248e-008 -3.194373905471599e-008 -3.17693793929696e-008 -3.162442267292788e-008 -3.167474466928768e-008 -3.19936890027804e-008
-2.976818370409303e-008 -3.009410071873056e-008 -3.041164530615517e-008 -3.072028560099635e-008 -3.10180619705426e-008 -3.129956737680596e-008 -3.157671348237362e-008 -3.184953847241776e-008 -3.211192761713607e-008 -3.235603264122817e-008 -3.258137280278665e-008 -3.278121455594185e-008 -3.295101639435692e-008 -3.309840890659995e-008 -3.322037980768976e-008 -3.332051189652515e-008 -3.339993293336012e-008 -3.345918037660679e-008 -3.349770371595093e-008 -3.351995502713296e-008 -3.353156498995503e-008 -3.352644914714393e-008 -3.350969926778577e-008 -3.347752868201191e-008 -3.342556585500982e-008 -3.335926145826272e-008 -3.328584326861156e-008 -3.320122845009221e-008 -3.310081269318051e-008 -3.298774206462333e-008 -3.28449860766986e-008 -3.267343879627735e-008 -3.247177467063214e-008 -3.221544575391149e-008 -3.198223732230393e-008 -3.167635893589165e-008 -3.153220947698836e-008 -3.171010409307359e-008 -3.198343538108174e-008
-2.970776529166957e-008 -3.002902095680882e-008 -3.0346529431888e-008 -3.065818976348287e-008 -3.095674130506114e-008 -3.123684208867608e-008 -3.151081560184317e-008 -3.178236259901689e-008 -3.204522040930061e-008 -3.228524130123906e-008 -3.251095110058774e-008 -3.270623297622532e-008 -3.287477320501983e-008 -3.302317355587092e-008 -3.314656407859087e-008 -3.325037436469943e-008 -3.333208431002258e-008 -3.339472632555608e-008 -3.343333157723488e-008 -3.345827027353909e-008 -3.347224340549198e-008 -3.347002094452936e-008 -3.345623993648117e-008 -3.342744909161175e-008 -3.337710339525241e-008 -3.330972991733489e-008 -3.323766760059416e-008 -3.315390177424586e-008 -3.305153510551487e-008 -3.294040707254837e-008 -3.2795009290912e-008 -3.262755366829295e-008 -3.243544579282818e-008 -3.217386263000215e-008 -3.196424826956434e-008 -3.161023328244186e-008 -3.146917189076572e-008 -3.168496431570183e-008 -3.195471861638793e-008
-2.962235866935001e-008 -2.99537726532755e-008 -3.027186196350924e-008 -3.057473588777162e-008 -3.086937220610006e-008 -3.115185705314637e-008 -3.142535423377991e-008 -3.169625820555821e-008 -3.195265113941906e-008 -3.219737372071365e-008 -3.242299847918117e-008 -3.261699171599584e-008 -3.27867254223029e-008 -3.293514371940573e-008 -3.306073446290556e-008 -3.316668621130633e-008 -3.325260086244649e-008 -3.33177043660468e-008 -3.336012150064688e-008 -3.338881356345797e-008 -3.339864070658711e-008 -3.33969555100185e-008 -3.338538533799249e-008 -3.335847637258448e-008 -3.331051057207618e-008 -3.324688519799639e-008 -3.317645576672165e-008 -3.309737224550469e-008 -3.299293545798921e-008 -3.28687037729153e-008 -3.272354182547281e-008 -3.25578190116214e-008 -3.236691445150548e-008 -3.212420251907411e-008 -3.190800986034069e-008 -3.158762016423947e-008 -3.142902315760511e-008 -3.161062984325027e-008 -3.189369801398447e-008
-2.952694449635471e-008 -2.986232183221057e-008 -3.018131621170129e-008 -3.047836283888877e-008 -3.077183307457277e-008 -3.105423624132099e-008 -3.132656848666326e-008 -3.159759881925051e-008 -3.185008769062873e-008 -3.209436206683777e-008 -3.232130271411965e-008 -3.251174159185413e-008 -3.268247500825499e-008 -3.283115170636009e-008 -3.295853395153488e-008 -3.30661473144963e-008 -3.315458902061875e-008 -3.322182330277615e-008 -3.326551189162652e-008 -3.329734076901839e-008 -3.330656116198231e-008 -3.330667573004749e-008 -3.329733013936284e-008 -3.327341561577516e-008 -3.32271316691115e-008 -3.316468156303242e-008 -3.309603979738728e-008 -3.301979346325118e-008 -3.291470031920133e-008 -3.278727874511725e-008 -3.264276524078931e-008 -3.247861633195231e-008 -3.229418342081432e-008 -3.20551676930888e-008 -3.18573067743935e-008 -3.154046023375584e-008 -3.136086228047395e-008 -3.154567432510016e-008 -3.183461078031396e-008
-2.942558332935124e-008 -2.975377500608242e-008 -3.006980243377981e-008 -3.037222559727073e-008 -3.066525919691929e-008 -3.094893129631139e-008 -3.122395424302743e-008 -3.148952303060861e-008 -3.174502744177096e-008 -3.197839796165332e-008 -3.219004541062617e-008 -3.238092789826966e-008 -3.255481985661335e-008 -3.270433327016812e-008 -3.283873496235588e-008 -3.294859021799928e-008 -3.303412721003858e-008 -3.309788839681927e-008 -3.314634167885145e-008 -3.317477887214743e-008 -3.319381400671119e-008 -3.319959165666693e-008 -3.319025269491786e-008 -3.316611322703844e-008 -3.312469600029211e-008 -3.306872014411313e-008 -3.299927465116637e-008 -3.291915660188553e-008 -3.281731005161762e-008 -3.26970274320409e-008 -3.255799755937351e-008 -3.238607233862917e-008 -3.218758046973325e-008 -3.197964332885865e-008 -3.174290154406892e-008 -3.156551485758401e-008 -3.140805609179022e-008 -3.147555384880648e-008 -3.174716180409826e-008
-2.930959870837893e-008 -2.963177901917001e-008 -2.994762005789369e-008 -3.025154553471429e-008 -3.054439149003862e-008 -3.082901273565965e-008 -3.1103084378678e-008 -3.136572529314023e-008 -3.162190637124054e-008 -3.184925672404104e-008 -3.205255835471024e-008 -3.224386837809019e-008 -3.241806773879367e-008 -3.256816922047954e-008 -3.270548792920956e-008 -3.281701409429422e-008 -3.290056457291557e-008 -3.296508352306653e-008 -3.301448389783187e-008 -3.304458562516634e-008 -3.30673429704675e-008 -3.307725035672073e-008 -3.306922975547099e-008 -3.304670401292716e-008 -3.300795616535174e-008 -3.295468618864807e-008 -3.288444420667358e-008 -3.280403802464505e-008 -3.270433006014356e-008 -3.258626730127434e-008 -3.245081192163501e-008 -3.227905230711047e-008 -3.208077711923002e-008 -3.188469201257569e-008 -3.16432259484566e-008 -3.149890796350843e-008 -3.134657785800637e-008 -3.138786447256043e-008 -3.166261530189184e-008
-2.917115698383449e-008 -2.949906262880747e-008 -2.981379930633123e-008 -3.011833754620808e-008 -3.041199793947269e-008 -3.069458560199448e-008 -3.096627860363429e-008 -3.122525478278852e-008 -3.147284806657706e-008 -3.16993777052414e-008 -3.191524217316109e-008 -3.211200689818039e-008 -3.22779530804541e-008 -3.242587656098822e-008 -3.255757373482138e-008 -3.266963683578122e-008 -3.27566918269067e-008 -3.282004113506274e-008 -3.287168821936614e-008 -3.290833918789374e-008 -3.293258604760163e-008 -3.294077779963819e-008 -3.293481043493093e-008 -3.291598711162777e-008 -3.288484252771543e-008 -3.282814500593296e-008 -3.275329314313963e-008 -3.266921284298506e-008 -3.257158092739854e-008 -3.245238830069631e-008 -3.231431676068603e-008 -3.215094001938745e-008 -3.196191506300943e-008 -3.176896098110277e-008 -3.153166487955277e-008 -3.131295182859206e-008 -3.126711949620793e-008 -3.136017218512142e-008 -3.151732313850705e-008
-2.90237475368689e-008 -2.935250160437488e-008 -2.966650148754272e-008 -2.997114356781629e-008 -3.02644607679119e-008 -3.054501409412296e-008 -3.081493910968378e-008 -3.107066735383818e-008 -3.131406984082092e-008 -3.153962538862705e-008 -3.176185691133496e-008 -3.195920410653904e-008 -3.212242024073329e-008 -3.226630946207899e-008 -3.239613774586811e-008 -3.25089938078181e-008 -3.259732489491223e-008 -3.265982011320111e-008 -3.271427901644499e-008 -3.275513335411607e-008 -3.277990972689501e-008 -3.278895634070685e-008 -3.278305099026476e-008 -3.276601127819556e-008 -3.273822675254977e-008 -3.268133361213601e-008 -3.260465636714483e-008 -3.252086567408619e-008 -3.242570641317049e-008 -3.230832536421987e-008 -3.217026006548461e-008 -3.201293817466257e-008 -3.182797138886464e-008 -3.164179588344004e-008 -3.140454890920232e-008 -3.116566088122308e-008 -3.113492056678842e-008 -3.125111982603239e-008 -3.138697457110615e-008
-2.886648505414446e-008 -2.919434063462067e-008 -2.950863410543872e-008 -2.981104211148807e-008 -3.010133007435521e-008 -3.038080548412836e-008 -3.06504722153272e-008 -3.090547108665283e-008 -3.114866321134247e-008 -3.137538677138043e-008 -3.158795705052217e-008 -3.177972439224921e-008 -3.194706338212042e-008 -3.209255495323362e-008 -3.222002329991397e-008 -3.232627728450019e-008 -3.241542787646493e-008 -3.248517213386204e-008 -3.254082689195366e-008 -3.258587361788991e-008 -3.261459039802042e-008 -3.262146774915039e-008 -3.261213039430143e-008 -3.259342558113847e-008 -3.255942110639251e-008 -3.250682122296117e-008 -3.243745446475575e-008 -3.23546202451248e-008 -3.226663478610816e-008 -3.215660655161881e-008 -3.201844290413619e-008 -3.186173110561084e-008 -3.168320503722832e-008 -3.148041259357228e-008 -3.128251986670324e-008 -3.100776187602501e-008 -3.094787335473605e-008 -3.110762388215855e-008 -3.127553810722441e-008
-2.869705264566969e-008 -2.902286027921372e-008 -2.933598442822607e-008 -2.963658968086596e-008 -2.992415513836789e-008 -3.020139991447605e-008 -3.047087414196933e-008 -3.07243512674116e-008 -3.096781989663804e-008 -3.11924002099891e-008 -3.14002612365454e-008 -3.159028817275588e-008 -3.17575016016745e-008 -3.190343889084265e-008 -3.2030078717245e-008 -3.213331273317448e-008 -3.222424561028039e-008 -3.229664653270224e-008 -3.235316773884269e-008 -3.240061516027025e-008 -3.24314457045061e-008 -3.243778907147836e-008 -3.24275206674008e-008 -3.240875781298142e-008 -3.237443790919039e-008 -3.232411276341773e-008 -3.225688884214094e-008 -3.217581462091999e-008 -3.209182193572018e-008 -3.19856184418166e-008 -3.184987554888441e-008 -3.16952471521545e-008 -3.152146526829916e-008 -3.131833509041723e-008 -3.113816222398927e-008 -3.083515081650763e-008 -3.077456744241815e-008 -3.095672958055842e-008 -3.112008978011011e-008
-2.851492583090076e-008 -2.883535798053971e-008 -2.914765667822455e-008 -2.944826063971426e-008 -2.973443470272009e-008 -3.000629086756586e-008 -3.026918245549392e-008 -3.052680598658996e-008 -3.076896672708094e-008 -3.099129192100298e-008 -3.119390280249612e-008 -3.138298745709815e-008 -3.155561916231896e-008 -3.170269330241249e-008 -3.182383400623164e-008 -3.192915227241084e-008 -3.202314829604161e-008 -3.21021887598055e-008 -3.215714622091434e-008 -3.219557099249785e-008 -3.222388418283961e-008 -3.223566315420937e-008 -3.223145742867297e-008 -3.221398025749612e-008 -3.21817445905257e-008 -3.213151847959614e-008 -3.20667758256424e-008 -3.198758876681548e-008 -3.189629318434472e-008 -3.178773115763428e-008 -3.166353536145324e-008 -3.151604297609305e-008 -3.133408903473233e-008 -3.114415904671781e-008 -3.093474888849805e-008 -3.070670091095925e-008 -3.066351804103432e-008 -3.079228088457883e-008 -3.093100613533607e-008
-2.832020537827042e-008 -2.863509653254004e-008 -2.894557048614734e-008 -2.924589074950301e-008 -2.953042755192433e-008 -2.979662710361756e-008 -3.005667493035671e-008 -3.031520541934597e-008 -3.055751251986857e-008 -3.077752342669602e-008 -3.097708501815001e-008 -3.116363602820567e-008 -3.133962879488959e-008 -3.148636277573201e-008 -3.160363644863164e-008 -3.171003759842819e-008 -3.180635436742134e-008 -3.188796495907517e-008 -3.194358361227407e-008 -3.197801156824339e-008 -3.200613420735893e-008 -3.202113850401795e-008 -3.201939317656446e-008 -3.200414138489596e-008 -3.197297906024423e-008 -3.19243143207297e-008 -3.186013972757851e-008 -3.178204505978381e-008 -3.168990040143452e-008 -3.158128559217685e-008 -3.146262189146807e-008 -3.132060636121401e-008 -3.113988660486513e-008 -3.095664996487744e-008 -3.075156469678247e-008 -3.051725069394994e-008 -3.04759450851048e-008 -3.060612865047219e-008 -3.073746475788527e-008
-2.811101409290999e-008 -2.842691445296605e-008 -2.873342673455502e-008 -2.902581456351935e-008 -2.930698898711078e-008 -2.957547198265612e-008 -2.983411005904598e-008 -3.008943193175099e-008 -3.033430902431145e-008 -3.055427611552872e-008 -3.07576266626498e-008 -3.094235032941069e-008 -3.110291325183911e-008 -3.124388565459255e-008 -3.136952858124721e-008 -3.147771058648349e-008 -3.157152867694153e-008 -3.164921761783809e-008 -3.170784296684515e-008 -3.174944893460247e-008 -3.177824484342045e-008 -3.179355738727334e-008 -3.179398156234423e-008 -3.177874909275836e-008 -3.174867597318075e-008 -3.170212231758348e-008 -3.163845494209965e-008 -3.156081865941865e-008 -3.146935536745511e-008 -3.13617278691569e-008 -3.124179138540736e-008 -3.110341074365568e-008 -3.094175944846885e-008 -3.074675867083682e-008 -3.057448145935943e-008 -3.031751388255342e-008 -3.018718069050612e-008 -3.032873243802467e-008 -3.057249303525979e-008
-2.788718274490699e-008 -2.820199870321385e-008 -2.850634460729424e-008 -2.87934542377525e-008 -2.907307461766968e-008 -2.934130115980499e-008 -2.959665557931806e-008 -2.984998501501579e-008 -3.009662803486981e-008 -3.031395019003739e-008 -3.051897277992874e-008 -3.070151244932059e-008 -3.085483123664098e-008 -3.099426268641588e-008 -3.112208012173473e-008 -3.123071334273667e-008 -3.132335834783863e-008 -3.139996035132794e-008 -3.14606678735063e-008 -3.150496363938364e-008 -3.153491884553677e-008 -3.155212292421137e-008 -3.155293622939128e-008 -3.153832191196148e-008 -3.150967735197787e-008 -3.146489663545438e-008 -3.140237840049768e-008 -3.132582680415279e-008 -3.123499687584756e-008 -3.112945370805789e-008 -3.101024295079821e-008 -3.087677223389659e-008 -3.072295193805417e-008 -3.052843982931615e-008 -3.037180833789328e-008 -3.010150236132691e-008 -2.995158852327049e-008 -3.009359614729843e-008 -3.036799782911491e-008
-2.764195121399323e-008 -2.795921254599483e-008 -2.826130371102583e-008 -2.855152833862543e-008 -2.883278874243393e-008 -2.910031510635678e-008 -2.935283243693774e-008 -2.959965341262323e-008 -2.983617400253725e-008 -3.005230202701372e-008 -3.025434329377358e-008 -3.043728000009059e-008 -3.059754838368788e-008 -3.073905773224126e-008 -3.086670878393169e-008 -3.09715971743861e-008 -3.106073602508217e-008 -3.113762760572908e-008 -3.119974688306579e-008 -3.124628184243374e-008 -3.127997986162483e-008 -3.129958048974131e-008 -3.129790817782997e-008 -3.128158016384073e-008 -3.125401402078287e-008 -3.121387124253142e-008 -3.115564441362349e-008 -3.107684863675291e-008 -3.098566477152931e-008 -3.088410307128846e-008 -3.076794498252435e-008 -3.06329629760511e-008 -3.047092516027446e-008 -3.030625801923931e-008 -3.009305718344068e-008 -2.991072590942627e-008 -2.98434036180865e-008 -2.995197123172805e-008 -3.009207826551986e-008
