data/bds_gridfiles/version1/BDSIGSOY-R100-Q42W11S0.grd
DSAA
361 181
-180 180
-90 90
-3.3601394534658E-008 3.3603801204222E-008
[rows 17 to 33 of 181, columns 39 to 77 of 361]
5.713297198717762e-009 5.839311780517838e-009 5.962916701136878e-009 6.082766666143049e-009 6.200640601704314e-009 6.317727609508907e-009 6.433855935871102e-009 6.549233139176649e-009 6.661690835471943e-009 6.769997261279797e-009 6.873194554617326e-009 6.97309791539959e-009 7.073053430916318e-009 7.17126703463207e-009 7.268895018813532e-009 7.364428159999858e-009 7.454687582385774e-009 7.539495712603693e-009 7.619982690067861e-009 7.699673064897287e-009 7.778336004068294e-009 7.856820683193309e-009 7.931433946195477e-009 7.999998379786943e-009 8.063396566037888e-009 8.122732661008028e-009 8.180592248052551e-009 8.237240829449541e-009 8.293343343124021e-009 8.344829052295953e-009 8.390732146121852e-009 8.431577661833018e-009 8.468862988735075e-009 8.504851087767947e-009 8.539313682220486e-009 8.574428808255003e-009 8.603955832372944e-009 8.62657309454145e-009 8.64342175052496e-009
6.100011298398982e-009 6.233133198247814e-009 6.36507029887708e-009 6.494695804107672e-009 6.621528614753726e-009 6.748335025269253e-009 6.873059091633665e-009 6.993835360188978e-009 7.111850212804679e-009 7.22738642690207e-009 7.339697267456156e-009 7.449176914975148e-009 7.556873762570184e-009 7.661010498959327e-009 7.762689041273093e-009 7.862232346498336e-009 7.958167300481045e-009 8.050955220836143e-009 8.139746488419621e-009 8.223842146123458e-009 8.306271268350596e-009 8.388192976015006e-009 8.465798066747227e-009 8.538985877442772e-009 8.608781022775499e-009 8.673227763877975e-009 8.733033920013541e-009 8.792846637762337e-009 8.851120996385421e-009 8.90409604360781e-009 8.95390967996236e-009 8.99978585428867e-009 9.039463335442341e-009 9.076468846939028e-009 9.1136716490464e-009 9.148022589287891e-009 9.17634600685294e-009 9.200980242329755e-009 9.220796234208971e-009
6.490932793862545e-009 6.632073009616086e-009 6.770937209029533e-009 6.909349225092608e-009 7.046895218777724e-009 7.183201493315232e-009 7.315130082748063e-009 7.442805775445703e-009 7.566453382128508e-009 7.68872495943589e-009 7.810012632456996e-009 7.930343015858236e-009 8.045553107507698e-009 8.155526526514426e-009 8.260760089115005e-009 8.364190653379643e-009 8.46641471753169e-009 8.567718007475364e-009 8.663745602252399e-009 8.754118132156616e-009 8.839786480298052e-009 8.923336864949136e-009 9.004626742775192e-009 9.083649718593961e-009 9.158778302640731e-009 9.228348459601672e-009 9.292692148698385e-009 9.354561968384066e-009 9.414394622743696e-009 9.470937399002942e-009 9.524948302610117e-009 9.572426604877184e-009 9.615017679778893e-009 9.654578843636089e-009 9.692439635637473e-009 9.726357180492014e-009 9.756411091208437e-009 9.781027479865209e-009 9.801571927117464e-009
6.883118091730982e-009 7.0353135838104e-009 7.184010592713423e-009 7.330228423544726e-009 7.475430275195355e-009 7.618475542230143e-009 7.758083113563748e-009 7.895211298979024e-009 8.027905859467494e-009 8.156874417611133e-009 8.285632931050603e-009 8.411733601332819e-009 8.533146052443899e-009 8.651274327364072e-009 8.764504977729577e-009 8.873384931504929e-009 8.981824056778704e-009 9.087431571783313e-009 9.187899322818917e-009 9.285162650552454e-009 9.377610447519258e-009 9.465595206114081e-009 9.551357914828819e-009 9.633548173811378e-009 9.710865730947396e-009 9.785302346733264e-009 9.855567420442052e-009 9.922285858116186e-009 9.985402849497086e-009 1.004357450173997e-008 1.009690364022553e-008 1.014700209261555e-008 1.019336785708329e-008 1.023664563164512e-008 1.027559273948033e-008 1.030888777518098e-008 1.033804200087397e-008 1.036343526299221e-008 1.038548869615191e-008
7.278009754205369e-009 7.441140279929134e-009 7.600288252826015e-009 7.755312423353556e-009 7.907104093174065e-009 8.057141731676706e-009 8.205540303040532e-009 8.352031078939468e-009 8.493142044035355e-009 8.629984685430193e-009 8.764600113921571e-009 8.896471106757044e-009 9.025465194856069e-009 9.151057372994707e-009 9.271482145997243e-009 9.387867679055102e-009 9.501753569933491e-009 9.612090813515596e-009 9.719185732316253e-009 9.821389677184422e-009 9.919253054919273e-009 1.001369083797805e-008 1.010363895636454e-008 1.01896805452873e-008 1.027130759526601e-008 1.03479365045496e-008 1.042239137052549e-008 1.049405097356091e-008 1.056048552184666e-008 1.062205830654298e-008 1.067622344887709e-008 1.072672090646658e-008 1.077578787210567e-008 1.082092861658407e-008 1.086089056728003e-008 1.089568742280364e-008 1.092379772513972e-008 1.094961140239677e-008 1.097332720738606e-008
7.677374564387598e-009 7.848254453466682e-009 8.015971746458769e-009 8.181138914041605e-009 8.342781057348619e-009 8.501715982339609e-009 8.6577910323551e-009 8.809725686357837e-009 8.95894398745877e-009 9.104933629005285e-009 9.247766899231149e-009 9.386639428770469e-009 9.521109301594455e-009 9.652177329257449e-009 9.779896879105192e-009 9.90484302070309e-009 1.002572052409379e-008 1.014082341565119e-008 1.025207678036671e-008 1.035927556915217e-008 1.046350533270715e-008 1.056508334345871e-008 1.065890767466209e-008 1.074689795385407e-008 1.083231990808668e-008 1.091333134841994e-008 1.099273532411846e-008 1.106750248472574e-008 1.113542038140191e-008 1.119900024891524e-008 1.125719443707921e-008 1.131067142790088e-008 1.136173803949916e-008 1.140650124210954e-008 1.144586966877114e-008 1.148160521673558e-008 1.151308155306553e-008 1.15420259480097e-008 1.156513587252556e-008
8.079385614505877e-009 8.25953738644526e-009 8.435984883032845e-009 8.609721699811014e-009 8.781289416429722e-009 8.949469085142405e-009 9.113900738330806e-009 9.272907831128039e-009 9.428573027250111e-009 9.582618037004859e-009 9.733467019674992e-009 9.879937830305653e-009 1.002097156690401e-008 1.015694192554205e-008 1.029163387658601e-008 1.042401699618522e-008 1.055124727958505e-008 1.0672440296505e-008 1.078721129466353e-008 1.08996651550165e-008 1.101070497518842e-008 1.111735865364426e-008 1.121647472055109e-008 1.130741491110848e-008 1.139467533365575e-008 1.148083858941635e-008 1.15647090645107e-008 1.164142579287943e-008 1.171189524379346e-008 1.177669143481603e-008 1.183767519747388e-008 1.189537689024177e-008 1.194775755485967e-008 1.199405858818199e-008 1.203367226159607e-008 1.207007294767086e-008 1.210544295071771e-008 1.21356096058949e-008 1.215784550848938e-008
8.482297415035584e-009 8.671901582209522e-009 8.857702671843783e-009 9.040637702893546e-009 9.221725173022917e-009 9.397219162977768e-009 9.569294296488938e-009 9.73752920911713e-009 9.901513395800247e-009 1.0062975853925e-008 1.021963012262416e-008 1.037237269211735e-008 1.052116942609042e-008 1.066599293614007e-008 1.080751212056717e-008 1.09442126490254e-008 1.107607957210607e-008 1.12033312386581e-008 1.132648812194281e-008 1.144508514686198e-008 1.155936472363513e-008 1.166859702070449e-008 1.177211820333281e-008 1.186994745441503e-008 1.196217088730668e-008 1.205133650593451e-008 1.213652456300667e-008 1.221547566572834e-008 1.22901047619577e-008 1.235870165961968e-008 1.242181652176874e-008 1.248041895601596e-008 1.253338860350775e-008 1.258227843855346e-008 1.262546941879096e-008 1.266375528231354e-008 1.269870461842084e-008 1.272662976827107e-008 1.274944067166834e-008
8.884984219920827e-009 9.083038758245923e-009 9.278407776985946e-009 9.472831483229137e-009 9.662444888271678e-009 9.845777466396949e-009 1.002433101602553e-008 1.020077456214185e-008 1.037490897395462e-008 1.05439122206775e-008 1.070732499057378e-008 1.086601200930809e-008 1.102234837046151e-008 1.117655543427012e-008 1.132421380623508e-008 1.146599440413075e-008 1.160304255137367e-008 1.173697558283576e-008 1.186791282999447e-008 1.199146174400829e-008 1.210919792895085e-008 1.222166960725407e-008 1.23295884383169e-008 1.24328943999226e-008 1.253037230864028e-008 1.262324483544473e-008 1.271107990184404e-008 1.279413124701173e-008 1.287211158168454e-008 1.294318807649806e-008 1.300891432520862e-008 1.306880661105158e-008 1.312458971835173e-008 1.317484896291436e-008 1.32193857881215e-008 1.325944216351554e-008 1.329361686605777e-008 1.3322494740878e-008 1.33446221406757e-008
9.287836527594185e-009 9.495881939338245e-009 9.701474044011643e-009 9.90419352463319e-009 1.010126299203747e-008 1.029395316714932e-008 1.048211395611983e-008 1.066732638732971e-008 1.084795800843728e-008 1.10237385903892e-008 1.119584115570028e-008 1.136303035681103e-008 1.152689488049934e-008 1.168560468997511e-008 1.183929119724512e-008 1.198869006255531e-008 1.213379215552291e-008 1.227351538672733e-008 1.240723452012226e-008 1.253607190024704e-008 1.266047833801812e-008 1.277903534879262e-008 1.288976244894013e-008 1.299573909698357e-008 1.309799793524726e-008 1.319691125423213e-008 1.328873523110876e-008 1.337301756044992e-008 1.345251014695669e-008 1.352749999941691e-008 1.359864972296028e-008 1.365960960732434e-008 1.371466208300113e-008 1.376589059222109e-008 1.381395887678321e-008 1.385646999937201e-008 1.388852308309154e-008 1.391617944275789e-008 1.393893506787924e-008
9.693014513253691e-009 9.910160456436557e-009 1.012484052404477e-008 1.033534390548203e-008 1.054103458618294e-008 1.074258947919195e-008 1.094086187602608e-008 1.11355031150296e-008 1.132469303087425e-008 1.15073415463784e-008 1.168597486251827e-008 1.186112155427559e-008 1.203219898147639e-008 1.21972120810168e-008 1.235633156317759e-008 1.25127711082607e-008 1.266551190339571e-008 1.28113244491119e-008 1.294905623179018e-008 1.308242108206851e-008 1.321346437003565e-008 1.333846810869065e-008 1.345462071552254e-008 1.35619468280107e-008 1.366811332227905e-008 1.377203981621665e-008 1.386738118705085e-008 1.395352280667176e-008 1.403416936995596e-008 1.411417384298406e-008 1.418868027918011e-008 1.425236195571006e-008 1.430590771544595e-008 1.435825279860756e-008 1.441022304444384e-008 1.445257663449535e-008 1.448466824159734e-008 1.451002081171698e-008 1.453453225882175e-008
1.009775255522513e-008 1.032470098570251e-008 1.054820874995111e-008 1.076660647101353e-008 1.098080115292771e-008 1.119179901444683e-008 1.13998980690705e-008 1.160218370327731e-008 1.179917618020734e-008 1.199043988761757e-008 1.217640175180638e-008 1.235829941731681e-008 1.253566163283515e-008 1.270778862499564e-008 1.287509055532634e-008 1.303778833637666e-008 1.319529676568396e-008 1.334629078799757e-008 1.349149967525655e-008 1.363118347384829e-008 1.376598793975501e-008 1.389430939471343e-008 1.401582308125614e-008 1.413051315138828e-008 1.423990844637007e-008 1.434491823807212e-008 1.444246525830636e-008 1.45338942029008e-008 1.461863893977409e-008 1.469981212137897e-008 1.477387876152356e-008 1.483997068478797e-008 1.489820216325231e-008 1.495196584186948e-008 1.500195103918495e-008 1.504377514517179e-008 1.507808911337253e-008 1.510575281459468e-008 1.512926565340137e-008
1.050228930063276e-008 1.073982547640463e-008 1.097148047185409e-008 1.119816861831647e-008 1.142138318366441e-008 1.164350196352105e-008 1.185876085353342e-008 1.206732556693603e-008 1.227092580756201e-008 1.247016332229764e-008 1.266466752084059e-008 1.285435926859971e-008 1.303870885664787e-008 1.321857885548437e-008 1.339379898431415e-008 1.356189955067577e-008 1.372449520176638e-008 1.388185258358964e-008 1.403447620269612e-008 1.417918080123555e-008 1.431751944509622e-008 1.444991003954328e-008 1.457693266406625e-008 1.469671209149468e-008 1.481010777723874e-008 1.491802491664781e-008 1.50200629844527e-008 1.511454318500492e-008 1.520206997734458e-008 1.528291268945312e-008 1.535746653421602e-008 1.542559628269302e-008 1.548716813373557e-008 1.554230151203715e-008 1.559114793046414e-008 1.563337513384595e-008 1.566929862557098e-008 1.569926943032002e-008 1.572233614320538e-008
1.090811276189519e-008 1.115223576682183e-008 1.139271196163678e-008 1.163041266831964e-008 1.18639668095855e-008 1.209215408469419e-008 1.231447539798727e-008 1.253168074868462e-008 1.274315761775422e-008 1.294904797228784e-008 1.315090872225067e-008 1.334958289409533e-008 1.354290096211264e-008 1.372862198500734e-008 1.390887441200485e-008 1.408376551171451e-008 1.425332433837164e-008 1.441678275182546e-008 1.457376454949435e-008 1.472411769690633e-008 1.486824133148118e-008 1.50046109413793e-008 1.513522792311655e-008 1.52596994119459e-008 1.537827448052695e-008 1.548960218527128e-008 1.559427698815781e-008 1.569242573887179e-008 1.578450134769468e-008 1.586519635765831e-008 1.593993286282478e-008 1.601024354598256e-008 1.607538197993807e-008 1.613095940847305e-008 1.617911683925947e-008 1.62220981916671e-008 1.626072800146495e-008 1.629047841428782e-008 1.63115279481135e-008
1.13134420889202e-008 1.156502165377653e-008 1.181394686291873e-008 1.206222051661165e-008 1.230397277354747e-008 1.253850402883737e-008 1.276864881011762e-008 1.299500363826568e-008 1.32153472392504e-008 1.342842044548577e-008 1.363773038730828e-008 1.384635617934536e-008 1.404659378452775e-008 1.423706068285353e-008 1.442263527225003e-008 1.460473933848479e-008 1.477982153398319e-008 1.494827589763008e-008 1.511072498382296e-008 1.52678941069601e-008 1.541713278931691e-008 1.555787220280294e-008 1.569205218731272e-008 1.58217671999581e-008 1.594392416138667e-008 1.605886683959616e-008 1.616721175452988e-008 1.627146179588318e-008 1.636590494465028e-008 1.64485880349442e-008 1.652399465061716e-008 1.659790952043044e-008 1.6663260743196e-008 1.671945681980093e-008 1.67690994902078e-008 1.681577040494384e-008 1.685284854362799e-008 1.688045744620435e-008 1.690029231586405e-008
1.171430133832687e-008 1.197680243177476e-008 1.223519174272904e-008 1.249074883209285e-008 1.273995201001858e-008 1.298359719883839e-008 1.322227767412016e-008 1.345600217921413e-008 1.36838557400355e-008 1.390632986461576e-008 1.412529906387456e-008 1.433924610229965e-008 1.454502610960715e-008 1.474396724444012e-008 1.493692534611709e-008 1.512281162346178e-008 1.530283848663369e-008 1.547827614889246e-008 1.564794538598339e-008 1.58082976828897e-008 1.596172952765044e-008 1.610969055984126e-008 1.6249755703026e-008 1.638017247191327e-008 1.650534911977648e-008 1.662617930280623e-008 1.673977625613289e-008 1.684453473383863e-008 1.694065921110262e-008 1.70289634853657e-008 1.710734339194956e-008 1.717932342975987e-008 1.724521590591043e-008 1.730463286480225e-008 1.735655102432329e-008 1.740151612795068e-008 1.743808821389361e-008 1.746742112119853e-008 1.748622597674936e-008
1.211211838596299e-008 1.238428724469768e-008 1.26531220152649e-008 1.291678880820816e-008 1.317391357404769e-008 1.342614457285534e-008 1.367396350361607e-008 1.391543435348949e-008 1.415051079202898e-008 1.438172394861302e-008 1.460966300663785e-008 1.482888499787224e-008 1.504065260611654e-008 1.524790964590033e-008 1.544947708619917e-008 1.564143603806145e-008 1.582562908464394e-008 1.600833929656189e-008 1.618367143170076e-008 1.634794291983739e-008 1.650555589267665e-008 1.666109114509687e-008 1.680673105914486e-008 1.693908409292873e-008 1.706675790091098e-008 1.71926559515876e-008 1.73078706335545e-008 1.741354188708006e-008 1.751288083900292e-008 1.760549522322368e-008 1.768694805765837e-008 1.775779883237288e-008 1.782484894968864e-008 1.788547342098894e-008 1.793768398294464e-008 1.798264938946026e-008 1.802121423014696e-008 1.805056667108059e-008 1.806863865642203e-008
