data/bds_gridfiles/version1/BDSIGSOZ-R100-Q15W43S0.grd
DSAA
361 181
-180 180
-90 90
-2.6350387451993E-008 2.6577125582961E-008
[rows 136 to 152 of 181, columns 266 to 303 of 361]
-2.104563533649066e-008 -2.091615743844094e-008 -2.077432250006363e-008 -2.061339737416441e-008 -2.054662237821395e-008 -2.059645790035775e-008 -2.075659101011402e-008 -2.091621545963599e-008 -2.104701098239492e-008 -2.11753953734178e-008 -2.129061165654928e-008 -2.140556262188113e-008 -2.151300560248807e-008 -2.161849932202189e-008 -2.172617224061321e-008 -2.183286875332481e-008 -2.193598358073417e-008 -2.203625877685835e-008 -2.213339652387495e-008 -2.222510550555494e-008 -2.231432924391313e-008 -2.240092427338098e-008 -2.248557561230198e-008 -2.256400058557139e-008 -2.263835680642513e-008 -2.271144623888274e-008 -2.278473914313572e-008 -2.28568088371712e-008 -2.292371639266151e-008 -2.29864600053245e-008 -2.304576959678235e-008 -2.310108184503092e-008 -2.315254895911016e-008 -2.319936504513853e-008 -2.323941829246644e-008 -2.327419235941336e-008 -2.330373948466736e-008 -2.33307512320268e-008
-2.136000803774836e-008 -2.12338356573377e-008 -2.10926856104237e-008 -2.094047117707786e-008 -2.087144980487375e-008 -2.092811003196095e-008 -2.108251183792395e-008 -2.123711739749492e-008 -2.136230863184244e-008 -2.148947753617804e-008 -2.160424455762191e-008 -2.172048550367344e-008 -2.182878338786172e-008 -2.193311037326282e-008 -2.204103647835951e-008 -2.214728609865037e-008 -2.224903970868445e-008 -2.234826821771894e-008 -2.24442851255153e-008 -2.253592736018712e-008 -2.262545548848971e-008 -2.271287489588331e-008 -2.279800234716763e-008 -2.287667515068124e-008 -2.295122061169433e-008 -2.302363474942835e-008 -2.309668953616577e-008 -2.316859087206669e-008 -2.323518015779261e-008 -2.329786405189401e-008 -2.335696528349382e-008 -2.341153838159006e-008 -2.346233721524669e-008 -2.350880640823754e-008 -2.354934570505977e-008 -2.358508710093763e-008 -2.361555191055624e-008 -2.364177720036837e-008
-2.16617312659165e-008 -2.152507675451695e-008 -2.138165851383901e-008 -2.128475468318114e-008 -2.123099615827161e-008 -2.129033420698286e-008 -2.140124067821602e-008 -2.152748696268749e-008 -2.166366264305883e-008 -2.178632973754636e-008 -2.190823006221063e-008 -2.202311594335304e-008 -2.213245431180694e-008 -2.223944797601381e-008 -2.234515783952484e-008 -2.245031259063292e-008 -2.255062987506294e-008 -2.264807982999895e-008 -2.274321467079024e-008 -2.283502285534837e-008 -2.292367785036914e-008 -2.300908523064443e-008 -2.309228920294751e-008 -2.317297165113927e-008 -2.325035160842981e-008 -2.332433025432183e-008 -2.33958069313535e-008 -2.346622588656339e-008 -2.353212013228785e-008 -2.359400409021776e-008 -2.365198736252459e-008 -2.370577752050937e-008 -2.375603782815468e-008 -2.38026571035518e-008 -2.384409569307533e-008 -2.388018321176939e-008 -2.391152421583745e-008 -2.393873136143977e-008
-2.194997087235227e-008 -2.180821221706332e-008 -2.166914485966279e-008 -2.159506092658468e-008 -2.15630755618934e-008 -2.161563057938198e-008 -2.170249116391149e-008 -2.181165165940545e-008 -2.195036555155081e-008 -2.207224473483997e-008 -2.219474234668939e-008 -2.231042572006274e-008 -2.241980271434241e-008 -2.252800433695483e-008 -2.26329771969975e-008 -2.273653864484318e-008 -2.28364653494765e-008 -2.293370488337281e-008 -2.302812040546901e-008 -2.311995472090058e-008 -2.320800758348934e-008 -2.329159618777759e-008 -2.337393405108392e-008 -2.345477296837181e-008 -2.353266005291722e-008 -2.360681543935373e-008 -2.36782545809938e-008 -2.374730967522576e-008 -2.381238135794402e-008 -2.387377775728717e-008 -2.393068920526146e-008 -2.398358264221688e-008 -2.403285561359807e-008 -2.407956287356317e-008 -2.412146458842006e-008 -2.415806270541573e-008 -2.418972007396589e-008 -2.421653950563627e-008
-2.222465925578968e-008 -2.207927211177441e-008 -2.19474241981631e-008 -2.187744962869589e-008 -2.185369996417977e-008 -2.189925178144138e-008 -2.197602548513249e-008 -2.20850688527573e-008 -2.222382357263688e-008 -2.234878632746664e-008 -2.246842979121939e-008 -2.258336070831052e-008 -2.269177850354023e-008 -2.279939959983794e-008 -2.290395121379677e-008 -2.300566071460368e-008 -2.310565264221249e-008 -2.32045146783639e-008 -2.33004994516118e-008 -2.339248369553417e-008 -2.347854531960019e-008 -2.356103748197063e-008 -2.364204282107289e-008 -2.372146024001068e-008 -2.379867502412584e-008 -2.387273025673374e-008 -2.394342884896059e-008 -2.401162267111146e-008 -2.407671469716293e-008 -2.413747914389042e-008 -2.419337626602024e-008 -2.424459962174506e-008 -2.429241122497702e-008 -2.433920234186262e-008 -2.438186336987956e-008 -2.441862282514234e-008 -2.445030328820877e-008 -2.447615079822923e-008
-2.248653232710173e-008 -2.234079909001245e-008 -2.220669499958172e-008 -2.213551988338645e-008 -2.210573692334991e-008 -2.215778177970586e-008 -2.223879132363775e-008 -2.234949882367314e-008 -2.248473505107641e-008 -2.26079515871722e-008 -2.272699438936345e-008 -2.284129661916364e-008 -2.294807921957985e-008 -2.305492579062089e-008 -2.315877700965866e-008 -2.326010699811404e-008 -2.336013922594288e-008 -2.345977454634046e-008 -2.355551985092311e-008 -2.364648345812453e-008 -2.373219550858766e-008 -2.381401478977187e-008 -2.389344809453482e-008 -2.397239279038215e-008 -2.404894966066419e-008 -2.412175924879913e-008 -2.419138277789307e-008 -2.425835840190825e-008 -2.432322932895994e-008 -2.438391290595725e-008 -2.444001398835401e-008 -2.449071717751321e-008 -2.45375915034584e-008 -2.458370183328951e-008 -2.462573616436501e-008 -2.466255027305334e-008 -2.469434731070316e-008 -2.472061213548306e-008
-2.273423276697383e-008 -2.259470244444115e-008 -2.244345484608556e-008 -2.234368602395506e-008 -2.232209954695746e-008 -2.2383712355621e-008 -2.249082718731032e-008 -2.260883298344099e-008 -2.27304146822659e-008 -2.285573681414166e-008 -2.297030712653275e-008 -2.308360584262349e-008 -2.319185464217846e-008 -2.329488676936917e-008 -2.339748293809722e-008 -2.350017528626495e-008 -2.360120233501304e-008 -2.369934172658531e-008 -2.379266612661387e-008 -2.38823851969105e-008 -2.396826945121343e-008 -2.405060800878652e-008 -2.412949186296675e-008 -2.420762147357157e-008 -2.428322470303089e-008 -2.435434688356904e-008 -2.442236198824445e-008 -2.448717669456647e-008 -2.45512514219308e-008 -2.461302468530318e-008 -2.467067114823863e-008 -2.472269745788883e-008 -2.47690626426759e-008 -2.481288045259462e-008 -2.48526594619009e-008 -2.488941775319223e-008 -2.492180254684973e-008 -2.494970256728709e-008
-2.296690357927116e-008 -2.283208776954442e-008 -2.267873014801226e-008 -2.256386178739799e-008 -2.254094405489201e-008 -2.259904344279891e-008 -2.272118644080468e-008 -2.284342835893902e-008 -2.296213968879985e-008 -2.308593147517831e-008 -2.319768188416434e-008 -2.331104929851007e-008 -2.341918361387226e-008 -2.352016901365597e-008 -2.362185185007582e-008 -2.372437015270358e-008 -2.382457876739217e-008 -2.392117227967212e-008 -2.401259919481936e-008 -2.410057741229516e-008 -2.418663782188882e-008 -2.42686882512733e-008 -2.434679466147812e-008 -2.442417813581035e-008 -2.449930883924401e-008 -2.456987935324673e-008 -2.463727391262592e-008 -2.470100908953661e-008 -2.476387988101607e-008 -2.48249716607219e-008 -2.488252598375901e-008 -2.493491004053189e-008 -2.498215191699403e-008 -2.502532456754319e-008 -2.506365938554252e-008 -2.509940391287674e-008 -2.513092881296357e-008 -2.515889531580551e-008
-2.317738935863644e-008 -2.30501554550726e-008 -2.292542971283396e-008 -2.280517095810872e-008 -2.277198755416971e-008 -2.281099942825127e-008 -2.291266448468685e-008 -2.304796635403054e-008 -2.317763097738584e-008 -2.329715333026379e-008 -2.341560841178657e-008 -2.35252952811788e-008 -2.362943600376922e-008 -2.373265570113868e-008 -2.383297896723961e-008 -2.393292443783673e-008 -2.403049707329809e-008 -2.412522072796565e-008 -2.421499078944115e-008 -2.430059874917339e-008 -2.438610056012409e-008 -2.446826670438085e-008 -2.454573151455297e-008 -2.462145714825328e-008 -2.469660818217383e-008 -2.476833351477757e-008 -2.483665564850151e-008 -2.490039720037429e-008 -2.496128075939392e-008 -2.501978215257546e-008 -2.50747165749474e-008 -2.512777780128776e-008 -2.517681280939e-008 -2.522144167864048e-008 -2.52596656850393e-008 -2.529247457068278e-008 -2.532148868310649e-008 -2.534754651199799e-008
-2.337606451890196e-008 -2.325342314558165e-008 -2.3138478893396e-008 -2.302529623033539e-008 -2.298479914914939e-008 -2.301570304255103e-008 -2.311098479584555e-008 -2.324694587061551e-008 -2.337761614203041e-008 -2.349467109347714e-008 -2.361421940265593e-008 -2.372207950891236e-008 -2.382441791135628e-008 -2.392752612990511e-008 -2.402640248292303e-008 -2.412460509252405e-008 -2.422076641263531e-008 -2.431420391419014e-008 -2.440304120810852e-008 -2.448736360231036e-008 -2.45715749961448e-008 -2.465309354884791e-008 -2.472997758004899e-008 -2.480449560770166e-008 -2.487867278240133e-008 -2.495003715458185e-008 -2.501788283004064e-008 -2.508127713852763e-008 -2.514141061389006e-008 -2.519833684765519e-008 -2.525184431163275e-008 -2.530379100950986e-008 -2.535236647554264e-008 -2.539672292146694e-008 -2.543486158258782e-008 -2.546696246958365e-008 -2.549532639759197e-008 -2.552121228511851e-008
-2.35624051700203e-008 -2.343074090708542e-008 -2.330567076847579e-008 -2.322059610154054e-008 -2.31790252480275e-008 -2.321121466813079e-008 -2.332305040501808e-008 -2.34410321496e-008 -2.356234020659814e-008 -2.368356690440964e-008 -2.379328072359837e-008 -2.390176667566873e-008 -2.400695709185914e-008 -2.410558662088432e-008 -2.42017776934249e-008 -2.429938669723829e-008 -2.439517343957717e-008 -2.448840264690152e-008 -2.457755738595878e-008 -2.46615708283954e-008 -2.474362333813455e-008 -2.482369502084859e-008 -2.490031730783715e-008 -2.497368662905978e-008 -2.504567743253494e-008 -2.511479975443919e-008 -2.518089355898478e-008 -2.524424871839696e-008 -2.530424629792299e-008 -2.536074844983367e-008 -2.541336535295172e-008 -2.546314231388409e-008 -2.550903403940046e-008 -2.555072579360184e-008 -2.558971826672934e-008 -2.562306657271007e-008 -2.565207593034153e-008 -2.567844575299762e-008
-2.373241415756433e-008 -2.359953081762772e-008 -2.346547364235497e-008 -2.33853428662878e-008 -2.334158551284988e-008 -2.337710580096472e-008 -2.350093216597358e-008 -2.3615037128175e-008 -2.373261051842029e-008 -2.385288513338957e-008 -2.395851019487283e-008 -2.406606455566098e-008 -2.417145213239185e-008 -2.426806012009223e-008 -2.436221845667722e-008 -2.445856977769088e-008 -2.455331749492007e-008 -2.464550069455623e-008 -2.473391034598527e-008 -2.48177704419995e-008 -2.489879409381331e-008 -2.497700527750405e-008 -2.505250602487016e-008 -2.512547282944297e-008 -2.519576945000388e-008 -2.526263886767695e-008 -2.532730594226468e-008 -2.538991354363698e-008 -2.544906748039894e-008 -2.550442568396932e-008 -2.555628947878373e-008 -2.560489542544715e-008 -2.564934375724589e-008 -2.568997250795206e-008 -2.572820704418566e-008 -2.57619385704618e-008 -2.57911904601205e-008 -2.581734761326091e-008
-2.388460174689007e-008 -2.376446737714595e-008 -2.36213252224097e-008 -2.351465451152942e-008 -2.346515571958456e-008 -2.35028966718127e-008 -2.362359643551817e-008 -2.375965538548587e-008 -2.388833791619353e-008 -2.400312798618739e-008 -2.411524154055159e-008 -2.421910332275292e-008 -2.43173960843478e-008 -2.441566385401875e-008 -2.450966107717693e-008 -2.460300326504688e-008 -2.469487593873143e-008 -2.478470349077403e-008 -2.487219130812693e-008 -2.495585611414614e-008 -2.503606023419852e-008 -2.511306755928395e-008 -2.51874395574692e-008 -2.525946415441711e-008 -2.532859982733832e-008 -2.539391436841541e-008 -2.54568620054216e-008 -2.551802476529808e-008 -2.557597023708213e-008 -2.563011577876038e-008 -2.568113444759151e-008 -2.572897648272095e-008 -2.577313939703409e-008 -2.581341000800328e-008 -2.585030469264354e-008 -2.588354976941317e-008 -2.591302913021201e-008 -2.593889208933666e-008
-2.402241625263856e-008 -2.391135983686031e-008 -2.377154091038402e-008 -2.364748224421757e-008 -2.359620291876573e-008 -2.363596627226039e-008 -2.374667467410262e-008 -2.38950295682097e-008 -2.402659381485079e-008 -2.413735367325527e-008 -2.424963171762861e-008 -2.435233504141984e-008 -2.444783233922742e-008 -2.454563551934778e-008 -2.463926013117269e-008 -2.473013919485439e-008 -2.481956987666845e-008 -2.490739808096709e-008 -2.499313116079598e-008 -2.507582219980779e-008 -2.515481202794977e-008 -2.523069658499417e-008 -2.530387229074915e-008 -2.537444120683844e-008 -2.544208785736829e-008 -2.550597325343938e-008 -2.556728139815707e-008 -2.562730966442398e-008 -2.568429840686212e-008 -2.57374077769888e-008 -2.57873767791597e-008 -2.583445482599162e-008 -2.587793832500394e-008 -2.591790086512288e-008 -2.595416358546485e-008 -2.598667498920805e-008 -2.601566209417496e-008 -2.60412723601767e-008
-2.413945760813582e-008 -2.403545260576706e-008 -2.391081699067618e-008 -2.379194309480681e-008 -2.375809580901281e-008 -2.379736179299281e-008 -2.387271200392386e-008 -2.400856578390842e-008 -2.414256035636261e-008 -2.425399779434919e-008 -2.436297082773188e-008 -2.44694176569617e-008 -2.456517340350432e-008 -2.465775527755223e-008 -2.475035686120658e-008 -2.484023138051793e-008 -2.492774321806174e-008 -2.501338409113271e-008 -2.509649579785669e-008 -2.517759911230438e-008 -2.525552585151916e-008 -2.532989890725672e-008 -2.540130670688411e-008 -2.547031948775807e-008 -2.553629689731391e-008 -2.559846850925952e-008 -2.565832562940561e-008 -2.571760491545267e-008 -2.577399501526592e-008 -2.582621981390891e-008 -2.587470339310137e-008 -2.592101561273437e-008 -2.596437214671855e-008 -2.600375008849269e-008 -2.603913094624321e-008 -2.607099569140464e-008 -2.609949744207898e-008 -2.612457089816574e-008
-2.424524398526125e-008 -2.414776131481121e-008 -2.402706470399964e-008 -2.39123058282158e-008 -2.388162540827294e-008 -2.391686748501151e-008 -2.398245429161386e-008 -2.411222513930744e-008 -2.424746863125384e-008 -2.435672614060587e-008 -2.446309421165596e-008 -2.456917594964252e-008 -2.466324989153521e-008 -2.475305362474336e-008 -2.4844342686266e-008 -2.493298667916338e-008 -2.501856811578218e-008 -2.51019726940711e-008 -2.518298308914602e-008 -2.526198439977924e-008 -2.533842678217536e-008 -2.541134410653632e-008 -2.54811465160638e-008 -2.554818026732225e-008 -2.561267459780128e-008 -2.567405685876936e-008 -2.573314804876535e-008 -2.579115444156621e-008 -2.584609342949704e-008 -2.589718075617972e-008 -2.594457965082092e-008 -2.59897104892677e-008 -2.603191911541667e-008 -2.607053009755921e-008 -2.610518272873226e-008 -2.613620575895621e-008 -2.616394286850585e-008 -2.618868054257166e-008
-2.43411598242842e-008 -2.423260217849595e-008 -2.411201254897742e-008 -2.399998412094714e-008 -2.395306154935044e-008 -2.398418834164764e-008 -2.407283835802545e-008 -2.420586251491729e-008 -2.433939404021613e-008 -2.444760563047324e-008 -2.455170929760855e-008 -2.465300749511039e-008 -2.474431284616855e-008 -2.483200075404167e-008 -2.492153701345133e-008 -2.500863227248377e-008 -2.509221597706305e-008 -2.517313252222721e-008 -2.525193860728839e-008 -2.532932350084476e-008 -2.540408863601808e-008 -2.547509603405182e-008 -2.554264135270935e-008 -2.560834315377974e-008 -2.567188303953632e-008 -2.573296220812093e-008 -2.579190125398633e-008 -2.584788407047628e-008 -2.590067461358436e-008 -2.595044016321753e-008 -2.599693798271765e-008 -2.604034013086037e-008 -2.608081930009516e-008 -2.611816839658351e-008 -2.615182054573297e-008 -2.618196416673672e-008 -2.620936791398434e-008 -2.623385263796129e-008
