data/bds_gridfiles/version1/BDSIGSOY-R100-Q42W11S0.grd
DSAA
361 181
-180 180
-90 90
-3.3601394534658E-008 3.3603801204222E-008
[rows 51 to 67 of 181, columns 234 to 272 of 361]
-2.395423632861354e-008 -2.423452812572379e-008 -2.450317850797764e-008 -2.476223085828492e-008 -2.500918576012422e-008 -2.524275466685089e-008 -2.546481751954088e-008 -2.567290123995451e-008 -2.586840215392032e-008 -2.605058921259866e-008 -2.622185696382145e-008 -2.638438692722496e-008 -2.65331663996073e-008 -2.666496059394236e-008 -2.677773573191524e-008 -2.6882462005084e-008 -2.698084003552153e-008 -2.706645557274916e-008 -2.713342858560405e-008 -2.718371677565677e-008 -2.722230364192205e-008 -2.724981434549394e-008 -2.72649168503703e-008 -2.726596342473547e-008 -2.725346337866958e-008 -2.722583028758688e-008 -2.718824954720172e-008 -2.713914361266967e-008 -2.707630191888464e-008 -2.700298118915186e-008 -2.69188835488511e-008 -2.681984278129656e-008 -2.670026682160317e-008 -2.656677981034933e-008 -2.645520668444989e-008 -2.625369528642997e-008 -2.616700366768554e-008 -2.622363207595975e-008 -2.644975722379479e-008
-2.433459703926822e-008 -2.461687792710932e-008 -2.488868530439508e-008 -2.515047304462462e-008 -2.540196180876573e-008 -2.563934610515106e-008 -2.58639609061029e-008 -2.607677783590378e-008 -2.627479001447455e-008 -2.645832756940641e-008 -2.6632168869972e-008 -2.67942367903539e-008 -2.694404348833398e-008 -2.707817883281377e-008 -2.719718343277695e-008 -2.73061085860501e-008 -2.739868869621696e-008 -2.74759742519247e-008 -2.754150116181557e-008 -2.759505989011235e-008 -2.763507549686818e-008 -2.766219348569624e-008 -2.767837610057561e-008 -2.767968103451776e-008 -2.766417157395787e-008 -2.763537395572216e-008 -2.75953852534777e-008 -2.754373275337689e-008 -2.748028299651722e-008 -2.740277349783879e-008 -2.731593451424844e-008 -2.721346409953758e-008 -2.70858756842714e-008 -2.695494220339345e-008 -2.682192880876559e-008 -2.660046305961786e-008 -2.653230920986484e-008 -2.66272073004943e-008 -2.682583672234001e-008
-2.470229687981102e-008 -2.498818101078203e-008 -2.526238460192744e-008 -2.552728969608888e-008 -2.578305484743712e-008 -2.60223337874151e-008 -2.624949512930747e-008 -2.646575098748321e-008 -2.666550427602921e-008 -2.685113676721564e-008 -2.70264653522319e-008 -2.718978000489044e-008 -2.734125399490531e-008 -2.747675246978898e-008 -2.759935682345426e-008 -2.77091085650501e-008 -2.780120265142695e-008 -2.787466452037193e-008 -2.793954962991002e-008 -2.79941792833764e-008 -2.803380362894938e-008 -2.806024576527668e-008 -2.80765047496289e-008 -2.807668540046341e-008 -2.806041792603118e-008 -2.802895663194626e-008 -2.798684603819552e-008 -2.793283327127301e-008 -2.786607913304688e-008 -2.778544054180145e-008 -2.769489704143871e-008 -2.758928226642472e-008 -2.745635998192394e-008 -2.73250661139559e-008 -2.718914243280841e-008 -2.696100772185047e-008 -2.68961246872612e-008 -2.700384539142218e-008 -2.719574404085335e-008
-2.505702571149358e-008 -2.534922968643691e-008 -2.562868146608566e-008 -2.589537287304959e-008 -2.615126907409309e-008 -2.639231562436919e-008 -2.661892327686986e-008 -2.683347969007041e-008 -2.703755770889671e-008 -2.722697501404147e-008 -2.740449528581072e-008 -2.757127753712943e-008 -2.772349159852467e-008 -2.786026979043691e-008 -2.798217391720357e-008 -2.80912935597969e-008 -2.818733476126768e-008 -2.826817286614048e-008 -2.833093766976776e-008 -2.838222954498383e-008 -2.842051221425495e-008 -2.844540284133339e-008 -2.845760963219994e-008 -2.845687237592056e-008 -2.844263892246636e-008 -2.841197954142036e-008 -2.836452539744121e-008 -2.830531624173366e-008 -2.823500105753158e-008 -2.815024643246311e-008 -2.805282164966504e-008 -2.794061324769054e-008 -2.781026660862144e-008 -2.767420535346881e-008 -2.749309717086779e-008 -2.738002414173896e-008 -2.732259496014636e-008 -2.738661133821184e-008 -2.74990715019419e-008
-2.539978668037113e-008 -2.569742978172756e-008 -2.598064673069187e-008 -2.625033293743803e-008 -2.650715029189735e-008 -2.675015357170027e-008 -2.697696274348206e-008 -2.719244725793134e-008 -2.739844209228216e-008 -2.759103650215016e-008 -2.776955448812217e-008 -2.793904622998197e-008 -2.809260901096561e-008 -2.823040335388577e-008 -2.835191460241546e-008 -2.846090342130575e-008 -2.855935918570962e-008 -2.864247680333393e-008 -2.870670632938255e-008 -2.875500257224936e-008 -2.879255341640671e-008 -2.881608407758232e-008 -2.882626456239518e-008 -2.882371710565024e-008 -2.880959135166583e-008 -2.877782191737997e-008 -2.872778140645685e-008 -2.866504446950742e-008 -2.859187085997097e-008 -2.850283389549829e-008 -2.840163481195543e-008 -2.828328066423987e-008 -2.815407491474125e-008 -2.801735232093069e-008 -2.782145439896862e-008 -2.772868902316723e-008 -2.769367178035896e-008 -2.77309310828105e-008 -2.782562954305065e-008
-2.573179597711001e-008 -2.603087639385728e-008 -2.631890997265016e-008 -2.659273232138602e-008 -2.685068835409772e-008 -2.709493921424979e-008 -2.732617852679764e-008 -2.754454398720634e-008 -2.77516482270987e-008 -2.794340691934232e-008 -2.812230646130154e-008 -2.82908317713219e-008 -2.844951512107673e-008 -2.858986128933596e-008 -2.870972522428951e-008 -2.881653796796043e-008 -2.891360266929995e-008 -2.899831671669983e-008 -2.906450324970881e-008 -2.911407127617951e-008 -2.914983841983386e-008 -2.91726728471779e-008 -2.918190823301055e-008 -2.917733826023596e-008 -2.915944731453029e-008 -2.912487957950183e-008 -2.907699178918197e-008 -2.901663508486484e-008 -2.894050816144118e-008 -2.884413662033476e-008 -2.873769337487957e-008 -2.861877977014725e-008 -2.848586992472129e-008 -2.834906696582382e-008 -2.815221712642718e-008 -2.803814722849025e-008 -2.801346121717853e-008 -2.806572539598053e-008 -2.815900376699875e-008
-2.605082041593499e-008 -2.635221745468357e-008 -2.664520731170378e-008 -2.692152760189015e-008 -2.71822809334479e-008 -2.74279544717296e-008 -2.766245840507394e-008 -2.788444839756255e-008 -2.809141458066279e-008 -2.828422023608553e-008 -2.846245646438045e-008 -2.863074460413382e-008 -2.879302653160371e-008 -2.893399480454322e-008 -2.905312864224247e-008 -2.915917967795156e-008 -2.925604726595115e-008 -2.934206150896453e-008 -2.940915813376459e-008 -2.945975397977731e-008 -2.949378937078789e-008 -2.951587909072161e-008 -2.952389372373439e-008 -2.951769614899967e-008 -2.949809345321729e-008 -2.946097285487137e-008 -2.941166842305793e-008 -2.93508449620745e-008 -2.927173827645899e-008 -2.917126610228162e-008 -2.906153598926619e-008 -2.894239784580316e-008 -2.880506333279252e-008 -2.866792462411234e-008 -2.846205412252037e-008 -2.833726858861622e-008 -2.829202932585421e-008 -2.836948034954045e-008 -2.846814005529942e-008
-2.635604832349552e-008 -2.66628517988204e-008 -2.695936477940071e-008 -2.72377175331261e-008 -2.750174642656772e-008 -2.775177625419054e-008 -2.798888099079045e-008 -2.821421331402008e-008 -2.842061806557915e-008 -2.861394014249197e-008 -2.87940419449309e-008 -2.896174330341479e-008 -2.91171814179971e-008 -2.925849201620356e-008 -2.938031738575937e-008 -2.949043712853626e-008 -2.958884786148157e-008 -2.967213203822185e-008 -2.974125846289002e-008 -2.979568319807047e-008 -2.982857331394803e-008 -2.984566418800766e-008 -2.985195123102349e-008 -2.984769996570728e-008 -2.982889154220733e-008 -2.978783944036359e-008 -2.973264361013782e-008 -2.966538853940945e-008 -2.958154976074128e-008 -2.948301920674189e-008 -2.937625801435735e-008 -2.925899147480362e-008 -2.91172296399538e-008 -2.89485147447351e-008 -2.879842324981492e-008 -2.85884906512162e-008 -2.846356703708764e-008 -2.858256514618706e-008 -2.880211288165134e-008
-2.664925703689745e-008 -2.696026847674141e-008 -2.726021421830967e-008 -2.754077855094676e-008 -2.780769428927038e-008 -2.806064956705467e-008 -2.830101941947114e-008 -2.852770993610048e-008 -2.873629417558537e-008 -2.892917997187636e-008 -2.91109149158767e-008 -2.927841507772399e-008 -2.943226373242618e-008 -2.957232903394747e-008 -2.969648861238906e-008 -2.980796036974257e-008 -2.990789615395221e-008 -2.998958659904626e-008 -3.005918327248576e-008 -3.011411768960238e-008 -3.014792878175967e-008 -3.016159751627583e-008 -3.016625096727213e-008 -3.016226081818237e-008 -3.014159682932906e-008 -3.009953262411941e-008 -3.003980320923469e-008 -2.996959843431342e-008 -2.988207293973759e-008 -2.978229597785424e-008 -2.967579567823849e-008 -2.955518308969754e-008 -2.941102850855943e-008 -2.923123029128233e-008 -2.909139156589126e-008 -2.884778547781087e-008 -2.872015293377607e-008 -2.883721630299259e-008 -2.909606760608887e-008
-2.693878544816097e-008 -2.724520011168491e-008 -2.754045078988889e-008 -2.782698728166706e-008 -2.810092574351328e-008 -2.835640477098494e-008 -2.859599427119309e-008 -2.882218663246728e-008 -2.903436676332658e-008 -2.923071207150626e-008 -2.941352715788538e-008 -2.958254663416555e-008 -2.973688561687508e-008 -2.987695494979446e-008 -3.000277993497879e-008 -3.011594515079453e-008 -3.021723179756327e-008 -3.029686817113002e-008 -3.035972385424726e-008 -3.041096201262856e-008 -3.044997794152581e-008 -3.047081353051353e-008 -3.047090960133122e-008 -3.045726508538885e-008 -3.043335758393432e-008 -3.039542264533594e-008 -3.03385503637708e-008 -3.02623778335388e-008 -3.01737020273236e-008 -3.007303266268001e-008 -2.996202584418036e-008 -2.983178959172407e-008 -2.96715328991864e-008 -2.951282284639854e-008 -2.931700709074336e-008 -2.913663296610424e-008 -2.90836793109462e-008 -2.919768440135671e-008 -2.932810992591605e-008
-2.721265129575598e-008 -2.751721380132897e-008 -2.781138635514669e-008 -2.810126333838366e-008 -2.838105233431003e-008 -2.863860032982173e-008 -2.887822532477224e-008 -2.910573866838865e-008 -2.932099716547262e-008 -2.951919227888308e-008 -2.9703472819257e-008 -2.987319474279703e-008 -3.002831746642243e-008 -3.016921340360126e-008 -3.029445344889949e-008 -3.040826174477432e-008 -3.050956434096248e-008 -3.058889394351318e-008 -3.064809006078185e-008 -3.069753107815124e-008 -3.073825964080826e-008 -3.076028622816695e-008 -3.075964563883404e-008 -3.074105646163762e-008 -3.071424136094802e-008 -3.067709010195298e-008 -3.061964939080665e-008 -3.054115699492996e-008 -3.044964846049013e-008 -3.03481473689382e-008 -3.023287555491987e-008 -3.009893980205426e-008 -2.993213485240282e-008 -2.977795910362012e-008 -2.95673266023394e-008 -2.939732692138297e-008 -2.936532944619845e-008 -2.946820764864052e-008 -2.958058361045132e-008
-2.746598017678714e-008 -2.777916301932648e-008 -2.807933598975219e-008 -2.836824281975364e-008 -2.864481208142197e-008 -2.890530602219163e-008 -2.914984056727777e-008 -2.938019132378558e-008 -2.959953257480578e-008 -2.980032060908818e-008 -2.998121807186347e-008 -3.014926668134717e-008 -3.030690872540501e-008 -3.045157586542324e-008 -3.057549178706846e-008 -3.068232188767891e-008 -3.077842022043136e-008 -3.086329377073109e-008 -3.092947763690182e-008 -3.097584734587763e-008 -3.100767852460179e-008 -3.1028304566154e-008 -3.103387641880721e-008 -3.101897786908574e-008 -3.098527245447943e-008 -3.093996722497796e-008 -3.088200463571397e-008 -3.080623064030017e-008 -3.071474976670446e-008 -3.061127521590809e-008 -3.049066952788078e-008 -3.034990835910564e-008 -3.019823971941854e-008 -3.001658088442593e-008 -2.983227006329497e-008 -2.968924442076486e-008 -2.957206448160548e-008 -2.961826743663301e-008 -2.983638748779279e-008
-2.770813350801953e-008 -2.802716524302948e-008 -2.833128122237675e-008 -2.862136617002714e-008 -2.889770921592214e-008 -2.916031055063747e-008 -2.940758000723242e-008 -2.963997365656399e-008 -2.986261255694427e-008 -3.006557894632567e-008 -3.024528140167481e-008 -3.041274678858716e-008 -3.057285117274911e-008 -3.071840176819574e-008 -3.084194647877118e-008 -3.094401357161284e-008 -3.103812992662308e-008 -3.112542813526449e-008 -3.119321576312706e-008 -3.123932119273701e-008 -3.126677673566635e-008 -3.128556330927121e-008 -3.129325234318253e-008 -3.127795009821897e-008 -3.124012712722319e-008 -3.119253262322982e-008 -3.113323067961642e-008 -3.105661159374198e-008 -3.096364927016929e-008 -3.085719847569322e-008 -3.073327456652541e-008 -3.058873280694575e-008 -3.043898183236906e-008 -3.02515690114617e-008 -3.006774606830145e-008 -2.993220500755628e-008 -2.978813560713477e-008 -2.982631023901321e-008 -3.00716149363164e-008
-2.793987838688228e-008 -2.826114229823047e-008 -2.856790706852384e-008 -2.886073096104871e-008 -2.913933831345765e-008 -2.940573148511963e-008 -2.965421742603765e-008 -2.988565353870337e-008 -3.010421264380348e-008 -3.031032840463288e-008 -3.049747264297372e-008 -3.066917591652458e-008 -3.083108964646384e-008 -3.097090199932967e-008 -3.108938608259296e-008 -3.119570543277973e-008 -3.129069671661746e-008 -3.137247713387954e-008 -3.143984340021356e-008 -3.14902333832257e-008 -3.151998900097228e-008 -3.153751731968173e-008 -3.153692510770342e-008 -3.151320158141834e-008 -3.14769480118599e-008 -3.14344631377734e-008 -3.137593278462186e-008 -3.129469138473687e-008 -3.11969247862712e-008 -3.108498151513765e-008 -3.095362909229586e-008 -3.080999326312669e-008 -3.064811112908295e-008 -3.048018955024767e-008 -3.026660832786222e-008 -3.008336695069465e-008 -3.004317945767115e-008 -3.012101218693439e-008 -3.025379757510959e-008
-2.815906019879643e-008 -2.848252835684921e-008 -2.879191491283789e-008 -2.908638970376418e-008 -2.936697674744655e-008 -2.963658543688819e-008 -2.988677685628209e-008 -3.01170539190679e-008 -3.033561319468521e-008 -3.054362400323916e-008 -3.073428993446243e-008 -3.090983521515817e-008 -3.107119456874552e-008 -3.121039185141676e-008 -3.132563667799072e-008 -3.143289153351581e-008 -3.152839644167479e-008 -3.160699398460578e-008 -3.16727101528234e-008 -3.172440903199132e-008 -3.175482715169e-008 -3.177055219224032e-008 -3.176789174626077e-008 -3.17387665866134e-008 -3.170280558776356e-008 -3.166244739155458e-008 -3.160229466144852e-008 -3.151913320475906e-008 -3.141701207065989e-008 -3.130202694819655e-008 -3.116669102317443e-008 -3.102230197964493e-008 -3.085447219166957e-008 -3.069241404702528e-008 -3.046383429090454e-008 -3.02744006056695e-008 -3.025317314865473e-008 -3.034123292427481e-008 -3.045525732016564e-008
-2.836487956283409e-008 -2.86936095759122e-008 -2.900485866338049e-008 -2.929851552516522e-008 -2.957981385988472e-008 -2.985132312541799e-008 -3.010524863434483e-008 -3.033828712517737e-008 -3.055693203348915e-008 -3.076512816078019e-008 -3.096173609312781e-008 -3.113726236351991e-008 -3.12919942704912e-008 -3.14309679208083e-008 -3.155563130737322e-008 -3.166626578799235e-008 -3.17534774617546e-008 -3.182544203494326e-008 -3.188875527537965e-008 -3.193829410040468e-008 -3.19691554159078e-008 -3.198536105326358e-008 -3.198203988102894e-008 -3.195767362667675e-008 -3.19219843335906e-008 -3.187685986589773e-008 -3.181656265346362e-008 -3.173066461336446e-008 -3.162322650407193e-008 -3.150598348745623e-008 -3.137412959846963e-008 -3.122764008218361e-008 -3.105501866284967e-008 -3.088394973335407e-008 -3.066222099654643e-008 -3.047762900042734e-008 -3.044914836840876e-008 -3.053439837343992e-008 -3.065823657685078e-008
-2.855823020093926e-008 -2.889193323831822e-008 -2.920419615558725e-008 -2.949713453230293e-008 -2.977900303886374e-008 -3.005275733622795e-008 -3.030979462865023e-008 -3.05447284386907e-008 -3.076295627014268e-008 -3.097186178594307e-008 -3.117283213333777e-008 -3.134807394081386e-008 -3.149992293756044e-008 -3.163916865817779e-008 -3.176746701637227e-008 -3.187886399378382e-008 -3.196363441017579e-008 -3.203121798323975e-008 -3.209336452941405e-008 -3.214168318078605e-008 -3.217124601259503e-008 -3.218729796618649e-008 -3.218393011029141e-008 -3.215983100906417e-008 -3.212274175475099e-008 -3.207676586260029e-008 -3.201531490838227e-008 -3.192790053079987e-008 -3.181647291974315e-008 -3.169821645329063e-008 -3.156606767898115e-008 -3.141758683363041e-008 -3.124321799230322e-008 -3.107053841126097e-008 -3.084865571226358e-008 -3.064835419767138e-008 -3.060596207248282e-008 -3.070711446761684e-008 -3.08344578309132e-008
