data/bds_gridfiles/version1/BDSIGSOZ-R100-Q15W43S0.grd
DSAA
361 181
-180 180
-90 90
-2.6350387451993E-008 2.6577125582961E-008
[rows 34 to 50 of 181, columns 190 to 227 of 361]
2.357393886183773e-008 2.369480192411177e-008 2.381365813584673e-008 2.393005446208481e-008 2.404368591629709e-008 2.41533959983864e-008 2.425975016388981e-008 2.436429573637314e-008 2.446672040151777e-008 2.456754568820248e-008 2.466603028507036e-008 2.476185986288068e-008 2.485302370778846e-008 2.493951300441611e-008 2.502286459194024e-008 2.510349528055296e-008 2.51828208630582e-008 2.525994457414875e-008 2.533121455623808e-008 2.53987124123211e-008 2.546521305838555e-008 2.552928906797659e-008 2.559107372783526e-008 2.564828981779447e-008 2.570013203329811e-008 2.574977325402888e-008 2.579767932499552e-008 2.584168303545766e-008 2.588202324581632e-008 2.591812847077249e-008 2.595033281657803e-008 2.597931968054252e-008 2.600489490059607e-008 2.602855476291195e-008 2.604821040950175e-008 2.606304823732481e-008 2.607440597343788e-008 2.608258954397386e-008
2.339671684073592e-008 2.351937330578334e-008 2.363971326658841e-008 2.375770042177078e-008 2.387396609317372e-008 2.398644797634716e-008 2.409376277032367e-008 2.419887816313458e-008 2.430158208676034e-008 2.440328950186287e-008 2.450419899211966e-008 2.460147199471543e-008 2.469382005272748e-008 2.478095521631933e-008 2.486449378796635e-008 2.494570931682053e-008 2.502557721363769e-008 2.510387584190483e-008 2.517691573737905e-008 2.524531849904976e-008 2.531358531568046e-008 2.53800530145075e-008 2.544297516136305e-008 2.550065834158591e-008 2.555253743958818e-008 2.560243269484423e-008 2.565068890449674e-008 2.569444081607806e-008 2.573446171962487e-008 2.577155476120471e-008 2.580497166411305e-008 2.583552864467678e-008 2.586252740697271e-008 2.588605083304076e-008 2.590523548338028e-008 2.591951772396587e-008 2.593053769740663e-008 2.593877655554132e-008
2.320497266900011e-008 2.332933498946591e-008 2.345087787152598e-008 2.356930767080154e-008 2.368593419304505e-008 2.380073085860507e-008 2.391095019905319e-008 2.401808122985075e-008 2.412234931105893e-008 2.42250230921974e-008 2.432650970667487e-008 2.442387027985516e-008 2.451674710651454e-008 2.460459091350752e-008 2.468916574508701e-008 2.477231751678808e-008 2.485367776735543e-008 2.493324167910253e-008 2.500799413060467e-008 2.50780754971742e-008 2.514683065325305e-008 2.521273338393453e-008 2.527496474649583e-008 2.53325112789716e-008 2.538446070727117e-008 2.543496524441162e-008 2.548380980285595e-008 2.552768767594266e-008 2.556788395252464e-008 2.560689639664595e-008 2.564222596395154e-008 2.567375031095949e-008 2.570069642549853e-008 2.572341570853856e-008 2.574190698821994e-008 2.575671995699554e-008 2.576890559656295e-008 2.577826522007297e-008
2.299870910705111e-008 2.312460557419448e-008 2.324764221775736e-008 2.336640656853306e-008 2.348246917884668e-008 2.359935234603591e-008 2.371274249924811e-008 2.382162995150021e-008 2.392703156158863e-008 2.403041296168089e-008 2.413248638216171e-008 2.423026233282541e-008 2.432284714593538e-008 2.441152799963817e-008 2.449755074405926e-008 2.458197466769556e-008 2.466509385324873e-008 2.47464554072332e-008 2.482235835828542e-008 2.489384157906406e-008 2.496250312562322e-008 2.502760293999547e-008 2.508945019424341e-008 2.514655142511194e-008 2.519872475390226e-008 2.525012995087286e-008 2.529964883319184e-008 2.534382139645921e-008 2.538439788246814e-008 2.542484386935337e-008 2.546155639439974e-008 2.549334303580505e-008 2.551990784030028e-008 2.554190327394173e-008 2.55603386165874e-008 2.557602407660449e-008 2.558893057967489e-008 2.559921767611342e-008
2.277886124613587e-008 2.29064500102769e-008 2.303137566929214e-008 2.315199161763384e-008 2.326903896054444e-008 2.338611638514677e-008 2.349997361372967e-008 2.360906691037361e-008 2.37150066765208e-008 2.381840136066609e-008 2.392040643404354e-008 2.401902880660478e-008 2.411248163329359e-008 2.420285455426098e-008 2.429038187485941e-008 2.437545548982257e-008 2.445865115548525e-008 2.454058859130462e-008 2.461815160272367e-008 2.469126343023316e-008 2.476020288816755e-008 2.482541109193984e-008 2.488704671512243e-008 2.49449145476705e-008 2.499893503768504e-008 2.505121703283011e-008 2.510047256144993e-008 2.514532871646172e-008 2.518755215185088e-008 2.522754396067361e-008 2.526272320534123e-008 2.529345495301474e-008 2.531934253752881e-008 2.534213282103223e-008 2.536151323422753e-008 2.537756780181698e-008 2.539069041147322e-008 2.540114707442904e-008
2.254424088196426e-008 2.267426953837365e-008 2.280097651859832e-008 2.292312564264878e-008 2.30409301103681e-008 2.315813320845243e-008 2.327251016030449e-008 2.338090533444716e-008 2.348669852013287e-008 2.359059886268509e-008 2.369252653758263e-008 2.379184171821748e-008 2.388708778660525e-008 2.39789831156786e-008 2.406768937997083e-008 2.415304470437836e-008 2.4235912634318e-008 2.431797317265916e-008 2.43968635298577e-008 2.447092026378891e-008 2.453962356435548e-008 2.460512937301372e-008 2.46676909904553e-008 2.47263694364859e-008 2.478163354599644e-008 2.483496045437184e-008 2.488421408123212e-008 2.492940164597328e-008 2.49726764475682e-008 2.501219008398402e-008 2.504606297933516e-008 2.507567677084383e-008 2.51015819256353e-008 2.512537453683397e-008 2.51454487695684e-008 2.516173614697409e-008 2.517500373330619e-008 2.518543644620625e-008
2.229686166577918e-008 2.242715702614527e-008 2.255375427399419e-008 2.267619294125138e-008 2.279491499366435e-008 2.291248166190837e-008 2.302664298733911e-008 2.313586369705412e-008 2.324330491107392e-008 2.334837015276249e-008 2.345063540374152e-008 2.355064420166119e-008 2.364762363119038e-008 2.374092570482925e-008 2.3830429332528e-008 2.391628279732782e-008 2.399975057250345e-008 2.408050762557552e-008 2.415784978527416e-008 2.423101009198087e-008 2.430016183225563e-008 2.436706783160448e-008 2.443039849243656e-008 2.448973823814472e-008 2.454587949558996e-008 2.459913492513363e-008 2.464858556064005e-008 2.469461111386658e-008 2.473745473982888e-008 2.477613510504455e-008 2.481082166274377e-008 2.484145008465902e-008 2.486858981811097e-008 2.489255696899236e-008 2.491299319601412e-008 2.492967806878163e-008 2.494289455550819e-008 2.49527862331902e-008
2.203510257945304e-008 2.216542316076927e-008 2.229162695137126e-008 2.241376067454191e-008 2.253329008371667e-008 2.265171756428958e-008 2.276584855187841e-008 2.287625776617389e-008 2.298557881834751e-008 2.309179971195902e-008 2.319435447063831e-008 2.329522594492225e-008 2.339381618237981e-008 2.34878070591426e-008 2.357759740694594e-008 2.366394352043867e-008 2.374770899134758e-008 2.382748152491813e-008 2.390298143746255e-008 2.39748476570992e-008 2.404475067910599e-008 2.411297920672479e-008 2.417698519535287e-008 2.423677187827885e-008 2.429313762950479e-008 2.434652059769104e-008 2.439623193993897e-008 2.444235503835499e-008 2.448488566749675e-008 2.452336463014563e-008 2.455855194347762e-008 2.459017371249042e-008 2.461833461473329e-008 2.464307048276468e-008 2.466406556464733e-008 2.468058107540078e-008 2.469343125670283e-008 2.470278865785736e-008
2.175777702721127e-008 2.188840501749948e-008 2.201552644787822e-008 2.213909966319608e-008 2.225985436406185e-008 2.237823154978427e-008 2.249357974657065e-008 2.260558009947408e-008 2.271524951732025e-008 2.282214702968872e-008 2.292544225074947e-008 2.302638288454618e-008 2.312512559552948e-008 2.321918175867874e-008 2.330894320620261e-008 2.3394859103486e-008 2.347794574094142e-008 2.355776203232376e-008 2.363343115357983e-008 2.37062222060628e-008 2.377651136855738e-008 2.38445747313525e-008 2.390868703578685e-008 2.396862144843095e-008 2.402439477773493e-008 2.407717690786074e-008 2.412759757546992e-008 2.417395576219919e-008 2.421644325756759e-008 2.425515732541222e-008 2.428996542867172e-008 2.432168712409983e-008 2.435123276923632e-008 2.437720834910146e-008 2.439859620163235e-008 2.441442645253845e-008 2.442632811635746e-008 2.443506673171767e-008
2.14665409317796e-008 2.159717457781005e-008 2.172590394806828e-008 2.185088106293601e-008 2.197236596916286e-008 2.20909071032864e-008 2.220772213043642e-008 2.232081279518472e-008 2.243075613864175e-008 2.25380762246287e-008 2.264161860541608e-008 2.274157575040714e-008 2.284069991389288e-008 2.293518210360433e-008 2.302413683897012e-008 2.310948984827093e-008 2.319247207082521e-008 2.327303571299435e-008 2.334914811761109e-008 2.342238458475227e-008 2.349299840246063e-008 2.356136417116387e-008 2.362552459796676e-008 2.368561948938108e-008 2.374053582388835e-008 2.379237467383071e-008 2.384340070808856e-008 2.388990860040916e-008 2.393231055384377e-008 2.397057480288882e-008 2.400551378262364e-008 2.403719845251991e-008 2.40674953942375e-008 2.40944779526154e-008 2.411603924702636e-008 2.413119402331872e-008 2.414210755056883e-008 2.415077359494905e-008
2.116444000285467e-008 2.12953625463937e-008 2.142350623512085e-008 2.154827846817884e-008 2.166983334992256e-008 2.178861523280803e-008 2.190625531602563e-008 2.202033586705054e-008 2.213047595942504e-008 2.22367207723839e-008 2.233908921853497e-008 2.243866467053573e-008 2.253792958323771e-008 2.263248397214225e-008 2.272250063197826e-008 2.280981180646015e-008 2.289387984595462e-008 2.29742257029095e-008 2.304989974825493e-008 2.31229150326117e-008 2.319378556686524e-008 2.326272026624359e-008 2.332788478995479e-008 2.33882684232883e-008 2.344378686167328e-008 2.349650393842934e-008 2.354542418498013e-008 2.358977146539951e-008 2.363112207611358e-008 2.366990501214115e-008 2.370618296392203e-008 2.373907091049777e-008 2.376826867475205e-008 2.379382856622152e-008 2.381446828527229e-008 2.383033598849293e-008 2.384131198901247e-008 2.384956000107455e-008
2.084982600087882e-008 2.098076666851923e-008 2.11083140624842e-008 2.123208643850967e-008 2.135316414236304e-008 2.147222639057168e-008 2.159051411638923e-008 2.170549983682605e-008 2.181531187351391e-008 2.192024674041287e-008 2.202094195884923e-008 2.212068745786166e-008 2.22200703925766e-008 2.231486123194088e-008 2.24057297000116e-008 2.249459171221494e-008 2.258032498545431e-008 2.266045806741566e-008 2.273530155432604e-008 2.280791141540024e-008 2.287862505935293e-008 2.29481707022303e-008 2.301469485693877e-008 2.30744060369048e-008 2.313023774790141e-008 2.318414325238751e-008 2.323147863135367e-008 2.327369272955317e-008 2.331430151514651e-008 2.335359470190682e-008 2.339099663008149e-008 2.342469008686824e-008 2.345261399113516e-008 2.34770454448529e-008 2.349732527273872e-008 2.351380846890272e-008 2.352475854508638e-008 2.353269174708736e-008
2.052179578869095e-008 2.065324943435944e-008 2.078021786808565e-008 2.09027998961412e-008 2.102343292451144e-008 2.114365506358817e-008 2.12622658762615e-008 2.137678941605776e-008 2.148597660410015e-008 2.159018859741139e-008 2.169188091964039e-008 2.179192700853761e-008 2.189034013815291e-008 2.198512764594106e-008 2.207632326648239e-008 2.21641532680156e-008 2.224925213277224e-008 2.232943418101473e-008 2.240479562794252e-008 2.247774591907245e-008 2.254812365226633e-008 2.261607483615832e-008 2.268183563772018e-008 2.274127734742195e-008 2.279688064435758e-008 2.28505749519905e-008 2.289795154530753e-008 2.294181016302385e-008 2.298323481657146e-008 2.302228886045239e-008 2.305875819938445e-008 2.309182216490826e-008 2.31196901073137e-008 2.314479665028421e-008 2.316601674416184e-008 2.318261243638246e-008 2.319420829438618e-008 2.32020957070372e-008
2.018125088332258e-008 2.031348387475909e-008 2.044001466882592e-008 2.056123625269081e-008 2.068070189167016e-008 2.080162799171734e-008 2.09212606955345e-008 2.103528323256746e-008 2.114268998333538e-008 2.124702678164509e-008 2.1349651852286e-008 2.145011531955205e-008 2.154851849935962e-008 2.164259402365609e-008 2.173326115999901e-008 2.181998540986248e-008 2.190412849692717e-008 2.198432824658265e-008 2.206012964120005e-008 2.213282917404563e-008 2.220264003467516e-008 2.22694680636407e-008 2.233437260994898e-008 2.239299104351943e-008 2.244799610191744e-008 2.250126695602884e-008 2.254980471743415e-008 2.259495733026717e-008 2.263705949287984e-008 2.267610773961093e-008 2.2711768722737e-008 2.274403967123279e-008 2.277174073379009e-008 2.279716173327265e-008 2.28192375488582e-008 2.283628448871951e-008 2.28484049270989e-008 2.285606210395989e-008
1.982853199814747e-008 1.996065058789803e-008 2.008769184880711e-008 2.021018929951035e-008 2.032981261124089e-008 2.044833760482946e-008 2.056484647644045e-008 2.067812266294871e-008 2.078591908892317e-008 2.08909349543498e-008 2.099428045845152e-008 2.10953503826877e-008 2.119318899166071e-008 2.128721462111455e-008 2.137767570817618e-008 2.146422141436422e-008 2.154744365307682e-008 2.162698225915645e-008 2.170247497260777e-008 2.177450286110229e-008 2.184392248697992e-008 2.191111158828802e-008 2.197566293531614e-008 2.203465199970738e-008 2.208860994238167e-008 2.213965883843779e-008 2.218844576307844e-008 2.223438144248942e-008 2.227678510412986e-008 2.231572454087043e-008 2.235111713864439e-008 2.238276486257127e-008 2.241059874904951e-008 2.243552094618204e-008 2.245701692780805e-008 2.247453687111546e-008 2.24868755244761e-008 2.2494299753257e-008
1.946489818392969e-008 1.959598446230097e-008 1.972337014084323e-008 1.984730462106293e-008 1.996725451661853e-008 2.008290628743071e-008 2.019641518584196e-008 2.030894229890959e-008 2.041770675285708e-008 2.052239957132195e-008 2.062639670693214e-008 2.072809051827197e-008 2.082528263693617e-008 2.091905617232622e-008 2.100902892914291e-008 2.109519929123809e-008 2.117784040408977e-008 2.125680934591378e-008 2.133142299687331e-008 2.14025165698428e-008 2.147136644738394e-008 2.153868666845053e-008 2.160378054967831e-008 2.16627723255452e-008 2.171494483820655e-008 2.176503632413234e-008 2.181382688411737e-008 2.186031418388984e-008 2.190244466673878e-008 2.194149166247566e-008 2.197657748256529e-008 2.200725921307068e-008 2.203378438348704e-008 2.205868752663807e-008 2.208001653224335e-008 2.209782844287541e-008 2.211010877746863e-008 2.211767063124126e-008
1.909012939120728e-008 1.922063809669407e-008 1.934692639226071e-008 1.946986888878177e-008 1.958971866666534e-008 1.970582728820928e-008 1.981950326455045e-008 1.993128966795366e-008 2.004034406734233e-008 2.014502352714076e-008 2.024754996349159e-008 2.034748868191613e-008 2.044428329065354e-008 2.053778675541124e-008 2.062728986258017e-008 2.071293684301855e-008 2.079462823151774e-008 2.087258256465484e-008 2.094634268468183e-008 2.101687051252377e-008 2.108554739193201e-008 2.115203304906886e-008 2.121518835075625e-008 2.127354795172956e-008 2.132640565334099e-008 2.137745505264222e-008 2.142665110720381e-008 2.1473071339946e-008 2.151517409811427e-008 2.155394131427428e-008 2.158769929009197e-008 2.161612126270075e-008 2.16408301088543e-008 2.166575667650695e-008 2.168847842439773e-008 2.170645247458676e-008 2.171899008107448e-008 2.172614505546843e-008
