data/bds_gridfiles/version1/BDSIGSOX-R100-Q12W25S0.grd
DSAA
361 181
-180 180
-90 90
-2.8655196274827E-008 2.8838937424508E-008
[rows 153 to 169 of 181, columns 117 to 155 of 361]
-6.276344766439848e-009 -6.499592212697716e-009 -6.720652936738453e-009 -6.93951096241241e-009 -7.156622357431117e-009 -7.371377075594585e-009 -7.583244249934084e-009 -7.792059538696618e-009 -7.997836779582283e-009 -8.200717884793965e-009 -8.40066974885096e-009 -8.597939058118525e-009 -8.791212546771569e-009 -8.979965841136971e-009 -9.164669911977266e-009 -9.345491633605236e-009 -9.523072904537912e-009 -9.697142361631431e-009 -9.867843288841007e-009 -1.003324048958743e-008 -1.019312679602071e-008 -1.034875074758217e-008 -1.050117756971139e-008 -1.064966120969508e-008 -1.079278353460434e-008 -1.093092935840708e-008 -1.106379208320383e-008 -1.119193871925109e-008 -1.131490710542208e-008 -1.143252787518069e-008 -1.154481385366013e-008 -1.165236443902884e-008 -1.175581380480998e-008 -1.18547342489092e-008 -1.194812425277939e-008 -1.203491763219581e-008 -1.211643252554882e-008 -1.219242704146219e-008 -1.226269524987049e-008
-6.010950300844033e-009 -6.224323776683189e-009 -6.435808093229964e-009 -6.645166874299745e-009 -6.852385514851674e-009 -7.057712283740109e-009 -7.260765612424712e-009 -7.46061921572243e-009 -7.65712511350962e-009 -7.850576461042499e-009 -8.042094909957032e-009 -8.231402832154718e-009 -8.416452761477929e-009 -8.596527603819775e-009 -8.772732545440776e-009 -8.946247475367072e-009 -9.116884496715886e-009 -9.283780830479612e-009 -9.446996875058199e-009 -9.605714604532191e-009 -9.75931234518601e-009 -9.908526435327004e-009 -1.005422864359984e-008 -1.019581528692603e-008 -1.033328893437086e-008 -1.046723557174003e-008 -1.059576001109566e-008 -1.071889507455185e-008 -1.08370163492467e-008 -1.09502102059449e-008 -1.105838473165625e-008 -1.11619350140978e-008 -1.126094865487924e-008 -1.135521845447858e-008 -1.144521370671752e-008 -1.153012643375769e-008 -1.160880134571187e-008 -1.168150628697602e-008 -1.174890038978121e-008
-5.745919914326177e-009 -5.949193590498346e-009 -6.150964232329438e-009 -6.350882785875364e-009 -6.548725160972424e-009 -6.744802908793326e-009 -6.9387455001828e-009 -7.129347604306979e-009 -7.316492724238401e-009 -7.501144080269054e-009 -7.684093940566308e-009 -7.864754423697817e-009 -8.041172131637436e-009 -8.213153309509218e-009 -8.382136843256997e-009 -8.548237111218784e-009 -8.711526867510553e-009 -8.871492049530245e-009 -9.02807993965023e-009 -9.180275222463e-009 -9.327505815663724e-009 -9.470119012793933e-009 -9.60895786554042e-009 -9.744046453178725e-009 -9.875465809416542e-009 -1.000366156274416e-008 -1.012763188008704e-008 -1.024607506576837e-008 -1.035978475444641e-008 -1.046886115590573e-008 -1.057283565681625e-008 -1.067217808260627e-008 -1.076685455156657e-008 -1.085698329183675e-008 -1.094287693475606e-008 -1.102468469043499e-008 -1.110092639173415e-008 -1.117113556590292e-008 -1.12362741343864e-008
-5.481062242718432e-009 -5.673999709488452e-009 -5.866224838419172e-009 -6.05742614571232e-009 -6.246261501520648e-009 -6.433017657545716e-009 -6.61748632584129e-009 -6.798967536812421e-009 -6.977601102800182e-009 -7.153679158533019e-009 -7.3277768660974e-009 -7.499261786055448e-009 -7.667062438126627e-009 -7.831801410662434e-009 -7.993408196654981e-009 -8.151615258213683e-009 -8.306934651859895e-009 -8.459501085094224e-009 -8.609430426099703e-009 -8.755362082611518e-009 -8.896211951056748e-009 -9.032384067115993e-009 -9.164736583388529e-009 -9.293938403350001e-009 -9.419579776495836e-009 -9.541245473352171e-009 -9.659331475362254e-009 -9.773089910677217e-009 -9.882490631173342e-009 -9.987187550490161e-009 -1.00868487336348e-008 -1.018227502402389e-008 -1.027340667059233e-008 -1.036010363386113e-008 -1.044212046537089e-008 -1.05198078490483e-008 -1.059328575137894e-008 -1.066173984392421e-008 -1.072503045990469e-008
-5.216048726351226e-009 -5.399395237990046e-009 -5.582255379588597e-009 -5.76437227519347e-009 -5.944434195449062e-009 -6.122059361364048e-009 -6.297241680301983e-009 -6.469970244247673e-009 -6.640225502645372e-009 -6.807803521056184e-009 -6.973082099394349e-009 -7.135637315770857e-009 -7.294999273496987e-009 -7.451600709715325e-009 -7.605311806825093e-009 -7.755901474816506e-009 -7.903784986893166e-009 -8.048849488531443e-009 -8.190804192152648e-009 -8.330054005805057e-009 -8.464882365441071e-009 -8.595341603172004e-009 -8.722009425891557e-009 -8.8450545952796e-009 -8.964222787477352e-009 -9.079545842379022e-009 -9.191761248456595e-009 -9.300821186748556e-009 -9.405132211717389e-009 -9.504931918704765e-009 -9.600878516960601e-009 -9.692561800140628e-009 -9.780425564349965e-009 -9.863594986515244e-009 -9.942028504330835e-009 -1.001640234798775e-008 -1.008657038215971e-008 -1.01526719605611e-008 -1.021398437934916e-008
-4.952343509904911e-009 -5.126945164512876e-009 -5.300551026125315e-009 -5.472780958060444e-009 -5.643372784714195e-009 -5.811952816563848e-009 -5.978289919532359e-009 -6.142450900481736e-009 -6.303777721297057e-009 -6.46278087049854e-009 -6.619623567459482e-009 -6.773901073857297e-009 -6.925188592694987e-009 -7.07329719620312e-009 -7.21836595532747e-009 -7.361527889064739e-009 -7.502635932909861e-009 -7.640891565693156e-009 -7.775571285686462e-009 -7.906611494078675e-009 -8.03453294056548e-009 -8.15962266177593e-009 -8.281081826739375e-009 -8.398365905951283e-009 -8.510803241981548e-009 -8.619252559448161e-009 -8.725980672493785e-009 -8.830612116003474e-009 -8.931041013619154e-009 -9.026326400223111e-009 -9.117039762103492e-009 -9.204315088483946e-009 -9.288728249891151e-009 -9.369205154184982e-009 -9.444699540330034e-009 -9.515121360189286e-009 -9.581436823238607e-009 -9.644801921122827e-009 -9.704677816198666e-009
-4.690430252117536e-009 -4.855893059730205e-009 -5.020108889203725e-009 -5.182797155807171e-009 -5.343822316264965e-009 -5.503304689416124e-009 -5.660699967311284e-009 -5.815417521577834e-009 -5.968232466027076e-009 -6.119094771716226e-009 -6.26761215231456e-009 -6.413782793249349e-009 -6.556755856847196e-009 -6.696416639057062e-009 -6.834031480095122e-009 -6.96971625463559e-009 -7.103472035416153e-009 -7.234762500819802e-009 -7.362376532690439e-009 -7.486230322011239e-009 -7.607448045441558e-009 -7.725993879721339e-009 -7.841162291302207e-009 -7.95241885456198e-009 -8.059108632322305e-009 -8.162632587566616e-009 -8.263898503022514e-009 -8.36274780484178e-009 -8.458125670301835e-009 -8.549148231926115e-009 -8.636297159698284e-009 -8.719722283257152e-009 -8.799726061340768e-009 -8.876122339501413e-009 -8.947890240640937e-009 -9.015078415759328e-009 -9.079423829151512e-009 -9.140542630445303e-009 -9.197722305473429e-009
-4.430613313181581e-009 -4.587108196311533e-009 -4.741931160249641e-009 -4.894865836232916e-009 -5.046466674564486e-009 -5.196832609515327e-009 -5.345585198565543e-009 -5.492058907853206e-009 -5.63614421450926e-009 -5.778020802398923e-009 -5.917961621650421e-009 -6.056000919564246e-009 -6.191308198319965e-009 -6.323791580343408e-009 -6.453666699335671e-009 -6.581273552526913e-009 -6.707056852999311e-009 -6.831141919306912e-009 -6.952642718910002e-009 -7.070432288484833e-009 -7.184646324253075e-009 -7.295546885587758e-009 -7.403690644968745e-009 -7.509302855704751e-009 -7.611744846052356e-009 -7.710490058859209e-009 -7.806036478838343e-009 -7.898434992043808e-009 -7.987854469669092e-009 -8.074663429411144e-009 -8.15902338984095e-009 -8.238888855073221e-009 -8.314327332236129e-009 -8.3854913810413e-009 -8.452836870625575e-009 -8.517654113793309e-009 -8.5807529966461e-009 -8.639895105995846e-009 -8.694092655745771e-009
-4.172641231706466e-009 -4.320075266713845e-009 -4.465708396157337e-009 -4.609811884094041e-009 -4.752279107227944e-009 -4.893132601509976e-009 -5.032761587758059e-009 -5.170775681577238e-009 -5.306598618002657e-009 -5.440468218098157e-009 -5.572314300633071e-009 -5.701849106959482e-009 -5.828886957808245e-009 -5.953657712417592e-009 -6.076056939396215e-009 -6.196484954580452e-009 -6.314961910551698e-009 -6.431459985240331e-009 -6.545859885051723e-009 -6.65695958791267e-009 -6.764287404387859e-009 -6.868862632650379e-009 -6.971430879188658e-009 -7.07129932085292e-009 -7.168068693314257e-009 -7.261364368526536e-009 -7.35129960143009e-009 -7.438095405261109e-009 -7.522591688032417e-009 -7.604975521151814e-009 -7.684744262699012e-009 -7.760595097434763e-009 -7.831755053964216e-009 -7.898356721936433e-009 -7.96207000800053e-009 -8.02424344409631e-009 -8.084468992122806e-009 -8.141115981371142e-009 -8.192929680905297e-009
-3.916794535067623e-009 -4.055306085205406e-009 -4.192447943760119e-009 -4.327918998017623e-009 -4.461083849227001e-009 -4.59231779711156e-009 -4.72267521261092e-009 -4.852082675396408e-009 -4.980343341444347e-009 -5.10681430552566e-009 -5.230633269041174e-009 -5.351485478475018e-009 -5.46986553905247e-009 -5.58667636997415e-009 -5.701946397483994e-009 -5.815752769471724e-009 -5.927357452267754e-009 -6.036335558040705e-009 -6.142689801682173e-009 -6.246191314190182e-009 -6.347222714954471e-009 -6.446760122010264e-009 -6.544369136137689e-009 -6.638587513606309e-009 -6.729344983689797e-009 -6.816519823989658e-009 -6.900639259683534e-009 -6.982541026890937e-009 -7.062771639216304e-009 -7.14091090379853e-009 -7.215736533884291e-009 -7.286505733334242e-009 -7.353104670054774e-009 -7.416083732734929e-009 -7.476972007801915e-009 -7.536318660486915e-009 -7.59320975733382e-009 -7.646015522457526e-009 -7.694937950831305e-009
-3.664227815137377e-009 -3.793378458810825e-009 -3.921292267082239e-009 -4.047567661921373e-009 -4.171697292869714e-009 -4.294523481074225e-009 -4.416699315522356e-009 -4.537703691372761e-009 -4.657540855852925e-009 -4.77584981804276e-009 -4.891446492334429e-009 -5.00401469704323e-009 -5.114801850954198e-009 -5.224540666148687e-009 -5.332421202898298e-009 -5.438608537762092e-009 -5.543002453399285e-009 -5.644558812110846e-009 -5.743143725435504e-009 -5.839723933572283e-009 -5.935311146357795e-009 -6.029734899580717e-009 -6.121976615998615e-009 -6.210631617235964e-009 -6.295523950067844e-009 -6.376604098765263e-009 -6.454912456264708e-009 -6.531827481038871e-009 -6.607605510699414e-009 -6.681219481879784e-009 -6.751010963634324e-009 -6.816966223515528e-009 -6.879460534511972e-009 -6.939486023838777e-009 -6.997837178401647e-009 -7.053685449635993e-009 -7.105957618530811e-009 -7.155226492843082e-009 -7.201207068024669e-009
-3.415150334813257e-009 -3.534564150273985e-009 -3.652648427578946e-009 -3.769614321703152e-009 -3.885469878503173e-009 -4.000585130113005e-009 -4.114899736182013e-009 -4.227642815493513e-009 -4.338788083956214e-009 -4.44825108732932e-009 -4.555359694719303e-009 -4.660176874924069e-009 -4.763990737166989e-009 -4.867097950632957e-009 -4.96766247497134e-009 -5.066108185688196e-009 -5.162467727244837e-009 -5.256155383055827e-009 -5.347513162981428e-009 -5.43821278627546e-009 -5.528810579591515e-009 -5.618236791021922e-009 -5.705028453032983e-009 -5.788024737151685e-009 -5.866742184404019e-009 -5.941692532784129e-009 -6.01452996853927e-009 -6.086476752677659e-009 -6.157414792347431e-009 -6.226032790163398e-009 -6.290637691942886e-009 -6.352057866207622e-009 -6.410894661995448e-009 -6.468214073940603e-009 -6.523832781750228e-009 -6.576407939488647e-009 -6.625193693354363e-009 -6.670146804254681e-009 -6.713216383553982e-009
-3.168317862846343e-009 -3.278270214708068e-009 -3.387495379255273e-009 -3.49631412662802e-009 -3.604079556840056e-009 -3.710704129467504e-009 -3.816528768626604e-009 -3.921044026209898e-009 -4.023907773138073e-009 -4.125119581047301e-009 -4.224355628459553e-009 -4.321647509432301e-009 -4.418277603910836e-009 -4.514796930128226e-009 -4.608015703919061e-009 -4.698450375561286e-009 -4.786447405496212e-009 -4.872026972927689e-009 -4.956587993298687e-009 -5.041553523627557e-009 -5.126745403802758e-009 -5.211716895511279e-009 -5.293277987504682e-009 -5.370091162143463e-009 -5.442510263567438e-009 -5.511711824936504e-009 -5.579707436203158e-009 -5.647191160038763e-009 -5.713007319516074e-009 -5.775673223890823e-009 -5.835786313011232e-009 -5.892532244449234e-009 -5.947616622809204e-009 -6.001932468495787e-009 -6.054640179626686e-009 -6.104254274855911e-009 -6.150151787435926e-009 -6.192633716892155e-009 -6.232964390169885e-009
-2.923591153889269e-009 -3.025121980338295e-009 -3.126541669950829e-009 -3.227552667775682e-009 -3.326941870420635e-009 -3.425051217414286e-009 -3.522290723021107e-009 -3.618521147614723e-009 -3.713618086554323e-009 -3.80754404486662e-009 -3.899815932602529e-009 -3.989846697417402e-009 -4.078746746262332e-009 -4.16791999921166e-009 -4.253102152453691e-009 -4.335246320518403e-009 -4.414961832986161e-009 -4.492969538636892e-009 -4.57126095078344e-009 -4.650620459614238e-009 -4.730396493352645e-009 -4.810035090916071e-009 -4.885770357683083e-009 -4.95611598998616e-009 -5.022197944892784e-009 -5.08618240571353e-009 -5.149938822316711e-009 -5.21323826314462e-009 -5.274393284349157e-009 -5.332722591817696e-009 -5.387580824074803e-009 -5.439444038125113e-009 -5.490885871149569e-009 -5.541483779696323e-009 -5.590781544506714e-009 -5.637977758059517e-009 -5.682062926666004e-009 -5.7225251262112e-009 -5.759893364507065e-009
-2.682913602004957e-009 -2.777007107881988e-009 -2.870807462119409e-009 -2.963761751268112e-009 -3.054489986984861e-009 -3.14397858643663e-009 -3.232806891215495e-009 -3.321047288211533e-009 -3.408811385235358e-009 -3.495748316171115e-009 -3.581111425651967e-009 -3.663877694536836e-009 -3.742471333191261e-009 -3.82175509738333e-009 -3.900065232307691e-009 -3.975362559203896e-009 -4.048103057617191e-009 -4.119798290852641e-009 -4.192446329876083e-009 -4.266150018988744e-009 -4.340047311629025e-009 -4.413357517504534e-009 -4.483314296543474e-009 -4.546222165344312e-009 -4.605805656724476e-009 -4.664933748548805e-009 -4.724821086898229e-009 -4.784594664098771e-009 -4.842054929005334e-009 -4.896515036326964e-009 -4.947249560883346e-009 -4.995325482338526e-009 -5.042561235407206e-009 -5.088459004679738e-009 -5.133248829663965e-009 -5.177142865596308e-009 -5.218875114548678e-009 -5.257205555253418e-009 -5.29252582746288e-009
-2.447243815641354e-009 -2.534059145304436e-009 -2.620106145915895e-009 -2.704945895675163e-009 -2.787435777215009e-009 -2.868221028282904e-009 -2.948571438738687e-009 -3.029002088371181e-009 -3.109395173432097e-009 -3.188772719508893e-009 -3.266076168302488e-009 -3.34055841474895e-009 -3.410750956773345e-009 -3.480770054818064e-009 -3.551173597186082e-009 -3.619898140763022e-009 -3.686862586070858e-009 -3.753605215138509e-009 -3.821308934651495e-009 -3.88914913219086e-009 -3.956065515004128e-009 -4.022774138722112e-009 -4.085938851961233e-009 -4.140677096924936e-009 -4.195066939651454e-009 -4.249334641213824e-009 -4.304951976483948e-009 -4.361474175994145e-009 -4.41631972011707e-009 -4.467927170739819e-009 -4.515474406769688e-009 -4.55976808768238e-009 -4.602420883614016e-009 -4.643718272659789e-009 -4.68404020027681e-009 -4.723626970390252e-009 -4.761760045807684e-009 -4.79750580614186e-009 -4.831429119707454e-009
-2.216802111404927e-009 -2.295731656297214e-009 -2.373563889525873e-009 -2.450043287758148e-009 -2.524472213561144e-009 -2.597167152849539e-009 -2.669493745556889e-009 -2.742280039094049e-009 -2.815048191312507e-009 -2.886537127087926e-009 -2.955597484160368e-009 -3.02177338690471e-009 -3.085653785411261e-009 -3.147736771957699e-009 -3.209611403787963e-009 -3.271120579748239e-009 -3.332635545070054e-009 -3.395412331764544e-009 -3.459307047751361e-009 -3.522557888700542e-009 -3.584433323818162e-009 -3.644991402318712e-009 -3.697903319658173e-009 -3.745947470389169e-009 -3.794315359933341e-009 -3.842100355337539e-009 -3.892370858588213e-009 -3.944692625589628e-009 -3.996383458384575e-009 -4.045013499911096e-009 -4.089474422780337e-009 -4.130634830215436e-009 -4.170067853537359e-009 -4.208121414470492e-009 -4.244654941974194e-009 -4.279742483880601e-009 -4.313189063704372e-009 -4.345059572013549e-009 -4.37620982513323e-009
