data/galIOV_gridfiles/galileo_iov_grids_new/galileo_iov_y_q50w50.grd
DSAA
361 181
-180 180
-90 90
-3.5972749803423E-008 3.6387733052127E-008
[rows 17 to 33 of 181, columns 39 to 77 of 361]
6.538071000572497e-009 6.690185037275841e-009 6.839887606528832e-009 6.985559372059668e-009 7.129270934535849e-009 7.272395964484164e-009 7.414240584112215e-009 7.554533998898757e-009 7.692991934441651e-009 7.827417782129607e-009 7.955759995987515e-009 8.081294228129274e-009 8.206990087026468e-009 8.331281313751217e-009 8.454496981516527e-009 8.576482904785614e-009 8.692238957346115e-009 8.801062096429361e-009 8.906594206215938e-009 9.010862953447253e-009 9.114202832883905e-009 9.216977211811054e-009 9.3174910366312e-009 9.409818949157784e-009 9.495879124749979e-009 9.57887062952369e-009 9.659802663466343e-009 9.740165532009697e-009 9.820737073435126e-009 9.896653217426923e-009 9.963976245534716e-009 1.002563745702852e-008 1.008437454365017e-008 1.014098248113152e-008 1.019619544736645e-008 1.025257642318783e-008 1.030348641623477e-008 1.034449308071363e-008 1.038021161195367e-008
6.954064504278887e-009 7.114909827370907e-009 7.273892646617474e-009 7.430769896993961e-009 7.585588831828542e-009 7.739881311555029e-009 7.89162399071146e-009 8.03952586429733e-009 8.185054346679666e-009 8.327996215939439e-009 8.467001106078379e-009 8.603789497987567e-009 8.738760391141646e-009 8.870362849718195e-009 8.999813333217763e-009 9.127522852626163e-009 9.250515612670714e-009 9.369141287823117e-009 9.484284023060896e-009 9.594989183873676e-009 9.703740577004788e-009 9.811818879953331e-009 9.916841703864829e-009 1.001577727150026e-008 1.011070980068661e-008 1.020021420874275e-008 1.028553822437882e-008 1.037028022557579e-008 1.045390743734165e-008 1.053235672939859e-008 1.060591516740137e-008 1.067423546843009e-008 1.07367792122742e-008 1.079643920581281e-008 1.085519825502893e-008 1.091235914983079e-008 1.096369280989531e-008 1.100864327347598e-008 1.104841668751406e-008
7.371620611055732e-009 7.541859298143271e-009 7.709625176099029e-009 7.877165359375567e-009 8.044135716231627e-009 8.209776156659061e-009 8.370791639216572e-009 8.526432985912451e-009 8.678747149846686e-009 8.829558491122377e-009 8.979714405471763e-009 9.128944424958773e-009 9.273378730055948e-009 9.411576725385277e-009 9.546440318883979e-009 9.679092681300641e-009 9.809887358980828e-009 9.939591322131486e-009 1.006437372612997e-008 1.018200971206389e-008 1.02958001237272e-008 1.040770317332317e-008 1.05170633181376e-008 1.062465580947656e-008 1.072848876195834e-008 1.082395889672625e-008 1.091444945654749e-008 1.100297283426773e-008 1.108922681622932e-008 1.11723787585518e-008 1.125290342879806e-008 1.132491623009751e-008 1.139136752989126e-008 1.145485731163368e-008 1.15159647697419e-008 1.157361850893485e-008 1.162722995942798e-008 1.167503102184125e-008 1.171829086955683e-008
7.787969915546099e-009 7.970775485813846e-009 8.150433625877622e-009 8.327463742571692e-009 8.503310029229032e-009 8.677216746790347e-009 8.847208805337373e-009 9.014009766708777e-009 9.176735458694008e-009 9.33629232266641e-009 9.494942297020472e-009 9.65160861858704e-009 9.803638863551673e-009 9.951909573148494e-009 1.009562323615899e-008 1.023570470996762e-008 1.037403860466934e-008 1.050974735275133e-008 1.06404383103191e-008 1.076710128922922e-008 1.088894707001099e-008 1.100728933903096e-008 1.112307795751825e-008 1.123594729712343e-008 1.134352342741888e-008 1.144588567074217e-008 1.154344254775664e-008 1.163750009214371e-008 1.172836652572634e-008 1.181546853345072e-008 1.18978564695972e-008 1.197436713058985e-008 1.204623876069534e-008 1.211456738206694e-008 1.217907315849782e-008 1.223785647164291e-008 1.229150508566468e-008 1.23424983254355e-008 1.238988191739562e-008
8.205738428821737e-009 8.401382075479779e-009 8.592326851969626e-009 8.778452577895586e-009 8.962547118559349e-009 9.144580292826758e-009 9.324731944498667e-009 9.503304585704978e-009 9.675808704292874e-009 9.844224450836786e-009 1.001065153161659e-008 1.01744916582577e-008 1.033596691052223e-008 1.049403675606766e-008 1.064572658490997e-008 1.079392825586512e-008 1.093944078084473e-008 1.108151738571475e-008 1.122040008558475e-008 1.135389159485307e-008 1.148278823761756e-008 1.160844874972348e-008 1.173044045149103e-008 1.184859831421598e-008 1.196160964380731e-008 1.206892457313789e-008 1.217288092701333e-008 1.227278654329964e-008 1.236828608960557e-008 1.245958616493613e-008 1.254412607094637e-008 1.262461845904877e-008 1.270190707011876e-008 1.277474029185493e-008 1.284343151965851e-008 1.290640110380425e-008 1.296053014981602e-008 1.301336700067609e-008 1.306376444526616e-008
8.625744717442554e-009 8.830295986750797e-009 9.03068330366911e-009 9.227693791750842e-009 9.422245423702217e-009 9.614442302936822e-009 9.804223075754955e-009 9.990399811169702e-009 1.017249641419617e-008 1.035122998267005e-008 1.052705849584975e-008 1.069976085227079e-008 1.086909337896131e-008 1.103410010592981e-008 1.119455743893888e-008 1.135191163171799e-008 1.150565216448784e-008 1.165457213985918e-008 1.179948534536879e-008 1.193970818751057e-008 1.207646009446552e-008 1.220987053205554e-008 1.233781700558178e-008 1.246044137412427e-008 1.257896474527646e-008 1.269243158574692e-008 1.280292988063283e-008 1.290829107195712e-008 1.300699119650488e-008 1.310126222925775e-008 1.319099723198844e-008 1.327682930707661e-008 1.335872679165152e-008 1.343431895592475e-008 1.350469890175177e-008 1.357043709350986e-008 1.363063838758417e-008 1.368790845015617e-008 1.373933929995395e-008
9.044188941709989e-009 9.257819207055354e-009 9.468122409938211e-009 9.675980828457173e-009 9.881478608236025e-009 1.008387342102336e-008 1.028301809640777e-008 1.047751983014753e-008 1.066879449560914e-008 1.085767760665161e-008 1.104293618835732e-008 1.122450185185689e-008 1.140114920125267e-008 1.157318264244132e-008 1.174293167317709e-008 1.190924622412852e-008 1.2071430805617e-008 1.222783324427111e-008 1.237763505222241e-008 1.252514040436795e-008 1.266991939826354e-008 1.281046899970473e-008 1.29448775613815e-008 1.30720625015607e-008 1.31951342242502e-008 1.331567996999397e-008 1.343256974927749e-008 1.354320414233317e-008 1.364616428759681e-008 1.374322119057878e-008 1.38376678645381e-008 1.392917602588554e-008 1.401482657319039e-008 1.409335737778067e-008 1.416573758884421e-008 1.423398497278919e-008 1.430016974001232e-008 1.436198067757059e-008 1.44143241791867e-008
9.461171586505782e-009 9.684279520994794e-009 9.904804776699534e-009 1.012373778699565e-008 1.033995737138434e-008 1.055150766431512e-008 1.075941966915738e-008 1.096383690724018e-008 1.11654812196915e-008 1.136389439059327e-008 1.155713374802156e-008 1.174607265012865e-008 1.193142539026774e-008 1.211359699801669e-008 1.229179551234609e-008 1.246511179511645e-008 1.263373512759571e-008 1.279759663952576e-008 1.295733421090003e-008 1.31123224329798e-008 1.326254048439919e-008 1.340777141564606e-008 1.354775364163598e-008 1.368357855918917e-008 1.381361255344436e-008 1.393897258857693e-008 1.405945643853508e-008 1.417391520044965e-008 1.428399408344155e-008 1.438744725053181e-008 1.448580482962029e-008 1.45795313618732e-008 1.466700857776952e-008 1.475043058547421e-008 1.482777503215928e-008 1.489972186220325e-008 1.496773359206224e-008 1.502971826187808e-008 1.50848093947908e-008
9.876860653681161e-009 1.010914899562695e-008 1.034027187335499e-008 1.057089437550273e-008 1.079723551426853e-008 1.101763153449274e-008 1.123398298603164e-008 1.14483480031795e-008 1.166134675064273e-008 1.186887597161769e-008 1.207009216555109e-008 1.226681627096546e-008 1.246112993123505e-008 1.265339930372273e-008 1.283932194471021e-008 1.301960849856954e-008 1.319519975079779e-008 1.336726239120969e-008 1.353654700195336e-008 1.36981986820808e-008 1.385397628332015e-008 1.400489062169746e-008 1.415187328180271e-008 1.429515047626502e-008 1.443074851944285e-008 1.456111023548704e-008 1.468631941720641e-008 1.4806985874035e-008 1.49226036088746e-008 1.503040460897128e-008 1.513291550333243e-008 1.522989080961852e-008 1.532211665947803e-008 1.540852489987416e-008 1.548877071568442e-008 1.556378767438614e-008 1.563310787969624e-008 1.569679156158608e-008 1.57540917160063e-008
1.028951525325244e-008 1.053362296754895e-008 1.077552607267409e-008 1.101515876593297e-008 1.124999871081622e-008 1.148087084669945e-008 1.170819435351467e-008 1.193268419711268e-008 1.215352847999627e-008 1.236904586058678e-008 1.258046353351945e-008 1.278751814453488e-008 1.29907721868716e-008 1.318895596912404e-008 1.338245488130786e-008 1.357207921794724e-008 1.375682267693923e-008 1.393655962298933e-008 1.411077161053948e-008 1.427961273858736e-008 1.444350061849495e-008 1.460214995518932e-008 1.475481033713221e-008 1.49020795731136e-008 1.504428690566575e-008 1.518161905812939e-008 1.531275660655226e-008 1.543758937101973e-008 1.555681648754071e-008 1.567038469412333e-008 1.57786150148106e-008 1.587914292586406e-008 1.597326375618585e-008 1.606275641575975e-008 1.614771593866443e-008 1.622612740057463e-008 1.629637784071561e-008 1.636074021263262e-008 1.642086238031422e-008
1.070052967064935e-008 1.095540891801827e-008 1.120772882677785e-008 1.145671305192992e-008 1.170140947933165e-008 1.194204219711923e-008 1.217964715586863e-008 1.241388165193032e-008 1.264368567488573e-008 1.286796330640434e-008 1.308858651707702e-008 1.330540257163851e-008 1.351773912991616e-008 1.372414868719272e-008 1.392481172747375e-008 1.412254776278184e-008 1.431585344816085e-008 1.450346577608654e-008 1.468342979091208e-008 1.4858937739229e-008 1.503064152236838e-008 1.519711772367822e-008 1.535608798220448e-008 1.550762272486213e-008 1.565601379609196e-008 1.579988128845552e-008 1.593681512998308e-008 1.60656169163102e-008 1.618887847415073e-008 1.630843025611947e-008 1.642221006159126e-008 1.652694630627091e-008 1.662312547093408e-008 1.671589309577135e-008 1.680503596706715e-008 1.688639444979299e-008 1.695838191777715e-008 1.702415181972673e-008 1.708702208430385e-008
1.110822492391774e-008 1.137422571096743e-008 1.163680757034334e-008 1.189533028533827e-008 1.214976440205247e-008 1.240042648995152e-008 1.264799174405962e-008 1.289135481389292e-008 1.313005955272539e-008 1.336398819498919e-008 1.359435951136979e-008 1.381968513842295e-008 1.403992809482274e-008 1.425483074722946e-008 1.44649786369626e-008 1.467024838116978e-008 1.487043177263394e-008 1.506494815744201e-008 1.525348789542196e-008 1.543653355064416e-008 1.561441444325867e-008 1.578660633044381e-008 1.595229696363377e-008 1.611171399262994e-008 1.626578843696131e-008 1.641413524535184e-008 1.655521590604511e-008 1.669091188885295e-008 1.682004015980615e-008 1.694347404311315e-008 1.705990830704892e-008 1.716906573698306e-008 1.727114192344624e-008 1.736747281886552e-008 1.745786098221251e-008 1.754054804199603e-008 1.761666870458953e-008 1.768594297389475e-008 1.77498354536743e-008
1.151349326970732e-008 1.179071429615514e-008 1.206263357716498e-008 1.233027098212052e-008 1.259437442948939e-008 1.285602110850967e-008 1.311282154746627e-008 1.336505111117616e-008 1.361292432833013e-008 1.385760042651473e-008 1.409721586011963e-008 1.433019158270466e-008 1.45583661487151e-008 1.478239061498564e-008 1.500185069853032e-008 1.521408182412362e-008 1.542115048780806e-008 1.562322001273564e-008 1.582037974078917e-008 1.601042769674314e-008 1.619459818772859e-008 1.637287928780241e-008 1.654566977632836e-008 1.671187324452202e-008 1.687211481306475e-008 1.702616058213797e-008 1.717411215417716e-008 1.73143041626273e-008 1.744778608396767e-008 1.757515191842003e-008 1.769601751418378e-008 1.78091214672458e-008 1.79152564800382e-008 1.801516553404372e-008 1.810863374450906e-008 1.819402367663168e-008 1.827198153147497e-008 1.834353247191507e-008 1.840842731722774e-008
1.191642040221018e-008 1.220200728644155e-008 1.248364165673576e-008 1.276231398777256e-008 1.303683640095934e-008 1.330682815386381e-008 1.357249041698622e-008 1.383508510031191e-008 1.409316273351983e-008 1.434668612587183e-008 1.45941795037939e-008 1.483621221944318e-008 1.507353920623289e-008 1.530596594079459e-008 1.553269614388545e-008 1.575295711635739e-008 1.596810415858217e-008 1.61779066079802e-008 1.638184291348241e-008 1.657956765730318e-008 1.677127511574545e-008 1.695582125859493e-008 1.71341662098135e-008 1.730750076050001e-008 1.747479642288671e-008 1.76342818223558e-008 1.778723621382236e-008 1.793273800512667e-008 1.807160450398287e-008 1.820285290604233e-008 1.83270965741139e-008 1.844469708267181e-008 1.855568746393878e-008 1.865856806704459e-008 1.875390261397752e-008 1.884239051490134e-008 1.892418392792578e-008 1.899717728310732e-008 1.906200950101654e-008
1.23154219033845e-008 1.260981718745583e-008 1.290139153343089e-008 1.319078204937207e-008 1.347531157221048e-008 1.375390009724926e-008 1.402905665856593e-008 1.430158346312351e-008 1.456857667649576e-008 1.48296269174795e-008 1.508596751523221e-008 1.533788714153348e-008 1.558392149059269e-008 1.582360142425404e-008 1.605799442691671e-008 1.628705342267439e-008 1.651011709834328e-008 1.672744339481022e-008 1.69388722783156e-008 1.714513127339486e-008 1.734407716737489e-008 1.753512971044469e-008 1.772011793031896e-008 1.790107037518956e-008 1.807386909454675e-008 1.823786363188765e-008 1.839537858830242e-008 1.854738008430769e-008 1.869133574224326e-008 1.882670967875057e-008 1.895499340195692e-008 1.907795410927464e-008 1.919246230473711e-008 1.929818243023181e-008 1.939656748560093e-008 1.948954828441977e-008 1.957324165693923e-008 1.964745529149027e-008 1.971438955064479e-008
1.270866032819413e-008 1.301368883326446e-008 1.331560357730947e-008 1.361427013564818e-008 1.390784318657905e-008 1.419685598385366e-008 1.448206661854609e-008 1.476299964533469e-008 1.503823821275535e-008 1.53085468841426e-008 1.557430019478201e-008 1.583452362016706e-008 1.608852972411234e-008 1.633706443026346e-008 1.658007094979051e-008 1.681633805115121e-008 1.704654293951215e-008 1.727290539388107e-008 1.749300454218075e-008 1.770538486266318e-008 1.791060942660982e-008 1.811010119735318e-008 1.830277680460989e-008 1.848827107341276e-008 1.866609268323548e-008 1.883692375286238e-008 1.900032354980222e-008 1.91560013227358e-008 1.93044213669242e-008 1.944616995144957e-008 1.9579342066487e-008 1.97046439623468e-008 1.982251650784427e-008 1.993337390215047e-008 2.003516212516951e-008 2.012929325456041e-008 2.021523061732434e-008 2.029306161405254e-008 2.036162009210752e-008
1.309569082115869e-008 1.341157459033777e-008 1.372446472853041e-008 1.403314242235721e-008 1.433600655126734e-008 1.463483261061471e-008 1.492993192106224e-008 1.521965383199355e-008 1.550355065497382e-008 1.578322113461841e-008 1.605815717983684e-008 1.632662771763395e-008 1.65888381605496e-008 1.684636422756882e-008 1.709820308468121e-008 1.734259962531557e-008 1.758068552066924e-008 1.781526093942048e-008 1.804322528464577e-008 1.826167420315479e-008 1.847363945408904e-008 1.868098754360092e-008 1.88803114485844e-008 1.90702180965501e-008 1.925378793519501e-008 1.943140796758662e-008 1.960031475624605e-008 1.976048180345212e-008 1.991419763784032e-008 2.006124945117213e-008 2.019844693919371e-008 2.032695125841853e-008 2.04491950128771e-008 2.056393020239168e-008 2.066815902245367e-008 2.076382110034938e-008 2.085299091236406e-008 2.093355662840843e-008 2.100356865557154e-008
