data/galIOV_gridfiles/galileo_iov_grids_new/galileo_iov_y_q50w50.grd
DSAA
361 181
-180 180
-90 90
-3.5972749803423E-008 3.6387733052127E-008
[rows 119 to 135 of 181, columns 156 to 194 of 361]
1.246959305705952e-008 1.188886157842052e-008 1.130958232823386e-008 1.073153013762212e-008 1.015412512926997e-008 9.582308843177187e-009 9.012354476030488e-009 8.447323927094554e-009 7.884883987319345e-009 7.326879065608472e-009 6.775878411282945e-009 6.229069452442391e-009 5.691467523402747e-009 5.158843686536241e-009 4.634378448684341e-009 4.118332293458784e-009 3.609042276239714e-009 3.112697788223381e-009 2.620585983888833e-009 2.149354126852543e-009 1.698824244858817e-009 1.266118429703534e-009 8.326657767139373e-010 4.13080216206904e-010 -1.555250407396271e-012 -3.966821062016688e-010 -8.064269333522379e-010 -1.221201434658416e-009 -1.645774388759283e-009 -2.094240191214946e-009 -2.559070290849249e-009 -3.035498157822902e-009 -3.531811779962015e-009 -4.034649307332195e-009 -4.544328849799109e-009 -5.062733503332692e-009 -5.583888287200262e-009 -6.113620853282173e-009 -6.645588808550481e-009
1.239381272785197e-008 1.181754752976589e-008 1.124242352579086e-008 1.066879536584488e-008 1.009640179693981e-008 9.528199838811503e-009 8.962938763841035e-009 8.400720856181612e-009 7.841372178800832e-009 7.286964583876645e-009 6.739168339839716e-009 6.196193323870067e-009 5.660913336928716e-009 5.13086956496767e-009 4.609586147997395e-009 4.095784973913667e-009 3.590236340495349e-009 3.095766462826012e-009 2.609345335141697e-009 2.140770762126082e-009 1.691150060212783e-009 1.255308780273928e-009 8.252339686479273e-010 4.05559354883374e-010 -3.872615648909498e-012 -3.999995597522261e-010 -8.072626469668729e-010 -1.219851449715896e-009 -1.644660414108094e-009 -2.090268875292087e-009 -2.552120857555662e-009 -3.027345310667036e-009 -3.519574398890899e-009 -4.01977930122738e-009 -4.527490700167608e-009 -5.042784805913039e-009 -5.561600392433182e-009 -6.086512246586618e-009 -6.615084930559098e-009
1.231149843252218e-008 1.173835063063036e-008 1.11687125337138e-008 1.059862195651876e-008 1.003199695158634e-008 9.468337284706005e-009 8.908472086458872e-009 8.3506941272185e-009 7.791311711444954e-009 7.240740281305002e-009 6.697534949683434e-009 6.158799357749147e-009 5.626853054910884e-009 5.098352458841782e-009 4.581247648736237e-009 4.070496421298678e-009 3.569118880517196e-009 3.077758461154175e-009 2.595091749595898e-009 2.13104530572383e-009 1.683166596712735e-009 1.247629899792856e-009 8.193504446756561e-010 3.922540340198485e-010 -9.672660647451339e-012 -3.965906964153946e-010 -8.099337638523805e-010 -1.215815806124525e-009 -1.638952624470138e-009 -2.084928384789952e-009 -2.544900243743736e-009 -3.016200530509731e-009 -3.506976471009635e-009 -4.003705947400608e-009 -4.507883416239495e-009 -5.021334916860392e-009 -5.535616248323386e-009 -6.055716570910972e-009 -6.579559814288029e-009
1.221964632143698e-008 1.165228739703582e-008 1.108686917994447e-008 1.052188850798694e-008 9.960182638646937e-009 9.400725228156569e-009 8.845091575065541e-009 8.291391137666389e-009 7.738611585017545e-009 7.192490729974602e-009 6.652897871062953e-009 6.117965038735898e-009 5.588543426104301e-009 5.065081702084365e-009 4.551455833643365e-009 4.045326717078799e-009 3.547216481237293e-009 3.058358892466965e-009 2.580837995526167e-009 2.118911914982892e-009 1.672340028405675e-009 1.240404241135912e-009 8.219098559245051e-010 4.060383983931908e-010 8.680611940387196e-012 -3.787646687741655e-010 -7.945024568082218e-010 -1.211021611267684e-009 -1.638229814952587e-009 -2.080208550483058e-009 -2.536170549525548e-009 -3.00537229040325e-009 -3.490662787486174e-009 -3.983633752114259e-009 -4.485860716188681e-009 -4.99444987986761e-009 -5.506165688303423e-009 -6.022901656623133e-009 -6.54396394011179e-009
1.211985786367498e-008 1.155950251343545e-008 1.099708923809594e-008 1.043768103760926e-008 9.881495167163322e-009 9.325579645050192e-009 8.775125061896212e-009 8.225648433538386e-009 7.680794810915411e-009 7.140214396231827e-009 6.604913099968795e-009 6.074779759749322e-009 5.545829093464417e-009 5.027650350838451e-009 4.519443439966029e-009 4.019938965305965e-009 3.52591089926368e-009 3.036855949134299e-009 2.565806222727682e-009 2.105557258244185e-009 1.658251982248023e-009 1.232475117404032e-009 8.297239911194521e-010 4.217619045560181e-010 3.226464788318939e-011 -3.390339996735379e-010 -7.721905521012882e-010 -1.20951375739906e-009 -1.641187078219003e-009 -2.074783584745684e-009 -2.526582477827235e-009 -2.992216680586562e-009 -3.473494431534211e-009 -3.96048224188634e-009 -4.461810689647987e-009 -4.965778106338248e-009 -5.473377430282441e-009 -5.986397457919225e-009 -6.503289628448557e-009
1.201325203576765e-008 1.145823835943184e-008 1.090237100980511e-008 1.034884835243237e-008 9.797745854115234e-009 9.247500778443628e-009 8.701527715903693e-009 8.157638945853351e-009 7.617893893514218e-009 7.082507552725897e-009 6.55171170472835e-009 6.026019805067253e-009 5.503543323377582e-009 4.989501237583137e-009 4.484862445286359e-009 3.988064711156125e-009 3.49822322908483e-009 3.015531992049131e-009 2.546852920874691e-009 2.091765073873714e-009 1.650614461055983e-009 1.228746899407563e-009 8.213308052263996e-010 4.175412363443695e-010 2.297860557889654e-011 -3.598687096072293e-010 -7.797515157761452e-010 -1.20400301461526e-009 -1.631279952950836e-009 -2.065922614798099e-009 -2.513879680260444e-009 -2.976203753003153e-009 -3.452239990889384e-009 -3.938763332432215e-009 -4.434331130958655e-009 -4.933563517681051e-009 -5.437707410695455e-009 -5.946378727384124e-009 -6.459902937233735e-009
1.189907860351865e-008 1.134993589473656e-008 1.080153615254099e-008 1.025416252565071e-008 9.709392652695661e-009 9.16393029576251e-009 8.623041085601888e-009 8.085381587982472e-009 7.54981997956646e-009 7.020676191098292e-009 6.494348262338648e-009 5.974293175262212e-009 5.459085787707436e-009 4.948035120346202e-009 4.447969417668516e-009 3.953860638229081e-009 3.469244652511008e-009 2.993123534170591e-009 2.525815357782977e-009 2.076060092897573e-009 1.643109148640216e-009 1.225429276073931e-009 8.101299071753835e-010 4.062553398887587e-010 1.763299619103049e-012 -3.851622790386362e-010 -7.925810880837215e-010 -1.204000473780439e-009 -1.621585026433777e-009 -2.055183034202214e-009 -2.49967298485934e-009 -2.956805621978356e-009 -3.427602097920654e-009 -3.916276630420177e-009 -4.405759057985899e-009 -4.898743484134536e-009 -5.398547453010189e-009 -5.902249726381041e-009 -6.412753835917361e-009
1.178035873965993e-008 1.123696179397057e-008 1.069400693421962e-008 1.015279310679476e-008 9.613737387212334e-009 9.075119798699065e-009 8.540222573407585e-009 8.008115932275643e-009 7.478942792568765e-009 6.954730066317091e-009 6.433796590913176e-009 5.919248894524704e-009 5.41003109333022e-009 4.905809937164773e-009 4.409329554036835e-009 3.919367962356045e-009 3.438589902143465e-009 2.96611357215706e-009 2.503821586248533e-009 2.058216595149574e-009 1.62878275734438e-009 1.211188912779896e-009 7.999942886811631e-010 3.972659337092293e-010 -1.564516867771292e-012 -3.907036204168717e-010 -7.896816898458449e-010 -1.197838750109158e-009 -1.612134805343574e-009 -2.041474967701516e-009 -2.48305216750637e-009 -2.937015475980279e-009 -3.403833719157162e-009 -3.885185864669073e-009 -4.369953915911356e-009 -4.860061732484857e-009 -5.355678849476121e-009 -5.85522322747072e-009 -6.360384283121422e-009
1.165652621703005e-008 1.111872221460484e-008 1.05796813819181e-008 1.00449996681938e-008 9.512134289739409e-009 8.981037218442447e-009 8.453254053614695e-009 7.926195404308101e-009 7.404237795881267e-009 6.885327045706311e-009 6.36859409420377e-009 5.860677069801546e-009 5.358085862885298e-009 4.862605710749665e-009 4.369842370760279e-009 3.882720148568237e-009 3.408421565703689e-009 2.937113562232748e-009 2.478425587829848e-009 2.038098514905394e-009 1.613305924148845e-009 1.196611244064125e-009 7.901851486481686e-010 3.862049447239953e-010 -1.024320272724252e-011 -3.890219558786988e-010 -7.846927186718806e-010 -1.190172668135136e-009 -1.599728275086509e-009 -2.025936933573783e-009 -2.464493041591093e-009 -2.915014655215625e-009 -3.37653029266721e-009 -3.853231470320468e-009 -4.331650490365424e-009 -4.818134897660374e-009 -5.309481616416815e-009 -5.803732138182313e-009 -6.30482836763094e-009
1.15243800062649e-008 1.099329204644957e-008 1.046102390069543e-008 9.932673206212463e-009 9.406215987900703e-009 8.88197894652317e-009 8.360717722707582e-009 7.841057751072838e-009 7.32545170690962e-009 6.812788090018622e-009 6.302330889291672e-009 5.799741137512796e-009 5.302520881379718e-009 4.81136753210026e-009 4.324853168439888e-009 3.843328736104611e-009 3.372527735334553e-009 2.907665949042663e-009 2.453889914719392e-009 2.017223675075669e-009 1.597132014300543e-009 1.187194667352408e-009 7.860297740839363e-010 3.897812426980669e-010 -1.168563008823767e-013 -3.844984838428957e-010 -7.779966560225947e-010 -1.18071866194339e-009 -1.588013489343277e-009 -2.008756985691134e-009 -2.443201813222271e-009 -2.890806485612951e-009 -3.348927459400198e-009 -3.81789002646511e-009 -4.293102098958425e-009 -4.774099180129919e-009 -5.260652801541608e-009 -5.751450582593335e-009 -6.245507214120465e-009
1.1386326924803e-008 1.086217773254601e-008 1.033579073381263e-008 9.81442662608503e-009 9.295338666882369e-009 8.77756407651317e-009 8.263699207263124e-009 7.751791151403824e-009 7.244651838737178e-009 6.737449630276426e-009 6.232119420277388e-009 5.735605725774207e-009 5.243594334708953e-009 4.756605368693619e-009 4.277613255781919e-009 3.801204765937587e-009 3.336152408647794e-009 2.877963667392122e-009 2.426381197613791e-009 1.993450727671411e-009 1.580568821827608e-009 1.182679028798647e-009 7.837792529963852e-010 3.987284053912729e-010 1.354310473447407e-011 -3.754141108285256e-010 -7.686680738993625e-010 -1.17297588710333e-009 -1.575406229891733e-009 -1.987855641725562e-009 -2.419088493298173e-009 -2.866062567645912e-009 -3.319372002473408e-009 -3.780724391660705e-009 -4.253201886642435e-009 -4.726768628254853e-009 -5.208632691331511e-009 -5.6963425131257e-009 -6.182555849086464e-009
1.124106039997248e-008 1.072471417966033e-008 1.020647858522308e-008 9.692083858922277e-009 9.17991770747135e-009 8.668946574549993e-009 8.161643925124881e-009 7.657029865687875e-009 7.155920403711155e-009 6.656255683703327e-009 6.158567220093731e-009 5.667633973382902e-009 5.181942671658275e-009 4.700961518057174e-009 4.227155647199679e-009 3.758051663245761e-009 3.297381022307281e-009 2.845555346341271e-009 2.400506267651909e-009 1.971285594517437e-009 1.560618479858171e-009 1.16900559577724e-009 7.814456900988124e-010 4.003067632118166e-010 2.062738782845302e-011 -3.5747870994957e-010 -7.538138259384109e-010 -1.15777996251129e-009 -1.563252086685792e-009 -1.973298756165998e-009 -2.399305087908165e-009 -2.838227030617457e-009 -3.2864235827033e-009 -3.743828845933595e-009 -4.207833671316436e-009 -4.676715851205236e-009 -5.15137150668117e-009 -5.632072221826063e-009 -6.114502027190434e-009
1.108982662273535e-008 1.058226781603674e-008 1.007172062875005e-008 9.564800669052572e-009 9.060163017455765e-009 8.554999207749317e-009 8.054137175376707e-009 7.557619736039176e-009 7.062349410537475e-009 6.571419826711335e-009 6.081492702969635e-009 5.595610286760653e-009 5.117745221115585e-009 4.642582694351899e-009 4.174639916713286e-009 3.713946987250984e-009 3.257578943181848e-009 2.814528625651017e-009 2.374877492419379e-009 1.943996587005841e-009 1.533944355314482e-009 1.154780371226015e-009 7.825801366986844e-010 3.972512914503514e-010 3.155815503189753e-011 -3.296031399418386e-010 -7.353745636581983e-010 -1.146311391154186e-009 -1.554497194243e-009 -1.959442225910383e-009 -2.377979648178719e-009 -2.808134035306005e-009 -3.252484544824288e-009 -3.705713973848568e-009 -4.160164548991146e-009 -4.623370406530984e-009 -5.089581034566805e-009 -5.563535592944077e-009 -6.04287311983794e-009
1.093130884394401e-008 1.043170862479499e-008 9.930558104227288e-009 9.431571634328113e-009 8.934822469768398e-009 8.437746708759341e-009 7.944316150674573e-009 7.454813360890285e-009 6.966864506215313e-009 6.482868179331375e-009 6.000953365075156e-009 5.521974995420701e-009 5.050260832692383e-009 4.58271523420892e-009 4.121069925222041e-009 3.667118921040514e-009 3.217110194944731e-009 2.777490404098679e-009 2.346688655466147e-009 1.92520804201182e-009 1.522803385193679e-009 1.139752085417931e-009 7.650240798728914e-010 3.833720383323366e-010 1.582123764301911e-011 -3.442750440562565e-010 -7.378548839541744e-010 -1.135129115441162e-009 -1.535563741998881e-009 -1.939831510802791e-009 -2.353496044344319e-009 -2.778577490668172e-009 -3.215021999765205e-009 -3.660180719174296e-009 -4.110475280825074e-009 -4.566691551097219e-009 -5.027830083780185e-009 -5.495119863409344e-009 -5.96583369907774e-009
1.076555736817133e-008 1.027493127718682e-008 9.78346674468442e-009 9.293169067391664e-009 8.805270685419612e-009 8.316207527317631e-009 7.830239424774155e-009 7.348464201612468e-009 6.867806205315055e-009 6.391419029072596e-009 5.917757279339527e-009 5.445032181248465e-009 4.979498630498787e-009 4.520832126531844e-009 4.066019992208254e-009 3.620273227397959e-009 3.176108566573912e-009 2.738677028850446e-009 2.317298828710911e-009 1.907314619120887e-009 1.514135754461226e-009 1.12508804304182e-009 7.444203134887423e-010 3.573875607275526e-010 -1.064035993852678e-011 -3.637389308499608e-010 -7.429002180260888e-010 -1.127559830780373e-009 -1.517782286174454e-009 -1.918092328308837e-009 -2.327553499822314e-009 -2.747414642348454e-009 -3.174631408203803e-009 -3.612385084813403e-009 -4.058874684249468e-009 -4.50690701846523e-009 -4.962404436332141e-009 -5.423505610963078e-009 -5.884931632291028e-009
1.059537225359841e-008 1.011318682240118e-008 9.630353623883309e-009 9.14869173134381e-009 8.668992556029319e-009 8.189225926490817e-009 7.711795670054516e-009 7.237649984248226e-009 6.764482733937692e-009 6.295126878149716e-009 5.829318421824849e-009 5.365432258959142e-009 4.907551017707603e-009 4.456032102450058e-009 4.008136078190855e-009 3.56802004653874e-009 3.132046495732468e-009 2.701063368294566e-009 2.285114181819106e-009 1.882885488416775e-009 1.494236272234913e-009 1.111368578458761e-009 7.341832616892105e-010 3.591534062546071e-010 -5.613352764682955e-012 -3.663887310510261e-010 -7.368033273896787e-010 -1.116861295296005e-009 -1.501533153871155e-009 -1.895216144341368e-009 -2.299168633339439e-009 -2.712303435755418e-009 -3.13378817955401e-009 -3.563899748878834e-009 -4.002101292588126e-009 -4.444598082589505e-009 -4.892413096189444e-009 -5.346254958129597e-009 -5.802173423915821e-009
1.041877182939545e-008 9.945417068545916e-009 9.471813546611286e-009 8.998095519073478e-009 8.52738888722218e-009 8.057250287142316e-009 7.589711408641478e-009 7.123695879660179e-009 6.656882804600236e-009 6.194036049587939e-009 5.737354544303639e-009 5.282475680811256e-009 4.833540118904773e-009 4.389137543126148e-009 3.947692813609607e-009 3.515897928955835e-009 3.087383101291392e-009 2.661005792460284e-009 2.249281031301145e-009 1.854992159243894e-009 1.475340014454613e-009 1.101304752805492e-009 7.263593171865926e-010 3.650754828068392e-010 4.301029070853724e-012 -3.634483684326089e-010 -7.291398269195525e-010 -1.105111765458848e-009 -1.484396738458422e-009 -1.871094791041413e-009 -2.268227586141881e-009 -2.675267318029119e-009 -3.091630591008166e-009 -3.512811227653997e-009 -3.942783458288663e-009 -4.379633182328471e-009 -4.818489285755359e-009 -5.265417156350545e-009 -5.716066196021056e-009
