data/galIOV_gridfiles/galileo_iov_grids_new/galileo_iov_y_q50w50.grd
DSAA
361 181
-180 180
-90 90
-3.5972749803423E-008 3.6387733052127E-008
[rows 17 to 33 of 181, columns 78 to 116 of 361]
1.041361974175238e-008 1.044565760638392e-008 1.047538648532035e-008 1.050394854666026e-008 1.052724250891233e-008 1.054109392078803e-008 1.054979167050585e-008 1.055668457587928e-008 1.056397334602094e-008 1.057160688219445e-008 1.057905392533845e-008 1.058253513901792e-008 1.058303453611364e-008 1.058461214271571e-008 1.058720466744546e-008 1.058803119673924e-008 1.058546323560798e-008 1.057850794816557e-008 1.056212927935812e-008 1.054330059260356e-008 1.052451546825575e-008 1.050322288447924e-008 1.047719801032585e-008 1.044701019198956e-008 1.041323278122906e-008 1.037036593067439e-008 1.032435771020451e-008 1.027892650425493e-008 1.02312210064804e-008 1.018005962068477e-008 1.012619143598762e-008 1.00681862286168e-008 1.000240527791608e-008 9.932784018081145e-009 9.863640268820454e-009 9.792689661510554e-009 9.719972619187257e-009 9.646300269285221e-009 9.566561957544394e-009
1.108441965522539e-008 1.11177673637483e-008 1.114858872662967e-008 1.11767707223821e-008 1.119961006927515e-008 1.121506235752278e-008 1.122527563108255e-008 1.123246635223951e-008 1.123881535360495e-008 1.124528738966611e-008 1.125206453948271e-008 1.125511473996363e-008 1.125534405192053e-008 1.125738591072798e-008 1.126101226240235e-008 1.126195735774817e-008 1.125847152746327e-008 1.125124917217656e-008 1.12357820340557e-008 1.12168738696119e-008 1.119756731338075e-008 1.117528015004686e-008 1.114705733562621e-008 1.111298752868507e-008 1.107612734012682e-008 1.103414188169809e-008 1.098809586113779e-008 1.094167567524643e-008 1.089158890008352e-008 1.08350549180132e-008 1.077444284300703e-008 1.071187793348662e-008 1.064567564816755e-008 1.057732243414968e-008 1.050660117129417e-008 1.042981273795518e-008 1.034898425625271e-008 1.026633189422719e-008 1.018029167163477e-008
1.175766119198716e-008 1.179278979535737e-008 1.182348470524883e-008 1.185045815933862e-008 1.187272041359121e-008 1.189026780964918e-008 1.190283528956922e-008 1.191086978166674e-008 1.191551384323557e-008 1.191966362800759e-008 1.192409938707618e-008 1.19270787526558e-008 1.192851688538503e-008 1.193111626621346e-008 1.1935677608994e-008 1.193685050078699e-008 1.193072934158328e-008 1.192140625763727e-008 1.190805069203537e-008 1.189122058510121e-008 1.187132990636186e-008 1.184755825021696e-008 1.181818215642863e-008 1.178213648269374e-008 1.174198209477354e-008 1.169902941660573e-008 1.16530237642948e-008 1.160513515816811e-008 1.155266301709238e-008 1.149315090578119e-008 1.142819342769584e-008 1.136080308977167e-008 1.129283570394558e-008 1.122411111070329e-008 1.115044295507752e-008 1.106842617929446e-008 1.098123207341035e-008 1.089079373139737e-008 1.079914469981385e-008
1.243296814234374e-008 1.24704134092306e-008 1.250013036532898e-008 1.252481724741782e-008 1.254881437372286e-008 1.256867440850346e-008 1.258359327247137e-008 1.259330531503695e-008 1.259537926972839e-008 1.259530259761937e-008 1.259941017138553e-008 1.260218762956299e-008 1.260280657308911e-008 1.260429878181411e-008 1.260885706706933e-008 1.261044479741115e-008 1.260396158786942e-008 1.25958659269533e-008 1.258463171850214e-008 1.256745773974296e-008 1.254510831094187e-008 1.251824015942264e-008 1.248736943281782e-008 1.245270788166457e-008 1.241323225500379e-008 1.236808415825482e-008 1.231865778830672e-008 1.22662393858921e-008 1.221041772307546e-008 1.215174907452723e-008 1.208723553747491e-008 1.201640429184379e-008 1.19433340124587e-008 1.186829312235618e-008 1.178864140351998e-008 1.170535720167779e-008 1.161607307303016e-008 1.152071823680001e-008 1.142308145880366e-008
1.310917499388136e-008 1.314944009332799e-008 1.318190637399591e-008 1.32058752817129e-008 1.322948859641732e-008 1.325006542930908e-008 1.326601893401842e-008 1.327849824862409e-008 1.328196553211759e-008 1.327915871636801e-008 1.327972857685402e-008 1.327961329156641e-008 1.327695054433239e-008 1.327629591189009e-008 1.328092849733871e-008 1.328313136207457e-008 1.327953643364254e-008 1.327418032710554e-008 1.326318408254356e-008 1.324441164542589e-008 1.322040748789376e-008 1.319152676802243e-008 1.315947074649512e-008 1.312474868350398e-008 1.30845897761317e-008 1.303766668022731e-008 1.298563417697765e-008 1.293021877455551e-008 1.287284651059639e-008 1.281368989472987e-008 1.274662505194213e-008 1.267252957034159e-008 1.259508480962381e-008 1.251493731540236e-008 1.243212343529542e-008 1.234602955055638e-008 1.225139714832538e-008 1.215138313584626e-008 1.204833401403093e-008
1.378414283285822e-008 1.382405034383998e-008 1.385946932195642e-008 1.389036733928378e-008 1.391534633544376e-008 1.393337417518578e-008 1.394652491407745e-008 1.395806318204389e-008 1.396545646006927e-008 1.396706576096871e-008 1.396430149774897e-008 1.395934586683624e-008 1.395355369782913e-008 1.395215466805044e-008 1.395852426623019e-008 1.396016382869825e-008 1.395824154659925e-008 1.395220722976295e-008 1.393862331991126e-008 1.392011605859526e-008 1.389675973946928e-008 1.386742344998651e-008 1.383364965424664e-008 1.379544706773179e-008 1.375249519749072e-008 1.370552827355646e-008 1.365304678890495e-008 1.35964038687998e-008 1.353653093673739e-008 1.347177499701266e-008 1.340178682029858e-008 1.332684222765138e-008 1.324733920775449e-008 1.31639145624795e-008 1.307578563839073e-008 1.298195971068428e-008 1.288397044623345e-008 1.278106104514529e-008 1.267383885014379e-008
1.445946721024181e-008 1.45000773320247e-008 1.453866633241731e-008 1.457460177203104e-008 1.460064942831802e-008 1.461740003459996e-008 1.462891658030864e-008 1.463926845727558e-008 1.464929043559741e-008 1.465385964951655e-008 1.464937128060173e-008 1.464203563969447e-008 1.463837388444693e-008 1.464221658512406e-008 1.464364070168963e-008 1.464023225842674e-008 1.4637916615529e-008 1.463096426864546e-008 1.461767132129596e-008 1.459881592629987e-008 1.457348041535548e-008 1.454348243680832e-008 1.450810629862426e-008 1.446800334315719e-008 1.44240282545763e-008 1.437412371136408e-008 1.432020493537538e-008 1.426200205590486e-008 1.419962393050195e-008 1.413276586850458e-008 1.405881137295656e-008 1.398119267420058e-008 1.389917940324684e-008 1.381206464551063e-008 1.372053212235864e-008 1.362143325243576e-008 1.351781541826831e-008 1.34104791519303e-008 1.329797633968066e-008
1.513389164908167e-008 1.517783892390994e-008 1.521768722769988e-008 1.525171510392937e-008 1.527913016310972e-008 1.529908501168982e-008 1.531249587537819e-008 1.532257079716644e-008 1.532905447151007e-008 1.533346378545167e-008 1.533026821513742e-008 1.53226012640652e-008 1.531895496590311e-008 1.53218266325762e-008 1.532126370149876e-008 1.531872102239935e-008 1.531826101051183e-008 1.531118466353979e-008 1.52948597354351e-008 1.527345911690958e-008 1.524876878219708e-008 1.521908217888088e-008 1.518270076464188e-008 1.513918901317028e-008 1.509199781221541e-008 1.504140093479835e-008 1.498674334638033e-008 1.492648873927165e-008 1.486022088705799e-008 1.478931480508003e-008 1.471411088346939e-008 1.463557340059522e-008 1.455025743807348e-008 1.445750667868246e-008 1.43599712817099e-008 1.425804329274858e-008 1.415200967344142e-008 1.403945773625802e-008 1.391991843928045e-008
1.580629427100199e-008 1.585301137508864e-008 1.589401593592841e-008 1.592889324479626e-008 1.595644324737062e-008 1.59784619811707e-008 1.599357663372405e-008 1.600498976626839e-008 1.601251607048313e-008 1.601204627322354e-008 1.600747941522691e-008 1.599789309144148e-008 1.598977490522986e-008 1.598984508582177e-008 1.599405104135167e-008 1.599647660351718e-008 1.599825178046584e-008 1.599166465000866e-008 1.597399578082886e-008 1.595028090837292e-008 1.592420173515786e-008 1.589316626876346e-008 1.585621158797553e-008 1.58113812027366e-008 1.576104200471894e-008 1.570841919625554e-008 1.565168823432994e-008 1.558898451432344e-008 1.552021033844588e-008 1.544638788939742e-008 1.536963972514757e-008 1.52885648571677e-008 1.519926194290838e-008 1.510232925513298e-008 1.500007175939968e-008 1.489453385177469e-008 1.478409277940021e-008 1.46662104447378e-008 1.454126558942915e-008
1.647670847616454e-008 1.652507902567119e-008 1.656608517068701e-008 1.660109916623227e-008 1.66316155404539e-008 1.665604853665702e-008 1.667095110579832e-008 1.66802893821294e-008 1.668803571628861e-008 1.668864630495019e-008 1.668352545970909e-008 1.667172775308998e-008 1.666014539266621e-008 1.666043829421221e-008 1.666954721960443e-008 1.667308304944775e-008 1.667338749075961e-008 1.666466075593627e-008 1.664887902964929e-008 1.662714644478008e-008 1.659848106804922e-008 1.656373314205791e-008 1.652422312987095e-008 1.648025590261407e-008 1.642971191230684e-008 1.637422433042555e-008 1.631363696199718e-008 1.624788793380549e-008 1.617872088868527e-008 1.610359229992537e-008 1.602352356329188e-008 1.593687414008814e-008 1.584369313081209e-008 1.574500259973886e-008 1.563985873674743e-008 1.552923104507793e-008 1.541155155817389e-008 1.528897647164979e-008 1.516050022931514e-008
1.714473096098098e-008 1.71936897139457e-008 1.723565395359714e-008 1.727224386274288e-008 1.730523776596747e-008 1.733042696922361e-008 1.734511568520746e-008 1.735259940759436e-008 1.735788606886633e-008 1.73604942695424e-008 1.735757659602887e-008 1.734623893542827e-008 1.733932105877905e-008 1.734493836356202e-008 1.734852802491455e-008 1.734674609581302e-008 1.734547038463099e-008 1.733747875671394e-008 1.732375555792356e-008 1.730069679476315e-008 1.727043452459445e-008 1.723358483060141e-008 1.719259038686288e-008 1.714720069697159e-008 1.709558004144422e-008 1.703832810623584e-008 1.697616585563832e-008 1.69097786434814e-008 1.683655439065886e-008 1.675873972251639e-008 1.667522248538513e-008 1.658576364619987e-008 1.648905402640723e-008 1.638599074944402e-008 1.627705593018056e-008 1.61621793054803e-008 1.604139618835204e-008 1.591212599234736e-008 1.577756378611055e-008
1.780665076022807e-008 1.785699589888534e-008 1.790207984689462e-008 1.79410240182655e-008 1.797249963504038e-008 1.799644122215991e-008 1.801296703579475e-008 1.802202782654329e-008 1.802583772499688e-008 1.802550826274008e-008 1.802292291501718e-008 1.801180495618133e-008 1.800684245199725e-008 1.801299118847909e-008 1.801507258388876e-008 1.801516474715151e-008 1.801603793917903e-008 1.800689497357622e-008 1.799010807631225e-008 1.796783619327154e-008 1.793894033469645e-008 1.790135786259834e-008 1.78562628598958e-008 1.780918865987188e-008 1.775829182502976e-008 1.770026928299281e-008 1.763489220656652e-008 1.756468586455298e-008 1.749089456104103e-008 1.741181528202285e-008 1.732401164437069e-008 1.722937308259193e-008 1.71294557885678e-008 1.702475375165058e-008 1.691140748067485e-008 1.679040948911198e-008 1.666382234398935e-008 1.653132471527625e-008 1.63919363171451e-008
1.846640901162739e-008 1.85180670063417e-008 1.856463898633603e-008 1.860465842585347e-008 1.863615767112086e-008 1.865872720126455e-008 1.867513079928065e-008 1.868627723273856e-008 1.869393614133374e-008 1.868901965907986e-008 1.867883326141655e-008 1.866512703631809e-008 1.865802836823017e-008 1.866207728355979e-008 1.867092394369574e-008 1.868000588920528e-008 1.868436499665927e-008 1.867330158640254e-008 1.865416108275664e-008 1.863151423182852e-008 1.860273740478207e-008 1.85663833801705e-008 1.852031257871786e-008 1.847082615556209e-008 1.84183008582318e-008 1.83589371550139e-008 1.829154404535789e-008 1.821932334057835e-008 1.814430468092364e-008 1.806209134494947e-008 1.797020698294103e-008 1.787199956116942e-008 1.776950496036704e-008 1.766107777545449e-008 1.754260773570466e-008 1.741642126077462e-008 1.728461270749086e-008 1.714739039343391e-008 1.700276202885391e-008
1.912085876916807e-008 1.917559331324927e-008 1.922251982563893e-008 1.92615959995284e-008 1.929266905172178e-008 1.931581393565278e-008 1.933146027965856e-008 1.934186726321037e-008 1.93502590737256e-008 1.934450207005918e-008 1.932830658030739e-008 1.931214447373757e-008 1.930642492614195e-008 1.930865725933783e-008 1.932192751059322e-008 1.933714789930561e-008 1.934110263569744e-008 1.933071779204205e-008 1.931358248549517e-008 1.929043378987057e-008 1.925937718671008e-008 1.922287589150544e-008 1.917906499863289e-008 1.912863738666992e-008 1.907233918849064e-008 1.901048671344165e-008 1.894370863316003e-008 1.887123662762201e-008 1.879167347862763e-008 1.870459561595986e-008 1.861141614141714e-008 1.851180262103171e-008 1.840457445408571e-008 1.828975644201903e-008 1.816822569230886e-008 1.803943995944543e-008 1.790257577406849e-008 1.775795469665147e-008 1.760865755664095e-008
1.977632765376961e-008 1.982994361051204e-008 1.987565149674005e-008 1.991309823436999e-008 1.994293296760536e-008 1.996645973908681e-008 1.998140374617845e-008 1.998827675577399e-008 1.999128849633603e-008 1.998764705152578e-008 1.997119947056178e-008 1.995170024050054e-008 1.994185272005803e-008 1.994954958023228e-008 1.996839096130875e-008 1.998786887731018e-008 1.999083309119468e-008 1.998112831853318e-008 1.996596869538307e-008 1.99435370727274e-008 1.991394755355686e-008 1.987623260251282e-008 1.983167668359216e-008 1.978074152161729e-008 1.972422761568346e-008 1.966039008555581e-008 1.959190001488558e-008 1.951819792276644e-008 1.943633729075261e-008 1.934522972504365e-008 1.924920553537574e-008 1.914680549062048e-008 1.90359245702993e-008 1.891634256556522e-008 1.879068071246101e-008 1.865817601844139e-008 1.851752853785431e-008 1.836770048498348e-008 1.821259163919045e-008
2.04228262691629e-008 2.047752586897454e-008 2.052440872075007e-008 2.056035619620324e-008 2.058805768017804e-008 2.061209544526216e-008 2.062651613690203e-008 2.063016707242936e-008 2.063219675713429e-008 2.062665510999167e-008 2.061010164977079e-008 2.058970929901255e-008 2.057795772050563e-008 2.058783411961746e-008 2.060886280627188e-008 2.063111918677237e-008 2.063493022896163e-008 2.062608858471339e-008 2.061186578540025e-008 2.058925558054293e-008 2.055916424555944e-008 2.052326846535286e-008 2.047871309132589e-008 2.042631537078986e-008 2.036779333172979e-008 2.030504387585351e-008 2.023495357889098e-008 2.015761998262141e-008 2.00725007526236e-008 1.998099597829408e-008 1.988268598679944e-008 1.977555564721067e-008 1.966014640511389e-008 1.953880939815554e-008 1.940934512940717e-008 1.927085631938655e-008 1.912488514306025e-008 1.897241567791616e-008 1.881243328516154e-008
2.106557832276849e-008 2.112228405435217e-008 2.11690680642385e-008 2.120473181565401e-008 2.123265772978757e-008 2.125562540421387e-008 2.126833724768415e-008 2.126838232737844e-008 2.126312353025192e-008 2.125675572685122e-008 2.124623141167827e-008 2.123084717220144e-008 2.122589506670828e-008 2.122875430647496e-008 2.124254323346178e-008 2.126458896523205e-008 2.127361430907897e-008 2.126620822504614e-008 2.125120960488432e-008 2.122949981475341e-008 2.120066444500741e-008 2.11641292900678e-008 2.111986313611327e-008 2.106908037720731e-008 2.101178218191693e-008 2.094500856730759e-008 2.087227964042722e-008 2.079315452073911e-008 2.070605814157203e-008 2.061162202423373e-008 2.051116483666207e-008 2.040278051210437e-008 2.028363250135844e-008 2.015681171548582e-008 2.00230794744315e-008 1.988134712637009e-008 1.97301960952694e-008 1.957214226006835e-008 1.94070810495911e-008
