data/galIOV_gridfiles/galileo_iov_grids_new/galileo_iov_y_q50w50.grd
DSAA
361 181
-180 180
-90 90
-3.5972749803423E-008 3.6387733052127E-008
[rows 51 to 67 of 181, columns 195 to 233 of 361]
-6.69182084950807e-009 -7.179173682578728e-009 -7.668419452122089e-009 -8.162810968407791e-009 -8.658721935789192e-009 -9.158230683748964e-009 -9.660176480960677e-009 -1.01649612555441e-008 -1.067377608908622e-008 -1.118200086440141e-008 -1.169350235754224e-008 -1.22047673593247e-008 -1.271410536126085e-008 -1.322558832960035e-008 -1.373567540841659e-008 -1.424439815650052e-008 -1.475555436063243e-008 -1.526062365627395e-008 -1.576138846291283e-008 -1.626039401876313e-008 -1.675662722164033e-008 -1.725213266436538e-008 -1.774103086863891e-008 -1.822425525930969e-008 -1.870415310377547e-008 -1.917658144754763e-008 -1.964283336754191e-008 -2.010275811873034e-008 -2.05597468065848e-008 -2.101353042202414e-008 -2.145725268128929e-008 -2.189134466732212e-008 -2.23188853978698e-008 -2.273853914223079e-008 -2.315282491391691e-008 -2.355814067180464e-008 -2.395302005062042e-008 -2.434106765701039e-008 -2.471893566274697e-008
-6.76433449025385e-009 -7.25838743877462e-009 -7.754846710866529e-009 -8.255446554248298e-009 -8.759038360196347e-009 -9.265458312387446e-009 -9.774493301112788e-009 -1.028638162164101e-008 -1.080123702200927e-008 -1.131852961278922e-008 -1.18373534619033e-008 -1.235519519318675e-008 -1.287274214386424e-008 -1.339033213422642e-008 -1.390784355562224e-008 -1.442375936661008e-008 -1.494010956272632e-008 -1.545401365303496e-008 -1.596365963217114e-008 -1.647109545946939e-008 -1.697616736976748e-008 -1.747697847427884e-008 -1.797291177959219e-008 -1.846377598864854e-008 -1.894987551129716e-008 -1.943050910137281e-008 -1.990489090346008e-008 -2.037304940048736e-008 -2.083738100648874e-008 -2.129449398679428e-008 -2.174423013268202e-008 -2.218586733086238e-008 -2.262046563851454e-008 -2.304774282202117e-008 -2.346678579358654e-008 -2.387763010786253e-008 -2.427915041954083e-008 -2.467223400814488e-008 -2.505592956118293e-008
-6.83315265738634e-009 -7.333111268869528e-009 -7.836443116593538e-009 -8.342929187771809e-009 -8.854523679776974e-009 -9.36772461089529e-009 -9.883284317604243e-009 -1.04018432977836e-008 -1.092227838420703e-008 -1.144907592584053e-008 -1.197553442572452e-008 -1.249934438907636e-008 -1.302419177215246e-008 -1.354758240798861e-008 -1.407266941165203e-008 -1.459465004348092e-008 -1.511698963305848e-008 -1.564004730416403e-008 -1.615683565632244e-008 -1.667241519689484e-008 -1.718617282098857e-008 -1.769244253085842e-008 -1.819545581643419e-008 -1.86926934869556e-008 -1.918552506777715e-008 -1.967440149370996e-008 -2.015541917152351e-008 -2.063156784636321e-008 -2.110266773175216e-008 -2.156451797506648e-008 -2.202046336058284e-008 -2.246812213034231e-008 -2.290999041475377e-008 -2.334402103853265e-008 -2.376816741913938e-008 -2.418507714320122e-008 -2.459186502189633e-008 -2.499056255710101e-008 -2.538059791748159e-008
-6.898616723024336e-009 -7.404069774320164e-009 -7.914229948763503e-009 -8.427479365996874e-009 -8.944475865235114e-009 -9.464458577539684e-009 -9.986877456199611e-009 -1.051239457922314e-008 -1.104050253713358e-008 -1.157219179961597e-008 -1.210549681592692e-008 -1.263725613148471e-008 -1.316882792775174e-008 -1.369999287612744e-008 -1.423131679418621e-008 -1.476204737939358e-008 -1.529119986436639e-008 -1.581827359962785e-008 -1.634213478006995e-008 -1.68642479072655e-008 -1.738447900929348e-008 -1.789841551461103e-008 -1.840777135910593e-008 -1.891207213195465e-008 -1.94113065064895e-008 -1.990610184403003e-008 -2.039419146996475e-008 -2.087692861281143e-008 -2.135343529650851e-008 -2.182246864438703e-008 -2.2285328805668e-008 -2.274015244141479e-008 -2.318763717456998e-008 -2.362703444845045e-008 -2.405749822895869e-008 -2.447994587260718e-008 -2.48925429830692e-008 -2.529658883866662e-008 -2.569126012068373e-008
-6.959903205548764e-009 -7.470399612489393e-009 -7.987434664601663e-009 -8.507174788915847e-009 -9.029315685639818e-009 -9.556289113554275e-009 -1.008478961191561e-008 -1.061708257045824e-008 -1.115168110364802e-008 -1.168871884848036e-008 -1.223025919949574e-008 -1.27683332466972e-008 -1.33063900141914e-008 -1.384430381293172e-008 -1.43819219620368e-008 -1.492173457556782e-008 -1.545683435599493e-008 -1.598859254135398e-008 -1.651761901857619e-008 -1.704629242213469e-008 -1.75745120409033e-008 -1.809464389585634e-008 -1.861001170179907e-008 -1.912093378246501e-008 -1.962602101639484e-008 -2.012746736483883e-008 -2.062168122910526e-008 -2.111080795018151e-008 -2.159348251955826e-008 -2.206841033509484e-008 -2.253840802053434e-008 -2.299945330625923e-008 -2.345314994652634e-008 -2.389777337694398e-008 -2.433399804846316e-008 -2.476242046240162e-008 -2.517956443317477e-008 -2.558945221057382e-008 -2.598892687942973e-008
-7.017786878894144e-009 -7.534176482740206e-009 -8.055758230419934e-009 -8.58075456755841e-009 -9.109019588817614e-009 -9.640979988452485e-009 -1.017648145593359e-008 -1.071525786071781e-008 -1.125626702132256e-008 -1.180035189162155e-008 -1.234606920897262e-008 -1.289109580612671e-008 -1.343614673792581e-008 -1.39805447622176e-008 -1.452535677410418e-008 -1.506947803860737e-008 -1.561111840123123e-008 -1.615052543406703e-008 -1.66868306985154e-008 -1.722220908112121e-008 -1.775410292566716e-008 -1.828029983933136e-008 -1.88016186616259e-008 -1.931856253491427e-008 -1.983038225429648e-008 -2.033689600772549e-008 -2.083851882963066e-008 -2.133382500208769e-008 -2.182186939700874e-008 -2.230298370137593e-008 -2.277771755214025e-008 -2.324667189688017e-008 -2.370753763699733e-008 -2.415779264239456e-008 -2.460048937660118e-008 -2.50332765867492e-008 -2.545573882916593e-008 -2.586980069879999e-008 -2.627404116693446e-008
-7.072862818711237e-009 -7.593077620574643e-009 -8.11970184773572e-009 -8.649381732721154e-009 -9.183437487863111e-009 -9.720069399905722e-009 -1.026217281682583e-008 -1.080775118803063e-008 -1.135385898973225e-008 -1.190539973876431e-008 -1.245587841760187e-008 -1.300672491360871e-008 -1.355850635921389e-008 -1.410832116572576e-008 -1.46602546446352e-008 -1.520938034845217e-008 -1.575695509293993e-008 -1.630346911243419e-008 -1.684571359158182e-008 -1.738824504101039e-008 -1.79249663307237e-008 -1.845632219810023e-008 -1.89831011630615e-008 -1.95059162944227e-008 -2.002422528251298e-008 -2.053552630244299e-008 -2.104462389033904e-008 -2.154592037535888e-008 -2.203911264921821e-008 -2.252548419858657e-008 -2.300460289887844e-008 -2.348177853309975e-008 -2.394896288178332e-008 -2.440439598848876e-008 -2.485304466892232e-008 -2.52903773647395e-008 -2.571791862754869e-008 -2.613563113589195e-008 -2.654507919391015e-008
-7.118913174888051e-009 -7.645413355380645e-009 -8.17806402224168e-009 -8.713683214924106e-009 -9.253215980729386e-009 -9.796312350113698e-009 -1.03434683422991e-008 -1.089464505240434e-008 -1.144706520847152e-008 -1.200268721484424e-008 -1.255872191716745e-008 -1.311548253436635e-008 -1.367276519678581e-008 -1.422869597148629e-008 -1.478489955498543e-008 -1.533945049822659e-008 -1.589376737760726e-008 -1.644621535439512e-008 -1.699494282355468e-008 -1.754168932934444e-008 -1.808394405589625e-008 -1.862269456166063e-008 -1.915649181175606e-008 -1.96850173099363e-008 -2.020914528365407e-008 -2.07268803376073e-008 -2.124052924702033e-008 -2.174698811519058e-008 -2.224578246733474e-008 -2.273807803708608e-008 -2.322340275446647e-008 -2.370372690190506e-008 -2.41745523736671e-008 -2.46367304679976e-008 -2.508986701554969e-008 -2.55325636882191e-008 -2.596620787013482e-008 -2.638894995555816e-008 -2.68018812423684e-008
-7.160898748438663e-009 -7.692608031264903e-009 -8.232415993215965e-009 -8.773415100931194e-009 -9.318050677722818e-009 -9.866994905645241e-009 -1.041873244139974e-008 -1.097649272381177e-008 -1.15335117547184e-008 -1.209379121849372e-008 -1.265465610318856e-008 -1.32170013595872e-008 -1.378014829528888e-008 -1.434076248139208e-008 -1.490176564002303e-008 -1.546038720153038e-008 -1.602183669473344e-008 -1.658080785298945e-008 -1.713431386608524e-008 -1.768620493965965e-008 -1.823312641040529e-008 -1.877940294553725e-008 -1.93196720925326e-008 -1.985345477777797e-008 -2.038351397393645e-008 -2.090624415227747e-008 -2.14255257375853e-008 -2.193725468540601e-008 -2.244070381187747e-008 -2.293804288397407e-008 -2.342830318805373e-008 -2.391346594419511e-008 -2.438787353583455e-008 -2.485530256319686e-008 -2.531377582010357e-008 -2.576065100857874e-008 -2.620033977334151e-008 -2.66276750814453e-008 -2.704415238552578e-008
-7.202286562205806e-009 -7.738702600295754e-009 -8.281384709216981e-009 -8.827423659278164e-009 -9.377232773000861e-009 -9.93158100340922e-009 -1.048846988415703e-008 -1.104932907433476e-008 -1.161144513945552e-008 -1.217757821700168e-008 -1.274525601112232e-008 -1.331239268215949e-008 -1.387971163920548e-008 -1.44458410150186e-008 -1.50117089257397e-008 -1.557649197294378e-008 -1.614153761110523e-008 -1.670509940254621e-008 -1.726457356222954e-008 -1.78217593738628e-008 -1.837479980038078e-008 -1.892565481164492e-008 -1.947137726439957e-008 -2.001096774214365e-008 -2.054560153603982e-008 -2.107392653439059e-008 -2.159725465215671e-008 -2.211340745500464e-008 -2.262319496760387e-008 -2.312605196778932e-008 -2.362114572078773e-008 -2.410958656380379e-008 -2.458864249813736e-008 -2.50592857555848e-008 -2.552067219934191e-008 -2.59737305111538e-008 -2.641716053015464e-008 -2.685002563602868e-008 -2.727321361623136e-008
-7.240015456853981e-009 -7.780500624577192e-009 -8.326691370381172e-009 -8.876904680774442e-009 -9.431217192944851e-009 -9.991565861204498e-009 -1.055238976313202e-008 -1.11168094336686e-008 -1.168173123760548e-008 -1.225466877331297e-008 -1.283000465745983e-008 -1.340052860076117e-008 -1.397234077783191e-008 -1.454287939054488e-008 -1.51138176311842e-008 -1.568307008983625e-008 -1.625273887268862e-008 -1.682158753322385e-008 -1.738551297161139e-008 -1.794831637633041e-008 -1.850560443517051e-008 -1.906239860821484e-008 -1.961357472015127e-008 -2.015768691804924e-008 -2.069723201881153e-008 -2.122987782398011e-008 -2.175820463680095e-008 -2.227822258478025e-008 -2.279382784076708e-008 -2.330194031588334e-008 -2.380098429535611e-008 -2.429389484083641e-008 -2.477679598153018e-008 -2.525079611967206e-008 -2.571534902526391e-008 -2.61738027480474e-008 -2.662194575493146e-008 -2.705906599145154e-008 -2.748835053555963e-008
-7.273539695683837e-009 -7.819104809295162e-009 -8.369286301028861e-009 -8.924379551176974e-009 -9.483128573027731e-009 -1.00458883492286e-008 -1.061144413923406e-008 -1.118056102405044e-008 -1.175254519529432e-008 -1.23276812171333e-008 -1.290507128792564e-008 -1.348081334443544e-008 -1.405677041980835e-008 -1.463224007052822e-008 -1.520800388493259e-008 -1.578335606053231e-008 -1.635694489418022e-008 -1.692931077426841e-008 -1.749856895314416e-008 -1.806616003253583e-008 -1.862957074577364e-008 -1.918975084341627e-008 -1.974536807175476e-008 -2.029438118611174e-008 -2.083798481927594e-008 -2.137569769030621e-008 -2.190872197314182e-008 -2.243436542661251e-008 -2.295332808931073e-008 -2.346517971841019e-008 -2.396866132768601e-008 -2.44645824493804e-008 -2.495185483710936e-008 -2.543058263440901e-008 -2.590035164101423e-008 -2.636289472792735e-008 -2.681539179146597e-008 -2.725652828106673e-008 -2.768752054911895e-008
-7.303508467485481e-009 -7.854454472295718e-009 -8.407527444126598e-009 -8.968190977813209e-009 -9.530211909438053e-009 -1.009536926187248e-008 -1.066467621556981e-008 -1.123823206974301e-008 -1.181673560181888e-008 -1.239341646023693e-008 -1.297441258303604e-008 -1.35536241994287e-008 -1.413349133609302e-008 -1.471314897734002e-008 -1.529343316157053e-008 -1.587552557356542e-008 -1.645194324389412e-008 -1.702853166170161e-008 -1.760160681528905e-008 -1.817474817648372e-008 -1.874279886974877e-008 -1.930678393148253e-008 -1.986752331623173e-008 -2.042014312100739e-008 -2.096768433636968e-008 -2.150926577740281e-008 -2.204801434358258e-008 -2.257814137691737e-008 -2.310069743232879e-008 -2.36167419176335e-008 -2.412391569833517e-008 -2.462356518874334e-008 -2.511493071026247e-008 -2.559848655710804e-008 -2.60714375030525e-008 -2.653989443732015e-008 -2.699616753896937e-008 -2.744070445661105e-008 -2.787386158725104e-008
-7.331837355220375e-009 -7.886011578376975e-009 -8.442667004225543e-009 -9.004227781702919e-009 -9.569315982206534e-009 -1.013831517840398e-008 -1.071125448057258e-008 -1.12892307578094e-008 -1.187022393551145e-008 -1.245124886539991e-008 -1.303384546320597e-008 -1.361734071426122e-008 -1.420158557070812e-008 -1.478535801650795e-008 -1.536908107444856e-008 -1.595268228118506e-008 -1.653610594856713e-008 -1.711793007650055e-008 -1.769607295651036e-008 -1.827203015426287e-008 -1.884401616189354e-008 -1.941259405466975e-008 -1.997619903827479e-008 -2.053496905953522e-008 -2.10877943647621e-008 -2.163363187747324e-008 -2.217439958101063e-008 -2.270819279851084e-008 -2.323541373870966e-008 -2.375500898398054e-008 -2.426687863754915e-008 -2.477080198900994e-008 -2.526779099146521e-008 -2.575686635364e-008 -2.623484066173031e-008 -2.67061080544937e-008 -2.716467752755295e-008 -2.761282179497952e-008 -2.80501638308349e-008
-7.356209192483374e-009 -7.915643548081703e-009 -8.473296034174743e-009 -9.035512868255234e-009 -9.602850189541979e-009 -1.017566548601278e-008 -1.075044736439712e-008 -1.133374826197516e-008 -1.191859261122379e-008 -1.250187162019732e-008 -1.308601979922786e-008 -1.367298062977475e-008 -1.426252373654022e-008 -1.484928913041507e-008 -1.543634575811639e-008 -1.602089777913798e-008 -1.661136626964908e-008 -1.719904968111229e-008 -1.778070250165602e-008 -1.835979289660039e-008 -1.893474735381017e-008 -1.950813023465665e-008 -2.007414371489785e-008 -2.063884557570642e-008 -2.119653661562124e-008 -2.174548112181341e-008 -2.228907667442714e-008 -2.282609214728712e-008 -2.335802583455386e-008 -2.388125514755342e-008 -2.439756164224119e-008 -2.490458117725252e-008 -2.54077551845667e-008 -2.590161756301375e-008 -2.63834290314967e-008 -2.685855181290599e-008 -2.731973407172616e-008 -2.777062974578429e-008 -2.821101612876908e-008
-7.37578791317884e-009 -7.935215853626269e-009 -8.497150291906403e-009 -9.063137584994433e-009 -9.63396119166038e-009 -1.020898758678069e-008 -1.078762818438443e-008 -1.137130381009794e-008 -1.195853814087173e-008 -1.254641484731207e-008 -1.313481074752438e-008 -1.372530520895831e-008 -1.431648837350581e-008 -1.490773271235985e-008 -1.549825963644373e-008 -1.608776068830747e-008 -1.66788687023913e-008 -1.726969115830985e-008 -1.785695489504798e-008 -1.843942929007576e-008 -1.901866888515929e-008 -1.959382252236435e-008 -2.016438048451698e-008 -2.07304385673564e-008 -2.129134409656619e-008 -2.184473222057737e-008 -2.23913009037313e-008 -2.293146417108046e-008 -2.346755793168441e-008 -2.399695872162351e-008 -2.451703334569435e-008 -2.50293561912615e-008 -2.553417161163677e-008 -2.60304918326837e-008 -2.651668378370468e-008 -2.699302869412867e-008 -2.745833213355851e-008 -2.791297696911011e-008 -2.835701372308678e-008
-7.391183681977518e-009 -7.950969775531757e-009 -8.51655637638246e-009 -9.085207029794099e-009 -9.660034381140636e-009 -1.023695639157877e-008 -1.081814981197888e-008 -1.140248317423174e-008 -1.199255225147201e-008 -1.258514337501881e-008 -1.317580256292694e-008 -1.377026764149466e-008 -1.436294171305119e-008 -1.495894146700752e-008 -1.555239372138699e-008 -1.61446167280139e-008 -1.673684050048602e-008 -1.733210579073666e-008 -1.792422158058858e-008 -1.850893358367653e-008 -1.909168146323892e-008 -1.966880928179068e-008 -2.024287944291156e-008 -2.081060840606344e-008 -2.137556352688577e-008 -2.193246937534059e-008 -2.248132158750029e-008 -2.302362067858652e-008 -2.356445947341994e-008 -2.410053830099393e-008 -2.462312180632719e-008 -2.513963149928872e-008 -2.564661882723574e-008 -2.614634432920405e-008 -2.663565859301047e-008 -2.711431992734156e-008 -2.758305648821879e-008 -2.804087205289937e-008 -2.848805000776967e-008
