data/galIOV_gridfiles/galileo_iov_grids/galileo_iovX_q23w15.grd
DSAA
361 181
-180 180
-90 90
-2.4253665320699E-008 2.4131186943776E-008
[rows 153 to 169 of 181, columns 78 to 116 of 361]
2.957617547554549e-009 2.705471424967728e-009 2.454470949305962e-009 2.204263207144987e-009 1.953958426751527e-009 1.703535349357194e-009 1.453700753780419e-009 1.205748083455806e-009 9.56998378324204e-010 7.046655789367091e-010 4.506874623332861e-010 1.972867480379826e-010 -5.135872290581953e-011 -3.023765191712734e-010 -5.594787416470931e-010 -8.256880171301994e-010 -1.106877714038031e-009 -1.388015545408521e-009 -1.657234859518814e-009 -1.92172933002308e-009 -2.184253910582764e-009 -2.444349851495407e-009 -2.70383648109422e-009 -2.962661613651733e-009 -3.221197169206796e-009 -3.47985191958878e-009 -3.737716413057805e-009 -3.99361476287531e-009 -4.248173247870602e-009 -4.501626113603738e-009 -4.7542166616346e-009 -5.005491292989625e-009 -5.255319029938309e-009 -5.502569398962729e-009 -5.748171317474964e-009 -5.991785288541077e-009 -6.2317529890363e-009 -6.469060003939559e-009 -6.704494098111377e-009
2.839339285822842e-009 2.597863380973141e-009 2.357859237744821e-009 2.117979395524255e-009 1.877900460267723e-009 1.637632245394875e-009 1.397838378378881e-009 1.159335782344613e-009 9.200899459541481e-010 6.788405687384374e-010 4.355580236023846e-010 1.924202518965856e-010 -4.922618765687005e-011 -2.895076871391464e-010 -5.331124544884208e-010 -7.884650734132801e-010 -1.059244119830259e-009 -1.331988697843113e-009 -1.59175825414912e-009 -1.84624160286732e-009 -2.098835920734333e-009 -2.348671635221705e-009 -2.597532086940399e-009 -2.846050132410607e-009 -3.094194628938366e-009 -3.342100394391046e-009 -3.589548056716836e-009 -3.83548540760717e-009 -4.080043632622479e-009 -4.323214135335183e-009 -4.565539940140064e-009 -4.807109419818767e-009 -5.046843445214931e-009 -5.284134051790975e-009 -5.519239927158475e-009 -5.752861364031435e-009 -5.983902697268669e-009 -6.21226752409877e-009 -6.438148520360114e-009
2.721474565878413e-009 2.490888436725702e-009 2.261465322331608e-009 2.031401890853479e-009 1.801494113260265e-009 1.571770617595932e-009 1.342804644695287e-009 1.113251785051451e-009 8.81739856050271e-010 6.507094475455764e-010 4.181261438526412e-010 1.833798983197329e-010 -5.322518560341641e-011 -2.891452670771366e-010 -5.19706407540667e-010 -7.615721928199866e-010 -1.021536703281706e-009 -1.280877038752544e-009 -1.528474496071448e-009 -1.771671134739008e-009 -2.013168812854253e-009 -2.252419203738444e-009 -2.491174650329354e-009 -2.729607267502834e-009 -2.967012963233733e-009 -3.204069154319789e-009 -3.441052610910651e-009 -3.676815598568611e-009 -3.911054071755883e-009 -4.144104047664347e-009 -4.376129916850504e-009 -4.607514036727695e-009 -4.83687941803233e-009 -5.063988966092902e-009 -5.289671605485192e-009 -5.513624762994071e-009 -5.735511018133217e-009 -5.954676454136365e-009 -6.171148399307044e-009
2.603691212707027e-009 2.384041891329279e-009 2.164692738101465e-009 1.944776250598745e-009 1.725250695208018e-009 1.506702766721165e-009 1.288327182986398e-009 1.066935165273251e-009 8.439470952304184e-010 6.225518941609505e-010 3.985203564017152e-010 1.725210723139311e-010 -5.379721091231483e-011 -2.799879966485191e-010 -5.024112599691609e-010 -7.343446972360457e-010 -9.81888578067641e-010 -1.22773001132924e-009 -1.463958324221449e-009 -1.695535503730826e-009 -1.925971514677552e-009 -2.155382554587574e-009 -2.384139743051466e-009 -2.612239880515734e-009 -2.838811793836115e-009 -3.065104203304603e-009 -3.292063234419671e-009 -3.518059117943251e-009 -3.742152649975067e-009 -3.964643848173504e-009 -4.186041733776457e-009 -4.407315083776896e-009 -4.627276126315633e-009 -4.844655016252017e-009 -5.060259080727678e-009 -5.274234034358464e-009 -5.486541123125726e-009 -5.696838260346657e-009 -5.904069457443417e-009
2.48572882555663e-009 2.27696911711688e-009 2.067843903944255e-009 1.858232088570544e-009 1.649291651191097e-009 1.441898819703659e-009 1.233597812142641e-009 1.022816927583476e-009 8.114793662578471e-010 5.958049893077987e-010 3.767481531626112e-010 1.603659227162979e-010 -5.055307095566136e-011 -2.594439589679892e-010 -4.746084667709277e-010 -7.01111260199767e-010 -9.380488707433144e-010 -1.171537813776302e-009 -1.396360295010038e-009 -1.617085624018883e-009 -1.838007983357686e-009 -2.057583022639208e-009 -2.275942035958636e-009 -2.493285059335897e-009 -2.709424151463372e-009 -2.925784933726521e-009 -3.142488193266015e-009 -3.358688544620689e-009 -3.572637715021954e-009 -3.784763921046682e-009 -3.996034807823594e-009 -4.206819652114296e-009 -4.417094347390181e-009 -4.624940916891562e-009 -4.830758642212996e-009 -5.035074865451671e-009 -5.23732158903502e-009 -5.438070196974003e-009 -5.636105946001971e-009
2.368121330338442e-009 2.170065905161615e-009 1.971150987323329e-009 1.771505012731603e-009 1.573729030589996e-009 1.376473374261666e-009 1.175924874509084e-009 9.742237159238293e-010 7.708854499458964e-010 5.619960273963949e-010 3.468988550647049e-010 1.397932504733306e-010 -5.495680040851084e-011 -2.482354839366478e-010 -4.538547566870996e-010 -6.720730457712174e-010 -8.989571995741729e-010 -1.117833917052144e-009 -1.330749499305692e-009 -1.541260500732535e-009 -1.751370451431548e-009 -1.959767307293563e-009 -2.167087933531958e-009 -2.374324921064584e-009 -2.581093834006552e-009 -2.787265838391434e-009 -2.993440922168928e-009 -3.199327392157647e-009 -3.40322123655878e-009 -3.605545691526723e-009 -3.806801828716788e-009 -4.0071314296212e-009 -4.206700415856163e-009 -4.404578522548123e-009 -4.600781201001588e-009 -4.795922174475736e-009 -4.988399047638422e-009 -5.178883233143202e-009 -5.367259719644407e-009
2.250941717580502e-009 2.063449674831526e-009 1.875281152020382e-009 1.686629008372007e-009 1.499518860109007e-009 1.308776322358955e-009 1.113992086447275e-009 9.169496379807085e-010 7.18924248839219e-010 5.145586427746697e-010 3.098213875992677e-010 1.146995848425679e-010 -7.190701963750941e-011 -2.504043341200103e-010 -4.434275258942953e-010 -6.521502290415171e-010 -8.635964362668061e-010 -1.06737487244025e-009 -1.267789485632239e-009 -1.466988715962034e-009 -1.665453933929445e-009 -1.862270139402138e-009 -2.059137735972159e-009 -2.256162891587823e-009 -2.452878373229667e-009 -2.649028680498639e-009 -2.845045733816767e-009 -3.040650686091567e-009 -3.234500078734858e-009 -3.426814366760419e-009 -3.617755587098849e-009 -3.807745631804217e-009 -3.996866574336863e-009 -4.18467519882704e-009 -4.370660620131756e-009 -4.555263394290614e-009 -4.738569151839102e-009 -4.919607929229143e-009 -5.09869532576758e-009
2.13407193748642e-009 1.957544520863177e-009 1.780175565850307e-009 1.601029842806254e-009 1.421476011684151e-009 1.238290209963625e-009 1.05020326756028e-009 8.534199735110065e-010 6.538125530237681e-010 4.59806401336562e-010 2.768402719219936e-010 9.536419114991181e-011 -8.47787161800253e-011 -2.57259398633774e-010 -4.375993082439029e-010 -6.292372553708996e-010 -8.228179129320632e-010 -1.014347886668348e-009 -1.203468523196636e-009 -1.391965586370357e-009 -1.578990629613953e-009 -1.765279015852918e-009 -1.952119478665567e-009 -2.138865144932271e-009 -2.325055126031713e-009 -2.510909545604149e-009 -2.696764954712709e-009 -2.882061532416899e-009 -3.065930837368966e-009 -3.248146315477246e-009 -3.428574463729025e-009 -3.608416288525605e-009 -3.787652815996997e-009 -3.965891531530205e-009 -4.142370414865194e-009 -4.317010131128717e-009 -4.489725879050669e-009 -4.661111177624176e-009 -4.831189458827205e-009
2.018305346767042e-009 1.852326921365146e-009 1.683864030357659e-009 1.512343118319254e-009 1.339787128459873e-009 1.164593380388225e-009 9.817675338647414e-010 7.862360966459332e-010 5.924157864666014e-010 4.10367596565958e-010 2.383899417228232e-010 7.29039990073544e-011 -9.423976973259622e-011 -2.570892775898457e-010 -4.242535415567894e-010 -5.998292494044074e-010 -7.776904474126612e-010 -9.57764347829135e-010 -1.137076741471846e-009 -1.31538588042354e-009 -1.492281757300209e-009 -1.668714770293021e-009 -1.845391440777025e-009 -2.021838389102967e-009 -2.197705305922337e-009 -2.373121977855042e-009 -2.548494158821868e-009 -2.723229921629387e-009 -2.896256621828e-009 -3.067912190968129e-009 -3.239382869151357e-009 -3.40972397028566e-009 -3.579184126720527e-009 -3.74779961495794e-009 -3.914603574287858e-009 -4.079337533670959e-009 -4.242650675206528e-009 -4.404480912347827e-009 -4.56494024333889e-009
1.9037914971838e-009 1.746575014702983e-009 1.587015503310014e-009 1.424642275233604e-009 1.259439222159347e-009 1.089797916361965e-009 9.104937640689061e-010 7.234037081199282e-010 5.450555684342886e-010 3.756485227268386e-010 2.120974669031126e-010 5.391317169019411e-011 -1.003331811323949e-010 -2.502770878948495e-010 -4.047175832814543e-010 -5.676563326833203e-010 -7.338574507031037e-010 -9.020066035451053e-010 -1.070670323476139e-009 -1.238993884596662e-009 -1.406237053082507e-009 -1.572740696894838e-009 -1.739249144275096e-009 -1.90543301301519e-009 -2.070830305178997e-009 -2.235918452413985e-009 -2.400792355286333e-009 -2.565174994934489e-009 -2.728356963015664e-009 -2.890531957860101e-009 -3.052012105356509e-009 -3.212494100102515e-009 -3.37196660282413e-009 -3.530647176311674e-009 -3.687994932711972e-009 -3.843652961142e-009 -3.997580626227473e-009 -4.149597894852232e-009 -4.300262225871834e-009
1.789825665083793e-009 1.640511944085309e-009 1.488875945581248e-009 1.336150823613349e-009 1.179972390154913e-009 1.017520414074828e-009 8.445463752989186e-010 6.700418206057774e-010 5.065075506752386e-010 3.501067833966603e-010 1.968767318077454e-010 4.761760856409864e-011 -9.694420730287485e-011 -2.373505437291303e-010 -3.819233161847815e-010 -5.342116549229166e-010 -6.897581909348277e-010 -8.468288138934179e-010 -1.005127132151951e-009 -1.163644289580175e-009 -1.321174076075151e-009 -1.477541470822771e-009 -1.633539483510559e-009 -1.789150865547658e-009 -1.944604739201366e-009 -2.099719135014418e-009 -2.254177586279304e-009 -2.408250124983828e-009 -2.561810261042446e-009 -2.714401937011786e-009 -2.86620819683195e-009 -3.017007376594814e-009 -3.166477158941122e-009 -3.314895140317539e-009 -3.462399837101551e-009 -3.608673243264896e-009 -3.753237373582383e-009 -3.896145291404832e-009 -4.037929546718406e-009
1.676847488013922e-009 1.536265857950594e-009 1.393685957698194e-009 1.249317062174951e-009 1.102150954542202e-009 9.490766876639561e-010 7.868010109794705e-010 6.251109803160551e-010 4.733234236598266e-010 3.273059041141435e-010 1.875868441848251e-010 5.11734028300454e-011 -8.444080819013224e-011 -2.178839662405473e-010 -3.548743832566524e-010 -4.980357129598103e-010 -6.440145180032742e-010 -7.912018356345943e-010 -9.401663208787789e-010 -1.089122872821915e-009 -1.23691506655541e-009 -1.38325096499072e-009 -1.52864535356629e-009 -1.674019590591585e-009 -1.819563315698183e-009 -1.964522052632853e-009 -2.108637592919805e-009 -2.252509139475439e-009 -2.396110460185731e-009 -2.539195577907538e-009 -2.681552841577017e-009 -2.822671897034854e-009 -2.962231733465071e-009 -3.10045921926064e-009 -3.237874498474377e-009 -3.374442294006434e-009 -3.510097289017319e-009 -3.644687745814808e-009 -3.777798580140107e-009
1.565516024840356e-009 1.433845821702778e-009 1.300116633322507e-009 1.164891960603807e-009 1.027500969114607e-009 8.855911011617137e-010 7.366189181318374e-010 5.877029252813564e-010 4.478255481220845e-010 3.158152973954311e-010 1.887954165621212e-010 5.867733357273512e-011 -6.778988610247937e-011 -1.930376099145429e-010 -3.230914515481778e-010 -4.587324357714479e-010 -5.963350578556858e-010 -7.350386845803295e-010 -8.757501127255919e-010 -1.014757970054049e-009 -1.152614394187574e-009 -1.289244439545658e-009 -1.424872738505705e-009 -1.560131073981966e-009 -1.695351836258132e-009 -1.830056493280253e-009 -1.96438653768576e-009 -2.098488709018481e-009 -2.231982844821241e-009 -2.36496115348716e-009 -2.497344499448617e-009 -2.628601451065151e-009 -2.758384829491615e-009 -2.8873063589864e-009 -3.01572533963902e-009 -3.143109435594378e-009 -3.269348124309814e-009 -3.394556836720527e-009 -3.518531547655133e-009
1.456018372239018e-009 1.333318663771156e-009 1.208622170283059e-009 1.082987332943176e-009 9.559568507295974e-010 8.258918080177464e-010 6.907805359999383e-010 5.542919371889444e-010 4.249726364464106e-010 3.026421919209947e-010 1.818802763373322e-010 6.298140444100308e-011 -4.98332502267387e-011 -1.663966293630475e-010 -2.880455127881221e-010 -4.148157921593143e-010 -5.45007100789683e-010 -6.772596116411897e-010 -8.094422199973134e-010 -9.389944068199789e-010 -1.067120929187821e-009 -1.19422466327403e-009 -1.321084906982799e-009 -1.447311022796175e-009 -1.572426598991152e-009 -1.696996996907138e-009 -1.821657134035957e-009 -1.945955185721722e-009 -2.069388327768205e-009 -2.191992083148805e-009 -2.313859981119084e-009 -2.434920949100104e-009 -2.555565239696228e-009 -2.676048479027568e-009 -2.795929900742675e-009 -2.91425684549393e-009 -3.030926980675282e-009 -3.145835705217304e-009 -3.259536175722397e-009
1.348312516968328e-009 1.234793435166525e-009 1.119507268108986e-009 1.003168086326531e-009 8.864700578463123e-010 7.681221811263039e-010 6.454325409690865e-010 5.203749328698004e-010 4.001572075739102e-010 2.864477859282042e-010 1.761461179837707e-010 7.101058632958494e-011 -3.30079572894921e-011 -1.429057992231766e-010 -2.547076915030173e-010 -3.695935283419148e-010 -4.895403361686173e-010 -6.143512694112537e-010 -7.392723111414691e-010 -8.607033620500263e-010 -9.805205843289924e-010 -1.099356331300476e-009 -1.217569935301576e-009 -1.335063040242889e-009 -1.450899860805924e-009 -1.565399957417453e-009 -1.679960533524115e-009 -1.794256381396721e-009 -1.907772263898938e-009 -2.020619589205637e-009 -2.132716718561719e-009 -2.244333154512773e-009 -2.355720887521624e-009 -2.466816187044352e-009 -2.57741934715043e-009 -2.686494535043835e-009 -2.793431752644398e-009 -2.89825746666194e-009 -3.002434784399692e-009
1.242380575772849e-009 1.138035816389912e-009 1.031210754502348e-009 9.237973296167252e-010 8.191716084743665e-010 7.116766850796002e-010 5.979864132683953e-010 4.822556006669353e-010 3.717899846547598e-010 2.689320850932763e-010 1.707229928142293e-010 7.517421879712045e-011 -2.242495873487589e-011 -1.230066659555901e-010 -2.240485710044701e-010 -3.26570502584687e-010 -4.335517179579104e-010 -5.466920425917508e-010 -6.646003136140447e-010 -7.810572294937321e-010 -8.950548193890189e-010 -1.006177091713591e-009 -1.115338288891659e-009 -1.223578261185258e-009 -1.330184246578101e-009 -1.434791936237389e-009 -1.539001819470973e-009 -1.643344962799794e-009 -1.747656199764852e-009 -1.851492259333851e-009 -1.954325733780024e-009 -2.056591973898782e-009 -2.15857053152973e-009 -2.25995622363382e-009 -2.36036277731549e-009 -2.459419070075126e-009 -2.556801242284799e-009 -2.652955900301664e-009 -2.749188534160276e-009
1.137801516191448e-009 1.043306720883509e-009 9.463976358233852e-010 8.502917784843068e-010 7.559312231109623e-010 6.543978970042556e-010 5.461784176842355e-010 4.370354332751391e-010 3.363504774753438e-010 2.451644218827763e-010 1.594730293799234e-010 7.417962417656731e-011 -1.384414387995477e-011 -1.040804138136028e-010 -1.945705206470982e-010 -2.87005586202695e-010 -3.834691640055579e-010 -4.846291197228905e-010 -5.926290632431651e-010 -7.035992457509032e-010 -8.111831631174442e-010 -9.140804209763908e-010 -1.014258950666152e-009 -1.11317277864394e-009 -1.210346746274148e-009 -1.305227228349e-009 -1.399600656827392e-009 -1.494567644506384e-009 -1.589742508656839e-009 -1.684645619200105e-009 -1.778455173156451e-009 -1.871211024496033e-009 -1.963571180276827e-009 -2.055125480272468e-009 -2.145388677325023e-009 -2.234848546139177e-009 -2.323833250549314e-009 -2.412232100740727e-009 -2.500536931008054e-009
