data/galIOV_gridfiles/galileo_iov_grids/galileo_iovZ_q50w17.grd
DSAA
361 181
-180 180
-90 90
-3.198021882913E-008 3.5558600759751E-008
[rows 68 to 84 of 181, columns 114 to 151 of 361]
1.410587540450525e-008 1.411208665040361e-008 1.411464236703574e-008 1.411624876965104e-008 1.411603381289874e-008 1.411429426512948e-008 1.410998664754634e-008 1.41047719494866e-008 1.40954620562328e-008 1.408364552074455e-008 1.407038844595508e-008 1.4055434053071e-008 1.403818925117452e-008 1.401634934988343e-008 1.399319542888802e-008 1.396873281103893e-008 1.394294912197463e-008 1.391478206894499e-008 1.388548909946409e-008 1.385360770321038e-008 1.381850859738097e-008 1.378283812735251e-008 1.374598330098049e-008 1.370804639696318e-008 1.366805099052425e-008 1.362769423774061e-008 1.35835418276605e-008 1.353816424912248e-008 1.349066016373923e-008 1.344063608109199e-008 1.338961633463913e-008 1.33373682153485e-008 1.328357801890936e-008 1.322676875480316e-008 1.316897397464479e-008 1.3108151679049e-008 1.304610584025037e-008 1.298229947552936e-008
1.34024193299062e-008 1.340815737197007e-008 1.341205523993192e-008 1.341458934424942e-008 1.341469853697285e-008 1.341313306323435e-008 1.340900650571786e-008 1.340370731216601e-008 1.339485690961387e-008 1.338516220965093e-008 1.337266206270425e-008 1.335836674299878e-008 1.334152936125815e-008 1.33221600949168e-008 1.330030536333677e-008 1.327684047006437e-008 1.325170302901432e-008 1.322454460816712e-008 1.319663055450499e-008 1.316613154555452e-008 1.313366153801427e-008 1.309886799290392e-008 1.306352680773306e-008 1.30263249586436e-008 1.298818653463766e-008 1.294866111048534e-008 1.290688647906821e-008 1.286454275455831e-008 1.281927250050953e-008 1.277235873925927e-008 1.272310611295839e-008 1.267329359159841e-008 1.262134224564335e-008 1.256759956566782e-008 1.251190556124942e-008 1.245431903946872e-008 1.239425663299422e-008 1.233339892294294e-008
1.269871284995986e-008 1.270476402009699e-008 1.270908100144885e-008 1.271170975760547e-008 1.27127394339667e-008 1.271087257952269e-008 1.270826162962974e-008 1.270277349725963e-008 1.269562637346793e-008 1.268623034384051e-008 1.267514020866599e-008 1.266141630307843e-008 1.264562291476622e-008 1.262736130858653e-008 1.260642212284224e-008 1.258438092485936e-008 1.255979424575691e-008 1.253478359510074e-008 1.250759753497983e-008 1.247910903745575e-008 1.244755510019173e-008 1.241480641453567e-008 1.238056186127445e-008 1.234544256740743e-008 1.230944780705471e-008 1.227180515112446e-008 1.223284419795576e-008 1.21922249959754e-008 1.214968174089657e-008 1.210451449654893e-008 1.205847568180318e-008 1.20105642770168e-008 1.196139019839491e-008 1.19096756109974e-008 1.185656014155515e-008 1.180144352132442e-008 1.174403139777713e-008 1.168675004117385e-008
1.199199540400411e-008 1.199836525321743e-008 1.200306805116094e-008 1.200568053133716e-008 1.20069204455733e-008 1.200561440327247e-008 1.200452343223977e-008 1.200041293676959e-008 1.19943014873491e-008 1.198573852103889e-008 1.197539514966747e-008 1.196271478117287e-008 1.194773951483312e-008 1.192979292201367e-008 1.191046619309487e-008 1.18884618870433e-008 1.186541567222104e-008 1.184282688275123e-008 1.181748466777103e-008 1.178959214615987e-008 1.175953420265258e-008 1.172847716455203e-008 1.169491980405433e-008 1.166257110623816e-008 1.162963370632407e-008 1.15945743728283e-008 1.155877850768484e-008 1.152046193578634e-008 1.147868431629738e-008 1.143627940698477e-008 1.139320550562551e-008 1.134820206019285e-008 1.130077524444374e-008 1.125122998193234e-008 1.120051728168936e-008 1.11463568435752e-008 1.109330735854943e-008 1.103806912262646e-008
1.128720488630257e-008 1.129365024921633e-008 1.129846240888432e-008 1.130172461698935e-008 1.130282192422735e-008 1.130268550035832e-008 1.130145804383694e-008 1.129881201468062e-008 1.129285462592471e-008 1.128571038742137e-008 1.127570806697586e-008 1.126438479408673e-008 1.125010654114362e-008 1.123344556811947e-008 1.121530825982457e-008 1.119445666508285e-008 1.117310565885814e-008 1.115122970070874e-008 1.112791310437377e-008 1.110082047068315e-008 1.107329071521092e-008 1.104323803481717e-008 1.101243651342662e-008 1.098136104071581e-008 1.095095942420739e-008 1.091799613189136e-008 1.088456322568763e-008 1.084875781472867e-008 1.080964910463434e-008 1.077039295123696e-008 1.072935592094586e-008 1.068758690245151e-008 1.064226158266787e-008 1.059655863480136e-008 1.054820073896453e-008 1.049806900341295e-008 1.04476381428819e-008 1.039572691544964e-008
1.058138165426665e-008 1.058786600490076e-008 1.059292220019217e-008 1.059677102395637e-008 1.059847151900066e-008 1.059901966582948e-008 1.05975862526503e-008 1.059522804275886e-008 1.059031749120609e-008 1.058371095290697e-008 1.057462755104395e-008 1.056405649246253e-008 1.055082334603418e-008 1.053596794363189e-008 1.051877512492772e-008 1.050032557852589e-008 1.048002207696661e-008 1.045884289139017e-008 1.043590486001886e-008 1.041136146233492e-008 1.038537137401989e-008 1.03578930880131e-008 1.032927990185113e-008 1.029957138576852e-008 1.027090771153555e-008 1.024020675971985e-008 1.020905457443282e-008 1.017517872203904e-008 1.014067439099753e-008 1.010413512799932e-008 1.006624184328618e-008 1.002595022178928e-008 9.984570522308567e-009 9.942561616010585e-009 9.898177732634131e-009 9.852339020886949e-009 9.805151225529792e-009 9.756226906385245e-009
9.878053397134777e-009 9.884883317101529e-009 9.890051427552659e-009 9.893996561484455e-009 9.896144676895264e-009 9.896537421926292e-009 9.895950315638848e-009 9.893102594139789e-009 9.889837446208283e-009 9.882960668862563e-009 9.875938298716949e-009 9.865397168765316e-009 9.854133683228269e-009 9.839739827673042e-009 9.824334769558329e-009 9.806928172021972e-009 9.788425115875501e-009 9.768804619296683e-009 9.747330006959971e-009 9.725069494754601e-009 9.70046178623713e-009 9.675660407220874e-009 9.648602031562274e-009 9.621875311918046e-009 9.594767523692876e-009 9.567466913059052e-009 9.538368923910906e-009 9.507883552299514e-009 9.476008641758107e-009 9.442637864703976e-009 9.40767099970378e-009 9.370652182262511e-009 9.332589165025611e-009 9.293545897991498e-009 9.252586090697041e-009 9.210020381411575e-009 9.166040234359576e-009 9.120428644878738e-009
9.175059980404113e-009 9.182614345134451e-009 9.188058248416643e-009 9.191487272840434e-009 9.192924577519818e-009 9.193816516563915e-009 9.191806279918655e-009 9.190385098687867e-009 9.186008265067625e-009 9.18150861130939e-009 9.175203508048777e-009 9.166530419888686e-009 9.155618343960641e-009 9.142929564957683e-009 9.1277020832713e-009 9.11176089630967e-009 9.095919219791778e-009 9.077732615511332e-009 9.059222675914607e-009 9.038438032033049e-009 9.016579809818706e-009 8.992863651363149e-009 8.969391080299355e-009 8.944274985141713e-009 8.920474922961843e-009 8.896767867610814e-009 8.870466003937734e-009 8.843264887630623e-009 8.814287035391388e-009 8.783915049809766e-009 8.752133858721561e-009 8.719123422302664e-009 8.684605923251557e-009 8.648143649029652e-009 8.610722259670517e-009 8.571000994388057e-009 8.530399607666466e-009 8.488129379702309e-009
8.475854280948822e-009 8.482962950318358e-009 8.489147127534819e-009 8.492379856648484e-009 8.494819562528342e-009 8.495859959567232e-009 8.494816353670077e-009 8.493482077618905e-009 8.490155781518435e-009 8.485998277214526e-009 8.480813308047761e-009 8.472898514216747e-009 8.463042295792089e-009 8.45162815772122e-009 8.437435498586836e-009 8.423660469690692e-009 8.408915753762892e-009 8.393287294703738e-009 8.375914796466223e-009 8.357811138593076e-009 8.337257842815864e-009 8.316493681085609e-009 8.29482555326414e-009 8.272559570011845e-009 8.250639069092828e-009 8.229422214620377e-009 8.205753516147783e-009 8.181439912418388e-009 8.155405680929959e-009 8.128040994148089e-009 8.099495112992935e-009 8.069539290237458e-009 8.038245516411028e-009 8.004796734210117e-009 7.970961185800983e-009 7.934641022242916e-009 7.897611727847796e-009 7.858591953835115e-009
7.778104763865817e-009 7.784265064144704e-009 7.790537667781651e-009 7.795251330411818e-009 7.798906344005487e-009 7.801788050043904e-009 7.802337441671421e-009 7.800743418661166e-009 7.798399230521614e-009 7.794217730530489e-009 7.788866017037441e-009 7.781621612062044e-009 7.772486966734382e-009 7.761838847175059e-009 7.749118929738631e-009 7.738060164749376e-009 7.724817800903903e-009 7.711238726170212e-009 7.695683577226393e-009 7.679329704625688e-009 7.660810059869724e-009 7.642710845497152e-009 7.624036611760278e-009 7.604266903042007e-009 7.58375764895455e-009 7.563300168991601e-009 7.543501196209582e-009 7.521491727359806e-009 7.498729890126544e-009 7.474330791455862e-009 7.449207632178341e-009 7.422374218526298e-009 7.393541812254904e-009 7.363271488378452e-009 7.333056884453308e-009 7.301112117334799e-009 7.267381796768723e-009 7.231887311129747e-009
7.083451534870794e-009 7.090429568182154e-009 7.096494325204929e-009 7.102269671971573e-009 7.106442808183028e-009 7.110388328597766e-009 7.111808635831196e-009 7.110976541930076e-009 7.109619009943737e-009 7.106438671540659e-009 7.102290453517899e-009 7.096064274689979e-009 7.088483491438291e-009 7.079044684403945e-009 7.068282471564036e-009 7.058610919071422e-009 7.047244179073212e-009 7.035104920633755e-009 7.021541622733363e-009 7.006856940014819e-009 6.990659958138707e-009 6.974348550236682e-009 6.95756466834356e-009 6.939786616097802e-009 6.921415731124226e-009 6.903168480554411e-009 6.88544432068794e-009 6.866322081858778e-009 6.846127286989674e-009 6.825072628535996e-009 6.802500830140098e-009 6.779249396827608e-009 6.753250051121851e-009 6.727065109552383e-009 6.699675193910267e-009 6.671817868951457e-009 6.641371892794459e-009 6.610146578619397e-009
6.389691033073809e-009 6.397729682579156e-009 6.404456095887413e-009 6.410307822756599e-009 6.415367676487455e-009 6.420100021540627e-009 6.422438815908121e-009 6.42264986259849e-009 6.422241341719117e-009 6.421994302446174e-009 6.419475322997234e-009 6.415026844534649e-009 6.409485965343117e-009 6.401671546734573e-009 6.393760501312701e-009 6.384578926258328e-009 6.375330406400305e-009 6.363929077863987e-009 6.351958412125265e-009 6.339148592873919e-009 6.325889798217216e-009 6.310616752850092e-009 6.294199102274305e-009 6.278449738095229e-009 6.262069183853973e-009 6.246039928254249e-009 6.22987286992611e-009 6.21306567124273e-009 6.196217226520816e-009 6.177802548777299e-009 6.158289933491711e-009 6.137633391267608e-009 6.115847061053518e-009 6.092895644255269e-009 6.069544289046759e-009 6.044561568506199e-009 6.018700635801363e-009 5.991327533948999e-009
5.702032845393112e-009 5.71257714240821e-009 5.718355222060826e-009 5.72587055859648e-009 5.730889152610548e-009 5.736615047010125e-009 5.739709247140543e-009 5.74070618411163e-009 5.741852165301911e-009 5.74218314789248e-009 5.74177489768404e-009 5.737788115490391e-009 5.734623853961101e-009 5.727381542024856e-009 5.72202298107637e-009 5.713448823138136e-009 5.706819360545484e-009 5.696291469780797e-009 5.687051548825453e-009 5.675239754753002e-009 5.664361545006837e-009 5.650135544351481e-009 5.636185424533779e-009 5.6217646496496e-009 5.608249825074734e-009 5.594182232493762e-009 5.580585308830601e-009 5.566275889923352e-009 5.551985651433259e-009 5.53676649902583e-009 5.520153441026381e-009 5.50334750672221e-009 5.484554777214889e-009 5.465905429522664e-009 5.445495821580838e-009 5.425025078198962e-009 5.402050930015147e-009 5.379250353199804e-009
5.010883684749407e-009 5.022593166806416e-009 5.030160346017937e-009 5.038971316329668e-009 5.045345386779329e-009 5.050907204115857e-009 5.055141382225991e-009 5.057858762589596e-009 5.06014741305543e-009 5.061553331344704e-009 5.062266799460556e-009 5.06013036723856e-009 5.0576486863377e-009 5.053005688798007e-009 5.048236015393459e-009 5.042560398255303e-009 5.037152576713425e-009 5.029832954017206e-009 5.022918594798704e-009 5.013272831865756e-009 5.002761903964992e-009 4.991335116560457e-009 4.978241943676711e-009 4.966641005892688e-009 4.956077044371077e-009 4.944755491775464e-009 4.93343893679292e-009 4.921769270289603e-009 4.909918739265192e-009 4.897360774697888e-009 4.885024064060068e-009 4.871373270646742e-009 4.856947383661221e-009 4.841486784237297e-009 4.825740306156785e-009 4.808736076751338e-009 4.789834962486977e-009 4.769760793995403e-009
4.342444649996181e-009 4.351843487260249e-009 4.361783223566861e-009 4.366743941692191e-009 4.378069476034002e-009 4.378126068477451e-009 4.389218785198066e-009 4.385689882773612e-009 4.396000273299687e-009 4.390706825390211e-009 4.399915028315115e-009 4.391421995168962e-009 4.397346098498076e-009 4.387237054112506e-009 4.390272745997995e-009 4.380352038997486e-009 4.381689143192103e-009 4.371752871364428e-009 4.370323167055701e-009 4.359503696300122e-009 4.353151882259193e-009 4.341883760865542e-009 4.33211296182502e-009 4.32210222155597e-009 4.3137496050534e-009 4.305399689548592e-009 4.295997278310972e-009 4.288351624492167e-009 4.277890765298723e-009 4.270225238539015e-009 4.25911778216963e-009 4.251011337760036e-009 4.238175134336013e-009 4.228579271394323e-009 4.214498051236096e-009 4.203174641289339e-009 4.186246886093716e-009 4.171903778380644e-009
3.652186855508888e-009 3.663558969039717e-009 3.663497459377013e-009 3.680126605722891e-009 3.678312333715995e-009 3.69488333530005e-009 3.690548326409116e-009 3.706286169154215e-009 3.700415508350373e-009 3.714854305598971e-009 3.70836984452234e-009 3.719002526993981e-009 3.71122761456201e-009 3.71830848993602e-009 3.710852803890969e-009 3.714874515728997e-009 3.708719088275564e-009 3.709702244996318e-009 3.704531471726699e-009 3.701433383586046e-009 3.694669428865347e-009 3.688423172638358e-009 3.681152083623443e-009 3.673963888926246e-009 3.669338945428519e-009 3.662621780337612e-009 3.659357322088843e-009 3.653360100091697e-009 3.648392495223073e-009 3.64210556252724e-009 3.636953413612359e-009 3.629914164893604e-009 3.6242499929557e-009 3.616123620374029e-009 3.608824213639231e-009 3.598884773337591e-009 3.588575759599506e-009 3.576014573524771e-009
3.053061843644299e-009 3.064762018328461e-009 3.062172926827637e-009 3.079057021101912e-009 3.075247999925936e-009 3.091523696195626e-009 3.086100373133335e-009 3.100745565169719e-009 3.094825161843292e-009 3.107114916051521e-009 3.101673621196289e-009 3.109289709098558e-009 3.103633101816988e-009 3.106870308838265e-009 3.102326671768385e-009 3.102105417976616e-009 3.099242867855475e-009 3.096230603013617e-009 3.094154687856637e-009 3.087730822760384e-009 3.083586221003798e-009 3.075342061008848e-009 3.069626192383939e-009 3.062139278540922e-009 3.057074805987805e-009 3.052528068955748e-009 3.047666509212053e-009 3.047362444287887e-009 3.041472055501989e-009 3.042527918659119e-009 3.036093093746073e-009 3.036998374769436e-009 3.029900044054926e-009 3.029968066836172e-009 3.021771718491159e-009 3.019626665078728e-009 3.009141242258122e-009 3.004147995603772e-009
