data/galIOV_gridfiles/galileo_iov_grids/galileo_iovX_q23w15.grd
DSAA
361 181
-180 180
-90 90
-2.4253665320699E-008 2.4131186943776E-008
[rows 119 to 135 of 181, columns 0 to 38 of 361]
2.139758018345004e-008 2.149179812262435e-008 2.159951550958166e-008 2.172140363620228e-008 2.185189445665465e-008 2.200294440477264e-008 2.216351139062637e-008 2.232831331114144e-008 2.248489393727056e-008 2.263205565155267e-008 2.277047573329786e-008 2.290670844557856e-008 2.303365036657844e-008 2.314849761261763e-008 2.325140547191216e-008 2.334546048558142e-008 2.343064870805038e-008 2.350125104455563e-008 2.356087884248902e-008 2.360799122886762e-008 2.36443036550435e-008 2.366860252112788e-008 2.368057409886033e-008 2.368202387084975e-008 2.367617695986772e-008 2.365872415378746e-008 2.362481388988173e-008 2.357697143173795e-008 2.351681421256609e-008 2.344499942837553e-008 2.336164347986233e-008 2.326665420728339e-008 2.315882035030203e-008 2.303658552377504e-008 2.289939235710049e-008 2.274870115823842e-008 2.258556202279748e-008 2.240657096970018e-008 2.221320223369516e-008
2.137106635869668e-008 2.145903338737529e-008 2.156196404301973e-008 2.167858231265599e-008 2.180257496107479e-008 2.195248583741036e-008 2.21161634582966e-008 2.226901733636618e-008 2.242575883017065e-008 2.256956141074735e-008 2.270374684048706e-008 2.283263624244437e-008 2.295323663391434e-008 2.30657140628036e-008 2.316626717487229e-008 2.325827178564503e-008 2.333840848659078e-008 2.340433491350986e-008 2.345921520940981e-008 2.350313511901611e-008 2.353590182046714e-008 2.355690189123561e-008 2.356315429875484e-008 2.356047893286988e-008 2.355334661780648e-008 2.35370535248492e-008 2.350099974254765e-008 2.344824654153535e-008 2.338666407354266e-008 2.331290325737276e-008 2.322739156182453e-008 2.313125374519852e-008 2.302292547178574e-008 2.289906577324026e-008 2.275964210470401e-008 2.260761794554876e-008 2.244490410083026e-008 2.226819852553245e-008 2.207583485799058e-008
2.134668716539024e-008 2.142692848597692e-008 2.15274635007886e-008 2.163652250511957e-008 2.175239113263929e-008 2.189106835065799e-008 2.204634593195397e-008 2.219733407046989e-008 2.234641579062707e-008 2.248641848552155e-008 2.261663020285734e-008 2.274195893121653e-008 2.285778252213422e-008 2.296617700676208e-008 2.306363382820061e-008 2.315097874915113e-008 2.322763018813795e-008 2.329046007152967e-008 2.334212191851905e-008 2.338238861646565e-008 2.341164231158286e-008 2.342925537473349e-008 2.343466921424591e-008 2.342940814269642e-008 2.341789551415971e-008 2.339563881420866e-008 2.335774338810178e-008 2.330550961782214e-008 2.324220872931473e-008 2.316755288258909e-008 2.308129744312423e-008 2.29850975435889e-008 2.287464847759346e-008 2.274888793645397e-008 2.260952045948068e-008 2.245690042954239e-008 2.229287386313896e-008 2.21154437066466e-008 2.192369738133527e-008
2.132757399046131e-008 2.139805075306984e-008 2.148964497206328e-008 2.158654456525209e-008 2.169048812639453e-008 2.181437943101243e-008 2.19600992837539e-008 2.21116064393161e-008 2.22517706160428e-008 2.238728864122612e-008 2.251397347715506e-008 2.263621496543404e-008 2.274822400317875e-008 2.285140869838077e-008 2.29458094874173e-008 2.302829091720907e-008 2.310149789032587e-008 2.316147362777188e-008 2.320956792051828e-008 2.324648257871126e-008 2.327237193744529e-008 2.328715920392928e-008 2.329132608098197e-008 2.328432852125097e-008 2.32674973204128e-008 2.323923643162503e-008 2.319967157715824e-008 2.314765549864321e-008 2.308327024949938e-008 2.30077458988889e-008 2.292071421638046e-008 2.282454566451023e-008 2.271257552977584e-008 2.258483269775687e-008 2.244533571260608e-008 2.229262708695143e-008 2.212749845349222e-008 2.194935751726775e-008 2.175778698949272e-008
2.128437834677896e-008 2.134204458631739e-008 2.141898186731178e-008 2.150844028252112e-008 2.160883853281609e-008 2.172586367837399e-008 2.186238358085221e-008 2.201083830365967e-008 2.214830600454173e-008 2.22793724941756e-008 2.240293942943933e-008 2.251930469391014e-008 2.262639982655216e-008 2.272526012851276e-008 2.281530334781202e-008 2.289459147330335e-008 2.296227920593617e-008 2.301763483419721e-008 2.306143282287421e-008 2.309505785765584e-008 2.31171818128801e-008 2.312967572763784e-008 2.31318991137875e-008 2.31224500236552e-008 2.310143217096595e-008 2.306871420447751e-008 2.302729909030597e-008 2.297447639692596e-008 2.290876869775603e-008 2.283235704123752e-008 2.274342848922718e-008 2.264493857210597e-008 2.253208296638518e-008 2.240465326463527e-008 2.226548467801414e-008 2.211227250659914e-008 2.194734429934162e-008 2.17687330257346e-008 2.15775746918134e-008
2.120596338017012e-008 2.125833874980531e-008 2.132764944654067e-008 2.14115960931227e-008 2.150840648910248e-008 2.162020319020384e-008 2.174863324566612e-008 2.189843256029479e-008 2.203145151099279e-008 2.215856653195294e-008 2.227876103863342e-008 2.238866471601899e-008 2.249070312196916e-008 2.258456194676821e-008 2.267060377852231e-008 2.274674602423935e-008 2.280921683783041e-008 2.285872595905257e-008 2.289909681442355e-008 2.292878329914547e-008 2.294742263289286e-008 2.295709268164248e-008 2.29577982265715e-008 2.294595098292833e-008 2.292053772044221e-008 2.288482905633488e-008 2.284150844448173e-008 2.278778607643628e-008 2.272106183462057e-008 2.264295802821445e-008 2.255238497620717e-008 2.245127635441481e-008 2.233792851767106e-008 2.221103429774372e-008 2.207159123040507e-008 2.19190989584048e-008 2.175424911792297e-008 2.15755479999331e-008 2.138483802205612e-008
2.110489749140133e-008 2.115215667915703e-008 2.121670064073275e-008 2.129659316867067e-008 2.138845495163307e-008 2.14977950860925e-008 2.162524742399994e-008 2.176556618217727e-008 2.189604604030214e-008 2.202043153127626e-008 2.21356467969871e-008 2.224047974872901e-008 2.233657491544901e-008 2.242693176648344e-008 2.250912958567214e-008 2.258091657117705e-008 2.264014026540466e-008 2.268718669244083e-008 2.272397586998047e-008 2.275006317122934e-008 2.276575562661713e-008 2.277148943549195e-008 2.276739063385554e-008 2.275318442823532e-008 2.272753764119901e-008 2.269145584852995e-008 2.264583013200164e-008 2.259034495457019e-008 2.252222685384748e-008 2.244235636501982e-008 2.235074024488062e-008 2.224745513939634e-008 2.213235173897989e-008 2.200510469924066e-008 2.18660217315984e-008 2.17143044885657e-008 2.154989971080471e-008 2.13729579525823e-008 2.118281433741752e-008
2.097737914960796e-008 2.102207779124758e-008 2.108576516934772e-008 2.11632835247632e-008 2.125112335793892e-008 2.135716360799295e-008 2.148834604841491e-008 2.161973706827867e-008 2.174390737914846e-008 2.186723850717862e-008 2.197773127068698e-008 2.207731210013231e-008 2.216738758751824e-008 2.225341842380212e-008 2.233357423136977e-008 2.240031422324727e-008 2.245685682394117e-008 2.250145704414354e-008 2.253495920017033e-008 2.255757235531822e-008 2.257029360256395e-008 2.257150996341642e-008 2.256305276000182e-008 2.254631071670209e-008 2.252115076669244e-008 2.248448810797928e-008 2.2436663509437e-008 2.237973506820287e-008 2.230999212823008e-008 2.222816142914816e-008 2.213579058696379e-008 2.203081296674654e-008 2.191401880501083e-008 2.178632572948936e-008 2.164784768491758e-008 2.149645928085333e-008 2.133223939123108e-008 2.115698337973216e-008 2.096743163292817e-008
2.082459858710955e-008 2.087410980424264e-008 2.093865514573491e-008 2.101575287886055e-008 2.110510217506338e-008 2.121019121911869e-008 2.133290634161737e-008 2.14593189687305e-008 2.157923928277621e-008 2.169934323063805e-008 2.180755254726074e-008 2.190367380931905e-008 2.198937810811842e-008 2.207059823361928e-008 2.214503753731175e-008 2.220876948495518e-008 2.226107517312866e-008 2.230163769599931e-008 2.233124197357863e-008 2.23500543602224e-008 2.235837673844991e-008 2.235648455432792e-008 2.234707989844868e-008 2.232824312108677e-008 2.229995852307599e-008 2.226133254957846e-008 2.221123071289332e-008 2.21524378951614e-008 2.208100899535506e-008 2.199829939854345e-008 2.190526888249941e-008 2.179923287791842e-008 2.16830026671095e-008 2.155574494243968e-008 2.141659158990333e-008 2.126482719172533e-008 2.110014856541083e-008 2.092374173285319e-008 2.073334838154389e-008
2.06524184614769e-008 2.070691351681236e-008 2.077403615561618e-008 2.085342809215536e-008 2.094599473852235e-008 2.1049907588777e-008 2.116398003849185e-008 2.128585185177273e-008 2.139989364076431e-008 2.151797104680442e-008 2.162458933386679e-008 2.171680935775024e-008 2.179822518465437e-008 2.187404186339928e-008 2.194299414088524e-008 2.200396647413236e-008 2.205170951811249e-008 2.208748864294533e-008 2.211372766956434e-008 2.212867104186333e-008 2.213198202404865e-008 2.212849233149748e-008 2.211763284265453e-008 2.20971744214821e-008 2.206565921050523e-008 2.202407439007336e-008 2.197243536908898e-008 2.191076560158751e-008 2.183852782536803e-008 2.175520534960843e-008 2.166108063058519e-008 2.155509173686127e-008 2.143844449865671e-008 2.131200802051841e-008 2.117249491044823e-008 2.101942492051604e-008 2.085504103011953e-008 2.067829393392581e-008 2.048641031792473e-008
2.047039495546654e-008 2.052793731735372e-008 2.059643802551485e-008 2.067499468524413e-008 2.076774200605483e-008 2.087177189232956e-008 2.098387276791357e-008 2.109892195146356e-008 2.121140385778366e-008 2.132151406356019e-008 2.142359733279616e-008 2.151213933737236e-008 2.159108134628774e-008 2.166209795444468e-008 2.172534788785696e-008 2.178208839186603e-008 2.182611913821932e-008 2.185878686380483e-008 2.188220879336979e-008 2.189323901377126e-008 2.189538951153524e-008 2.188946687455036e-008 2.187537476190913e-008 2.185228812045756e-008 2.181818830116937e-008 2.17742155597329e-008 2.172134784037189e-008 2.165689815964367e-008 2.158369988398222e-008 2.150036687662726e-008 2.140546287003225e-008 2.12990448105333e-008 2.118091499267928e-008 2.105231119340479e-008 2.091339036650987e-008 2.07599329053683e-008 2.05963927175962e-008 2.042069281169307e-008 2.023164623540963e-008
2.028065373175278e-008 2.033782079370647e-008 2.040407866141877e-008 2.048162877688333e-008 2.057362340066085e-008 2.068256637844337e-008 2.07892634697993e-008 2.089769523692509e-008 2.101010116900908e-008 2.11113352086739e-008 2.12071740975637e-008 2.129292256823146e-008 2.136924827837594e-008 2.143547161473238e-008 2.149404305228425e-008 2.154548740692858e-008 2.158684455186557e-008 2.161716741682714e-008 2.16373808858537e-008 2.16457940327574e-008 2.164615451627862e-008 2.163781755598685e-008 2.162098381400358e-008 2.159479071045633e-008 2.155841244182551e-008 2.151278999223922e-008 2.145827212580012e-008 2.139215070205641e-008 2.131688229284492e-008 2.123355793476731e-008 2.11385104715126e-008 2.103086057026453e-008 2.09110880433247e-008 2.078163303305875e-008 2.064223732574049e-008 2.048983125321115e-008 2.032648655915552e-008 2.015258777262052e-008 1.9966118748168e-008
2.007734601084072e-008 2.013370302282218e-008 2.020095805602189e-008 2.027999414379609e-008 2.037394483575878e-008 2.047604541158092e-008 2.057867298838051e-008 2.068275869781271e-008 2.078827653377854e-008 2.088721605626716e-008 2.097815177039e-008 2.106067111312375e-008 2.113314244861077e-008 2.119638868812534e-008 2.125155051171034e-008 2.129944176384957e-008 2.133730445960677e-008 2.13647610075627e-008 2.138285942839288e-008 2.138859219290133e-008 2.138495953104573e-008 2.137307135674388e-008 2.135391971818345e-008 2.132611304652514e-008 2.128892953713162e-008 2.12417216126183e-008 2.118660348767066e-008 2.111954053967684e-008 2.104171187491792e-008 2.095536401568318e-008 2.085879176531455e-008 2.075054549433598e-008 2.06308956167261e-008 2.050186827982055e-008 2.036322385286301e-008 2.021264648171945e-008 2.004926128447584e-008 1.987535493742549e-008 1.968999619984119e-008
1.985748453166433e-008 1.991551690865003e-008 1.998438592079419e-008 2.006646893496655e-008 2.016296609274821e-008 2.025665550160781e-008 2.035491043966922e-008 2.045328134248524e-008 2.055070817780625e-008 2.064933862234618e-008 2.073633921882741e-008 2.081446329305903e-008 2.088354061318619e-008 2.094372726508079e-008 2.099602657405853e-008 2.104086609735761e-008 2.10749809389249e-008 2.109965723469451e-008 2.11155541835683e-008 2.11195719185939e-008 2.111086958997565e-008 2.109565800204595e-008 2.107370143031247e-008 2.10450842872419e-008 2.100693291923668e-008 2.095873541810697e-008 2.090278351828095e-008 2.083516346426843e-008 2.075466118352487e-008 2.066553762871545e-008 2.056759090304845e-008 2.04591739254206e-008 2.033941772414316e-008 2.021064552365474e-008 2.007339960874784e-008 1.992384641814877e-008 1.976056919057674e-008 1.958646607334545e-008 1.940273814336181e-008
1.962547232305276e-008 1.96858843482023e-008 1.975494654066138e-008 1.983568510352758e-008 1.99291666968248e-008 2.002245876344973e-008 2.011726530165208e-008 2.021235654748637e-008 2.030629856935011e-008 2.039738030120397e-008 2.048157598366262e-008 2.055625447039793e-008 2.062139533129546e-008 2.067766827668098e-008 2.072571674786894e-008 2.076661110115338e-008 2.079752851984424e-008 2.081832911958027e-008 2.083202008044667e-008 2.083348463763727e-008 2.082407091234416e-008 2.080624288295351e-008 2.078032986504422e-008 2.074825999587224e-008 2.071002593866342e-008 2.066061810110502e-008 2.060250055097359e-008 2.053413063838677e-008 2.045275202654923e-008 2.036365259614567e-008 2.026568245068224e-008 2.015796976588173e-008 2.00382045679366e-008 1.990859139180377e-008 1.976923440929889e-008 1.961974762922689e-008 1.945673337770988e-008 1.928323759879994e-008 1.910167423051562e-008
1.937994775236817e-008 1.944180975678751e-008 1.951278017449082e-008 1.959122629620538e-008 1.968147870039968e-008 1.977635389753364e-008 1.986601479337042e-008 1.995918981511163e-008 2.004952594094348e-008 2.013244141549828e-008 2.021344018172661e-008 2.028504040704917e-008 2.034591380111732e-008 2.039771810542352e-008 2.04421059153142e-008 2.047848057819542e-008 2.050608697303497e-008 2.052425056874472e-008 2.053432941877681e-008 2.05342411046808e-008 2.052441250138662e-008 2.050425943875823e-008 2.047455101305714e-008 2.043984477097649e-008 2.039995073912661e-008 2.035042798203103e-008 2.029010874363354e-008 2.022032045204821e-008 2.013900497488177e-008 2.004919806530483e-008 1.995158208748474e-008 1.984495383097605e-008 1.972528579412148e-008 1.959408980059274e-008 1.945424026972748e-008 1.930385906038288e-008 1.914139975490328e-008 1.896989764966269e-008 1.878952805805059e-008
1.912661130328733e-008 1.919119911825626e-008 1.926264101894894e-008 1.933964763228488e-008 1.942538504984266e-008 1.951680678418304e-008 1.960381313468035e-008 1.969177322479025e-008 1.977740974462779e-008 1.985564041688985e-008 1.993065230915288e-008 1.999839327849049e-008 2.005488440144678e-008 2.010432180772112e-008 2.014578196513791e-008 2.017826990096981e-008 2.020336611680432e-008 2.021946389378124e-008 2.022623646887111e-008 2.022357345086086e-008 2.021128394094593e-008 2.018964738739633e-008 2.015977024567682e-008 2.012373769808065e-008 2.008109280002142e-008 2.002975081889032e-008 1.996857419374904e-008 1.989716390831923e-008 1.981485020328579e-008 1.972308382187312e-008 1.96232754977547e-008 1.951694919868188e-008 1.939687939312677e-008 1.926672500958518e-008 1.912815140371756e-008 1.89772637618606e-008 1.881705174825794e-008 1.864810177054733e-008 1.846869188192761e-008
