data/galIOV_gridfiles/galileo_iov_grids/galileo_iovZ_q50w17.grd
DSAA
361 181
-180 180
-90 90
-3.198021882913E-008 3.5558600759751E-008
[rows 153 to 169 of 181, columns 266 to 303 of 361]
-3.046109967835567e-008 -3.04231825138633e-008 -3.038039507134021e-008 -3.033088640473179e-008 -3.03022129794493e-008 -3.030783021568944e-008 -3.034195586104965e-008 -3.038068512414769e-008 -3.042254870800789e-008 -3.04504470566573e-008 -3.047557275072692e-008 -3.05000110747647e-008 -3.052472069829396e-008 -3.054879416463616e-008 -3.057128980215351e-008 -3.059122772164537e-008 -3.061077181606195e-008 -3.063106516713294e-008 -3.065075535394917e-008 -3.067028641359245e-008 -3.069001595256206e-008 -3.07084802327203e-008 -3.072540289359675e-008 -3.073983296378897e-008 -3.075358958509063e-008 -3.076585959243776e-008 -3.07758047126565e-008 -3.078301336823407e-008 -3.078715544526986e-008 -3.078909257514927e-008 -3.078981135975362e-008 -3.078925010195135e-008 -3.078445932771622e-008 -3.077633155106943e-008 -3.076611440541143e-008 -3.075489047808826e-008 -3.074130751118375e-008 -3.072455368527147e-008
-3.06043870217561e-008 -3.056543036330845e-008 -3.053772429972319e-008 -3.050296098154965e-008 -3.047410604697109e-008 -3.0482326962775e-008 -3.050820484326669e-008 -3.0528193232899e-008 -3.056397906305176e-008 -3.059791701363795e-008 -3.062498952690932e-008 -3.065020768645233e-008 -3.067485883063715e-008 -3.069935700077855e-008 -3.072131361825422e-008 -3.074066082076146e-008 -3.076033976818557e-008 -3.078039303320314e-008 -3.0799973915857e-008 -3.08191118828174e-008 -3.083753424871432e-008 -3.085395756978173e-008 -3.08700617363558e-008 -3.088481890848486e-008 -3.089860338854167e-008 -3.091017191796105e-008 -3.091878362548928e-008 -3.092555840419104e-008 -3.092958217010309e-008 -3.093111250279928e-008 -3.093056184034109e-008 -3.092906730469246e-008 -3.092591754661263e-008 -3.091879748500831e-008 -3.090863959662584e-008 -3.089658179021759e-008 -3.088392477539344e-008 -3.086911249115919e-008
-3.072777286485004e-008 -3.069699757804745e-008 -3.067404810701168e-008 -3.064863977294134e-008 -3.062730499846925e-008 -3.06313541939942e-008 -3.064737556159649e-008 -3.066313413386079e-008 -3.068978221297164e-008 -3.072610534678573e-008 -3.075816343439261e-008 -3.078480285003584e-008 -3.08083888574967e-008 -3.083155505416435e-008 -3.085365474338703e-008 -3.087378677556455e-008 -3.089342712849781e-008 -3.091244828060356e-008 -3.093112041847353e-008 -3.094989562068894e-008 -3.096760753342513e-008 -3.098322252493145e-008 -3.099738009363651e-008 -3.101127383719912e-008 -3.102526949099403e-008 -3.103675978222874e-008 -3.104481329899899e-008 -3.105000290676187e-008 -3.105387272252411e-008 -3.105602141621749e-008 -3.105580265163096e-008 -3.105406145585651e-008 -3.105072727516136e-008 -3.104433925259611e-008 -3.103478296068818e-008 -3.102322279367567e-008 -3.101111653763621e-008 -3.099795312977599e-008
-3.083710358516008e-008 -3.081071086706836e-008 -3.078758879590011e-008 -3.076427217945115e-008 -3.07490315422413e-008 -3.075024749728456e-008 -3.075827678352902e-008 -3.07754154371037e-008 -3.080380018550548e-008 -3.083980885661416e-008 -3.08731656601072e-008 -3.089885920914803e-008 -3.092276034092916e-008 -3.094710739842112e-008 -3.096976544503384e-008 -3.09898726024041e-008 -3.100863455180112e-008 -3.102684599035083e-008 -3.104488187990151e-008 -3.106272485080594e-008 -3.107943169201807e-008 -3.109410618538e-008 -3.110721638022723e-008 -3.112016649301026e-008 -3.113336894071607e-008 -3.114425493977928e-008 -3.115160559396977e-008 -3.115667133209253e-008 -3.11607971120112e-008 -3.116359465115413e-008 -3.116413610786524e-008 -3.116269902651702e-008 -3.115908274222088e-008 -3.115293591506976e-008 -3.114442746006346e-008 -3.113411318529085e-008 -3.112322710482036e-008 -3.111021935770131e-008
-3.093188664184123e-008 -3.090864848110503e-008 -3.088081242656693e-008 -3.085295292963048e-008 -3.08456033696143e-008 -3.085140965752063e-008 -3.085946433049046e-008 -3.087659822273339e-008 -3.090775920067986e-008 -3.093905816470072e-008 -3.097211808813153e-008 -3.099903399281169e-008 -3.10227507371111e-008 -3.10476466397363e-008 -3.107009004508264e-008 -3.108942238304473e-008 -3.110713116500034e-008 -3.112461997136824e-008 -3.114194055020244e-008 -3.115844355930975e-008 -3.117372695657734e-008 -3.118806839936129e-008 -3.120062279841405e-008 -3.121260593631292e-008 -3.122454542847223e-008 -3.123407348978894e-008 -3.124150239853783e-008 -3.124688945709196e-008 -3.125066166130638e-008 -3.125369646302015e-008 -3.125482138468368e-008 -3.12531944663016e-008 -3.124929395329643e-008 -3.124345107662827e-008 -3.123602559701907e-008 -3.122731671219317e-008 -3.12164287088598e-008 -3.120271952386631e-008
-3.100820282400529e-008 -3.097779808747716e-008 -3.093843460942957e-008 -3.091863137933326e-008 -3.09214923212278e-008 -3.093641923690239e-008 -3.095045901387627e-008 -3.097300355830691e-008 -3.100117648519161e-008 -3.102365102804366e-008 -3.105331617496048e-008 -3.108322036560368e-008 -3.110891771946287e-008 -3.113328910267871e-008 -3.115384771418012e-008 -3.117265922504055e-008 -3.118947616735488e-008 -3.120607519678149e-008 -3.122251125159415e-008 -3.12371798347185e-008 -3.125082788590657e-008 -3.126442966009157e-008 -3.127680185042398e-008 -3.12883445577296e-008 -3.129906115014866e-008 -3.130724092941897e-008 -3.131364378802086e-008 -3.131904483026785e-008 -3.132299479660858e-008 -3.132634124379377e-008 -3.132753306735936e-008 -3.132576195015243e-008 -3.132178826946335e-008 -3.1316107430999e-008 -3.130925386872586e-008 -3.130134283936772e-008 -3.129079972880233e-008 -3.127730821333221e-008
-3.10718252299314e-008 -3.103801129257172e-008 -3.099861472497997e-008 -3.098292122739589e-008 -3.098820345024171e-008 -3.1009345664846e-008 -3.102874995330046e-008 -3.104843041012841e-008 -3.107146190780565e-008 -3.109207073485131e-008 -3.111998572233077e-008 -3.115313971603244e-008 -3.118086047788397e-008 -3.120188864858211e-008 -3.122004086525863e-008 -3.123864063017669e-008 -3.125537920407777e-008 -3.127120476690803e-008 -3.128629994207338e-008 -3.129919263369814e-008 -3.131156557107289e-008 -3.132410411337793e-008 -3.133564761535467e-008 -3.134634857417801e-008 -3.135565752926624e-008 -3.136302768801626e-008 -3.136852595064777e-008 -3.137298250988839e-008 -3.137696283413531e-008 -3.138052462405989e-008 -3.138165515554495e-008 -3.137980613127698e-008 -3.137608019879258e-008 -3.137025795527876e-008 -3.136326813678441e-008 -3.135574353549567e-008 -3.134579723940618e-008 -3.133287946156562e-008
-3.112542454561897e-008 -3.110286104920272e-008 -3.106697287837275e-008 -3.104635977737896e-008 -3.105144695920317e-008 -3.107176934323365e-008 -3.108751400381651e-008 -3.110025989256731e-008 -3.111959971774666e-008 -3.114290125946821e-008 -3.117304543371284e-008 -3.120809155632042e-008 -3.123570284630183e-008 -3.12565902830856e-008 -3.127240245172151e-008 -3.128839619117658e-008 -3.130391032701129e-008 -3.131874057633378e-008 -3.133307437499929e-008 -3.134623378563051e-008 -3.135714456364733e-008 -3.136744563684836e-008 -3.137711576476933e-008 -3.138619989881577e-008 -3.139422519161587e-008 -3.140044464095866e-008 -3.140529096332916e-008 -3.140896997384424e-008 -3.141214956343774e-008 -3.141565485194255e-008 -3.141758599518998e-008 -3.141676507132969e-008 -3.141263654565107e-008 -3.14053995013252e-008 -3.13972255787178e-008 -3.138997658557565e-008 -3.138131119717029e-008 -3.136972628226931e-008
-3.116070185988536e-008 -3.114276124030053e-008 -3.112018887507924e-008 -3.110101036709712e-008 -3.110198139219024e-008 -3.111358434897486e-008 -3.112437848563784e-008 -3.113565166563812e-008 -3.115205030481418e-008 -3.117645086037593e-008 -3.120917756733055e-008 -3.124334026866106e-008 -3.126905056303122e-008 -3.128909469208466e-008 -3.130521042335303e-008 -3.132005485407743e-008 -3.133412775984515e-008 -3.134778073091407e-008 -3.136104594069416e-008 -3.137313871688127e-008 -3.138383011700145e-008 -3.139304874906318e-008 -3.14005532682021e-008 -3.14077302134313e-008 -3.14150336237096e-008 -3.142080492088252e-008 -3.142470396590001e-008 -3.142724917953768e-008 -3.142897328677371e-008 -3.143128113219953e-008 -3.143415188508516e-008 -3.143437336476213e-008 -3.142991100125166e-008 -3.142058575318224e-008 -3.141138137516212e-008 -3.140394005476661e-008 -3.13970818165004e-008 -3.138781697360152e-008
-3.118519141855642e-008 -3.116560378563599e-008 -3.114818577820834e-008 -3.113356412128838e-008 -3.113039148471391e-008 -3.113493384102285e-008 -3.114132356846124e-008 -3.11525983952528e-008 -3.116986812545777e-008 -3.119380508872287e-008 -3.122594976624103e-008 -3.125830863154408e-008 -3.128223235288594e-008 -3.130065889355e-008 -3.131727123554453e-008 -3.133187042247655e-008 -3.134514136689679e-008 -3.135807621699935e-008 -3.137066274940012e-008 -3.138230517174716e-008 -3.139285481918941e-008 -3.140062455315598e-008 -3.140541234247101e-008 -3.141020360203201e-008 -3.141676558152795e-008 -3.142248147751613e-008 -3.142635117548378e-008 -3.142888731592408e-008 -3.142898698169839e-008 -3.142771014589434e-008 -3.142814787788411e-008 -3.142860613456618e-008 -3.1424577231664e-008 -3.141690662509899e-008 -3.140939381925641e-008 -3.140075707943792e-008 -3.139202304077601e-008 -3.138268846304819e-008
-3.118845728926861e-008 -3.1172195543718e-008 -3.115707434833486e-008 -3.114394665768077e-008 -3.11378066579006e-008 -3.11389796598632e-008 -3.114365736119999e-008 -3.115515063624465e-008 -3.117339453027421e-008 -3.119526074281837e-008 -3.122401468051043e-008 -3.125434596063818e-008 -3.127824070338816e-008 -3.129652227083798e-008 -3.131181459335822e-008 -3.132466678531591e-008 -3.133727147575828e-008 -3.13494013181958e-008 -3.136144227077008e-008 -3.137317015936288e-008 -3.138314974230709e-008 -3.138926951841273e-008 -3.139071441043598e-008 -3.139374137355039e-008 -3.139919536164702e-008 -3.140524307459278e-008 -3.141035902792253e-008 -3.141302418853177e-008 -3.141124969341262e-008 -3.140564325572752e-008 -3.14012010825418e-008 -3.139953907544657e-008 -3.139981555872423e-008 -3.139783817377941e-008 -3.139154381663121e-008 -3.138119430462612e-008 -3.136817293971546e-008 -3.135560921035704e-008
-3.117138831825025e-008 -3.115842614609832e-008 -3.114577948942749e-008 -3.113370303629966e-008 -3.112669639439786e-008 -3.112776688191632e-008 -3.11350701258095e-008 -3.114887617729561e-008 -3.116215939716939e-008 -3.118094124044865e-008 -3.120542615651968e-008 -3.123124247651426e-008 -3.125476149700289e-008 -3.127300264249802e-008 -3.128712089176407e-008 -3.130017524064695e-008 -3.131242949525301e-008 -3.132256816914119e-008 -3.133235945626168e-008 -3.134319804689115e-008 -3.135244233918374e-008 -3.135681387648416e-008 -3.135818381971118e-008 -3.136200342131027e-008 -3.136602299997101e-008 -3.136965351317505e-008 -3.137299638624455e-008 -3.137415562880918e-008 -3.137093549898638e-008 -3.136620495366281e-008 -3.136261988763092e-008 -3.135964406083592e-008 -3.135856892215191e-008 -3.135784547473555e-008 -3.135190190048787e-008 -3.134005610392026e-008 -3.132682544771633e-008 -3.131661852985474e-008
-3.113781758713347e-008 -3.112655317752437e-008 -3.111480639315693e-008 -3.110269254014309e-008 -3.109590050893792e-008 -3.109871305349142e-008 -3.110811401752693e-008 -3.111941877067832e-008 -3.113170370427569e-008 -3.115187425019372e-008 -3.117240180397154e-008 -3.11914653664748e-008 -3.121193179751233e-008 -3.123025099774032e-008 -3.124600125386015e-008 -3.125982187607539e-008 -3.127071283609037e-008 -3.127796937764098e-008 -3.12846388076715e-008 -3.129311783821753e-008 -3.130191699627594e-008 -3.130786953790426e-008 -3.131183683594454e-008 -3.131573271565609e-008 -3.131793199009682e-008 -3.131748245586099e-008 -3.131520730475583e-008 -3.13120683031291e-008 -3.131077077357764e-008 -3.131217287516653e-008 -3.131208379563073e-008 -3.130902786975657e-008 -3.130465424367441e-008 -3.12989828831956e-008 -3.129069339611827e-008 -3.128006123605007e-008 -3.127037990746197e-008 -3.126398828845152e-008
-3.108920251075873e-008 -3.107864618310039e-008 -3.106553244002366e-008 -3.104992559600359e-008 -3.104236821270155e-008 -3.104744256241352e-008 -3.105913988971338e-008 -3.107140713755442e-008 -3.10869119359805e-008 -3.110805061057591e-008 -3.112363427332201e-008 -3.113776530684174e-008 -3.115343884688212e-008 -3.116915830133421e-008 -3.118486602134999e-008 -3.119906505068886e-008 -3.120916605270453e-008 -3.121594367019364e-008 -3.122299668611579e-008 -3.123074239565851e-008 -3.123799348243609e-008 -3.124386538911788e-008 -3.124825900772295e-008 -3.12511937727492e-008 -3.12516259846043e-008 -3.124963391188442e-008 -3.124530163846021e-008 -3.12413841950264e-008 -3.124036891859321e-008 -3.124208657661854e-008 -3.124347544292591e-008 -3.124062443871375e-008 -3.123417418103674e-008 -3.122537387428871e-008 -3.121693173479255e-008 -3.121013429268843e-008 -3.120311555591925e-008 -3.119532986833275e-008
-3.102277248752182e-008 -3.101239540781669e-008 -3.099540345480636e-008 -3.097271704541568e-008 -3.096603703275666e-008 -3.097368898997651e-008 -3.098925913585554e-008 -3.100553082512838e-008 -3.102379729740951e-008 -3.104245129297461e-008 -3.105619725324601e-008 -3.106829380130703e-008 -3.107996251363909e-008 -3.109107369212248e-008 -3.110319593140579e-008 -3.111693719933759e-008 -3.112933257261663e-008 -3.113912954840816e-008 -3.114768566357229e-008 -3.115497254539705e-008 -3.116025292868442e-008 -3.116397434737857e-008 -3.116697446181195e-008 -3.116872555053912e-008 -3.116951792662592e-008 -3.116916663262238e-008 -3.116538124871583e-008 -3.116157710129749e-008 -3.116014796499935e-008 -3.115962219145489e-008 -3.115845046206057e-008 -3.115444544635406e-008 -3.114753949760714e-008 -3.11394234739482e-008 -3.113211137427457e-008 -3.112740717988733e-008 -3.112367795321723e-008 -3.111612216472873e-008
-3.093632968993196e-008 -3.092201726152756e-008 -3.089683896565323e-008 -3.087624023885816e-008 -3.087444732772444e-008 -3.088455120806883e-008 -3.090285077998717e-008 -3.092015962867201e-008 -3.093739034733867e-008 -3.095501785985894e-008 -3.096902238196266e-008 -3.098052972664774e-008 -3.099083871660447e-008 -3.100079247380728e-008 -3.101135089010879e-008 -3.102303306841167e-008 -3.10353371126736e-008 -3.104618442025127e-008 -3.10547779698413e-008 -3.106101293936334e-008 -3.106481411467474e-008 -3.106806742635107e-008 -3.107137799188565e-008 -3.107403051283575e-008 -3.107593908274356e-008 -3.10763848799489e-008 -3.107311073662193e-008 -3.106849198353651e-008 -3.106593671462318e-008 -3.106383574406484e-008 -3.106076556803089e-008 -3.105611338345464e-008 -3.105028204680792e-008 -3.104347583437115e-008 -3.103624574969174e-008 -3.103010512791269e-008 -3.102651666331194e-008 -3.10210658096788e-008
-3.083276916114642e-008 -3.081267898544513e-008 -3.078912296939388e-008 -3.077529482590956e-008 -3.077456442372002e-008 -3.078658740204008e-008 -3.080647535059056e-008 -3.082006349261011e-008 -3.083195050348536e-008 -3.084736211927279e-008 -3.086267384911153e-008 -3.087564272022747e-008 -3.088717445128963e-008 -3.089787122335154e-008 -3.090798244138222e-008 -3.091791863967102e-008 -3.092809697620021e-008 -3.093737719636929e-008 -3.094424560385264e-008 -3.094891045024774e-008 -3.095296202621253e-008 -3.095736351529512e-008 -3.096183069471261e-008 -3.096557759507147e-008 -3.096765526641463e-008 -3.096779731360735e-008 -3.096505187785651e-008 -3.096065610751148e-008 -3.09573053610743e-008 -3.095460503388449e-008 -3.09514910599172e-008 -3.094762320911252e-008 -3.094314239068883e-008 -3.093703034399264e-008 -3.09292390272577e-008 -3.092311855225491e-008 -3.091787117249426e-008 -3.091205416672135e-008
