data/galIOV_gridfiles/galileo_iov_grids/galileo_iovY_q50w27.grd
DSAA
361 181
-180 180
-90 90
-3.597298042502E-008 3.6387678736424E-008
[rows 51 to 67 of 181, columns 78 to 116 of 361]
3.093392881346061e-008 3.100039780536605e-008 3.105215767659177e-008 3.10863506893391e-008 3.111046810295266e-008 3.112433417550106e-008 3.11252871655524e-008 3.111882746712431e-008 3.110432455235928e-008 3.108208034886916e-008 3.105097836320273e-008 3.098535083862397e-008 3.094885950326273e-008 3.096874758592515e-008 3.102756393138222e-008 3.105530915964203e-008 3.107235821928036e-008 3.108324933722964e-008 3.107762483927992e-008 3.106061389504327e-008 3.103577094217598e-008 3.100331244341826e-008 3.096292112588268e-008 3.090664470814307e-008 3.083676320174297e-008 3.075412345370898e-008 3.06586048886562e-008 3.055032422051765e-008 3.043053361881269e-008 3.029923871192929e-008 3.015533773594667e-008 2.999849241734009e-008 2.983009190541718e-008 2.964898243653612e-008 2.945226975092044e-008 2.924242594892095e-008 2.902101762807514e-008 2.878606332627901e-008 2.853743866817192e-008
3.135253452222161e-008 3.141956763923079e-008 3.147129883337131e-008 3.150505114435712e-008 3.152745360609953e-008 3.154096893265257e-008 3.153965617512326e-008 3.153191193428936e-008 3.151804712184692e-008 3.149737695070837e-008 3.14676412715027e-008 3.139645348324147e-008 3.135823385133023e-008 3.138534104578024e-008 3.144761866892048e-008 3.147398426765475e-008 3.149363378881375e-008 3.150380562564965e-008 3.149884286720848e-008 3.148071152889155e-008 3.14552259255751e-008 3.142468436035888e-008 3.138346504923463e-008 3.132642256434906e-008 3.125676632863764e-008 3.117229839889356e-008 3.107603574963312e-008 3.09664200922078e-008 3.084509314332172e-008 3.07137997655383e-008 3.056718706676788e-008 3.040814591707413e-008 3.023785410196729e-008 3.00535703296356e-008 2.985436274622461e-008 2.964150425610538e-008 2.941696517336969e-008 2.917975364481948e-008 2.892715560149303e-008
3.175429277493376e-008 3.181911775612914e-008 3.187031628835279e-008 3.190700537904201e-008 3.19316550605439e-008 3.194097453768948e-008 3.193918429033736e-008 3.193115798154657e-008 3.191409846025363e-008 3.189060088354106e-008 3.184781522547625e-008 3.179298059693784e-008 3.17784023692586e-008 3.18055621595594e-008 3.184306133641336e-008 3.18711356202499e-008 3.190090777533644e-008 3.190879756851346e-008 3.190022189635057e-008 3.188266825133481e-008 3.186073024493372e-008 3.183296138005372e-008 3.178969157066918e-008 3.173200889576069e-008 3.166261536175046e-008 3.157699991589993e-008 3.147707766259201e-008 3.136682788335688e-008 3.124653403417623e-008 3.111611946980022e-008 3.096733832285322e-008 3.080417363450586e-008 3.063009948758015e-008 3.044176399805503e-008 3.023910461865608e-008 3.002517301793871e-008 2.979956970904378e-008 2.956084544272476e-008 2.930525265188725e-008
3.213752582560461e-008 3.220157806011944e-008 3.225255277698179e-008 3.229019498231239e-008 3.231557847425107e-008 3.232419932014536e-008 3.231971269424746e-008 3.231086990300063e-008 3.229189339277791e-008 3.226915832629997e-008 3.22213270982294e-008 3.216808916076622e-008 3.215817285206487e-008 3.21887307449332e-008 3.222461666701525e-008 3.225296354538304e-008 3.22854468051065e-008 3.229370914494337e-008 3.228482839967927e-008 3.226736798968112e-008 3.224747671551921e-008 3.22208500526675e-008 3.217731219850051e-008 3.212026028959997e-008 3.204930822651992e-008 3.196357788912842e-008 3.18621920589199e-008 3.175075185962094e-008 3.163025879619291e-008 3.149806149908497e-008 3.1347712614647e-008 3.118233624722129e-008 3.100563880325399e-008 3.081521730811223e-008 3.061038069826982e-008 3.039427834216577e-008 3.016605124041943e-008 2.992335099223283e-008 2.966516265893485e-008
3.250280355912113e-008 3.256654140055713e-008 3.261462898305058e-008 3.265337375664152e-008 3.268028467824504e-008 3.269258241503835e-008 3.268626128029987e-008 3.26712639797159e-008 3.265077570922215e-008 3.261690685172784e-008 3.258217919605743e-008 3.253376233031655e-008 3.250378714288153e-008 3.25257039683122e-008 3.258611244491046e-008 3.262118053873219e-008 3.264484472678491e-008 3.265552241790884e-008 3.265294456735315e-008 3.263881825313758e-008 3.261728789379632e-008 3.258956648853528e-008 3.255018924889098e-008 3.249214612325894e-008 3.241812492680352e-008 3.23319497217025e-008 3.223236389411995e-008 3.212041495829595e-008 3.199685675654931e-008 3.186013218731555e-008 3.170818064826788e-008 3.154355112298451e-008 3.136404353091944e-008 3.11728042032932e-008 3.097048299530047e-008 3.075331313127648e-008 3.051709088125235e-008 3.026820264331911e-008 3.00081061612971e-008
3.285102286936432e-008 3.291538291300677e-008 3.296173291750434e-008 3.30007543514728e-008 3.302810690290684e-008 3.30406255371149e-008 3.30329550146949e-008 3.301486359711894e-008 3.299389530896482e-008 3.295597018664438e-008 3.292524204556058e-008 3.287112599463429e-008 3.283611460809706e-008 3.285794672521541e-008 3.293165151636905e-008 3.29677641171803e-008 3.299107365981434e-008 3.300308251579486e-008 3.300231546877845e-008 3.298936448613716e-008 3.296812484729998e-008 3.294145750224607e-008 3.29031407697439e-008 3.284546962065589e-008 3.277126462380483e-008 3.268439896540123e-008 3.258515507302215e-008 3.247207160800697e-008 3.234805195990474e-008 3.220995022411256e-008 3.205571484864841e-008 3.189007102793369e-008 3.170797315272815e-008 3.15148906088585e-008 3.131073825015225e-008 3.109070855297494e-008 3.085137311287781e-008 3.059914467913664e-008 3.033600282255688e-008
3.318204744074165e-008 3.325025027235976e-008 3.330359218039575e-008 3.333645881721494e-008 3.33556743123427e-008 3.33654591823536e-008 3.33599437773379e-008 3.334488476332056e-008 3.331963954943204e-008 3.328610153826687e-008 3.324465786237834e-008 3.317525739911746e-008 3.315201834365409e-008 3.319459642913486e-008 3.325821526604193e-008 3.329113566256084e-008 3.332344624112669e-008 3.333695140031525e-008 3.333352194704542e-008 3.331973291636824e-008 3.330203627552597e-008 3.327636161400408e-008 3.323476921937128e-008 3.318085227032702e-008 3.311136565179257e-008 3.302290817093421e-008 3.29205182365301e-008 3.280831210462834e-008 3.26868436639974e-008 3.255018467762141e-008 3.239195545079166e-008 3.222269869284869e-008 3.203939977098338e-008 3.184228462233015e-008 3.163228134343757e-008 3.140823692762483e-008 3.116863236496788e-008 3.091565051300879e-008 3.064797021161041e-008
3.349578870638351e-008 3.356614705851576e-008 3.362055224480937e-008 3.365174368100663e-008 3.366691670817631e-008 3.367604271968529e-008 3.367045038096382e-008 3.365508646273371e-008 3.362921972246982e-008 3.359551584648446e-008 3.35529505069733e-008 3.347012232661245e-008 3.344800868359716e-008 3.350038919025332e-008 3.356871928100079e-008 3.359967610717812e-008 3.363588867246135e-008 3.365072321529442e-008 3.36477479875857e-008 3.363382353980815e-008 3.361800267156309e-008 3.359337423610142e-008 3.355161016116012e-008 3.349902993787299e-008 3.343028503733398e-008 3.334280804335669e-008 3.323919742745427e-008 3.312685479598797e-008 3.300525128408657e-008 3.286720408244146e-008 3.270831331808977e-008 3.253660429508269e-008 3.235205695413422e-008 3.215251872704135e-008 3.193958325611364e-008 3.171247382140945e-008 3.147106099314379e-008 3.121598280932251e-008 3.094579545569166e-008
3.379584550302502e-008 3.386158479811668e-008 3.391108385898775e-008 3.394561559270887e-008 3.396346285664044e-008 3.397128004371568e-008 3.396606924538616e-008 3.395073924587701e-008 3.392211101783373e-008 3.388022297519134e-008 3.383663353288578e-008 3.375836128520177e-008 3.372953050497498e-008 3.378028154738892e-008 3.385191751369028e-008 3.388984195253283e-008 3.392932721466086e-008 3.394692436361228e-008 3.39456007679372e-008 3.393503270317384e-008 3.391855741278372e-008 3.389435915766586e-008 3.385308000539525e-008 3.379915616140731e-008 3.372992357113242e-008 3.36445722226352e-008 3.354539677583837e-008 3.343118679231195e-008 3.330285192934871e-008 3.316109307930016e-008 3.300521106056659e-008 3.283345860431817e-008 3.264775767373443e-008 3.244777434873623e-008 3.223260529671733e-008 3.200127833565649e-008 3.1757632553503e-008 3.15010489918943e-008 3.123038189830395e-008
3.407496970781122e-008 3.413951124156236e-008 3.418731446951114e-008 3.422258288040363e-008 3.424035347655126e-008 3.424760394174267e-008 3.424262776465612e-008 3.422623769128041e-008 3.419745842610113e-008 3.415279470450047e-008 3.411226253884454e-008 3.402505322968032e-008 3.399059110021018e-008 3.404408747204338e-008 3.412572116825784e-008 3.416209239488877e-008 3.420465887998044e-008 3.422396228420832e-008 3.422403882452505e-008 3.421421642383717e-008 3.419938176400692e-008 3.417600206954475e-008 3.413510520261223e-008 3.408154934944005e-008 3.401279821983343e-008 3.392830500905576e-008 3.382954436185537e-008 3.371542466836019e-008 3.358542016750775e-008 3.344265432345302e-008 3.32868377399618e-008 3.311387014397153e-008 3.292718235470623e-008 3.272503669854077e-008 3.250821332074149e-008 3.227508301170645e-008 3.20293915652731e-008 3.177170639919413e-008 3.149832129687189e-008
3.433390761318616e-008 3.439969454345464e-008 3.444870917569295e-008 3.448356830116421e-008 3.450089130984185e-008 3.450667459242174e-008 3.450115944084084e-008 3.448344492383953e-008 3.445563821101299e-008 3.440909292298808e-008 3.436650245383976e-008 3.429245062472912e-008 3.424655559199735e-008 3.428483080194571e-008 3.437383005820833e-008 3.441891279076238e-008 3.445800389918724e-008 3.447905452602536e-008 3.448413991326467e-008 3.447667301278045e-008 3.446168289883331e-008 3.44368718760045e-008 3.439724713101103e-008 3.434587893972538e-008 3.427776810319205e-008 3.419392973429531e-008 3.409463724136008e-008 3.398126232815659e-008 3.385315803548308e-008 3.371047328703824e-008 3.355411412490788e-008 3.338229846979736e-008 3.319099428697328e-008 3.298415074055548e-008 3.276643049758064e-008 3.253433245644312e-008 3.228805576695933e-008 3.202850619817496e-008 3.175504638179444e-008
3.457595581136078e-008 3.464174054339651e-008 3.46907556432807e-008 3.472506679400592e-008 3.474134198048762e-008 3.47456679126753e-008 3.473971800809931e-008 3.472159996943939e-008 3.469476634260484e-008 3.464725460808366e-008 3.460834589884801e-008 3.45321821219548e-008 3.447487803869164e-008 3.45131631094821e-008 3.461346714785589e-008 3.465670844367183e-008 3.469641473847899e-008 3.471871371422677e-008 3.472563266574965e-008 3.471900072814163e-008 3.470563728946452e-008 3.468225063740553e-008 3.464348975796446e-008 3.459385235684092e-008 3.452567174262573e-008 3.444251968653369e-008 3.434275080809047e-008 3.422997288938716e-008 3.410221842506475e-008 3.395902579964404e-008 3.380293469304272e-008 3.36293649411288e-008 3.343750162684865e-008 3.32282178186766e-008 3.300965334619857e-008 3.277641846056865e-008 3.25283545583536e-008 3.226773509380871e-008 3.19913810417774e-008
3.480193235150399e-008 3.486718975147224e-008 3.491427513456481e-008 3.494656168931413e-008 3.496233402525233e-008 3.496266192973466e-008 3.495693621319263e-008 3.494120691737164e-008 3.491361831818346e-008 3.486653327620883e-008 3.482182942372942e-008 3.475381445850187e-008 3.470526383171064e-008 3.473707844752832e-008 3.482559477450827e-008 3.487407593463638e-008 3.491875240054228e-008 3.494503109750159e-008 3.494936605658774e-008 3.494194748430018e-008 3.493208225153062e-008 3.491399467503751e-008 3.48768340990123e-008 3.482714568728545e-008 3.476055783038527e-008 3.467452463838535e-008 3.457456591297307e-008 3.446226658467488e-008 3.433640538576775e-008 3.419268805044276e-008 3.403499143731156e-008 3.386055884463895e-008 3.366723926788639e-008 3.346103134437215e-008 3.323881811520984e-008 3.300423795193824e-008 3.275429100734752e-008 3.249068586957224e-008 3.22116439135079e-008
3.500788483974057e-008 3.507254652007636e-008 3.511911483510706e-008 3.51501559365004e-008 3.516549755931342e-008 3.516252122715698e-008 3.515633956494382e-008 3.51408421108255e-008 3.511380717445338e-008 3.506573588308775e-008 3.502403016247802e-008 3.495196433835582e-008 3.48998171036261e-008 3.493517531010871e-008 3.502845384705661e-008 3.507431628770139e-008 3.51210973775355e-008 3.514920641809621e-008 3.515427342986551e-008 3.51469268549557e-008 3.514018002042811e-008 3.51239995224104e-008 3.508802376747978e-008 3.503935760867476e-008 3.497287910665803e-008 3.488762463140368e-008 3.478652371608479e-008 3.467540428000596e-008 3.454860324639355e-008 3.440453641099088e-008 3.424574411636615e-008 3.407067014028723e-008 3.387697432234904e-008 3.366998811211134e-008 3.344743796294465e-008 3.32111289318304e-008 3.296040457583527e-008 3.2694803967419e-008 3.241399219250127e-008
3.519354839407185e-008 3.525832600902462e-008 3.530648340573158e-008 3.53379105202205e-008 3.535159000853334e-008 3.535333332172699e-008 3.533924193107084e-008 3.531562435796374e-008 3.528840096943148e-008 3.524936718578965e-008 3.519608658572287e-008 3.511262676736667e-008 3.509024243324677e-008 3.5137449099146e-008 3.519526725791796e-008 3.52525793687982e-008 3.530198141173383e-008 3.532896912746359e-008 3.534038298146569e-008 3.534068038758332e-008 3.533360510926742e-008 3.531321058524565e-008 3.528033546659521e-008 3.52320557458863e-008 3.516513332755695e-008 3.508319164541908e-008 3.498386110800472e-008 3.487106437943269e-008 3.47418811212418e-008 3.459555628191465e-008 3.443488964383571e-008 3.425897998706723e-008 3.406677375686835e-008 3.385905689612214e-008 3.363568868874617e-008 3.339930028362806e-008 3.314811234020058e-008 3.288135597657592e-008 3.259769612635046e-008
3.535919881800564e-008 3.542488054260351e-008 3.547307022687335e-008 3.550469453162592e-008 3.551733158494897e-008 3.55191675056308e-008 3.550218738089262e-008 3.547498809902441e-008 3.54477185742646e-008 3.541189844507166e-008 3.535896965678101e-008 3.526366290792337e-008 3.524508074536094e-008 3.530176727982324e-008 3.53562809429946e-008 3.541402844304291e-008 3.546598704214886e-008 3.549335668568931e-008 3.550622072889254e-008 3.550860147886456e-008 3.550289941075411e-008 3.548268831106919e-008 3.545088165438887e-008 3.540354665743326e-008 3.533701190707403e-008 3.525598492067705e-008 3.515738809701718e-008 3.504426788374538e-008 3.491468393134485e-008 3.47674584896352e-008 3.46064975685893e-008 3.442985878496872e-008 3.423812622844563e-008 3.402993931725704e-008 3.380641640906395e-008 3.356974060103533e-008 3.331817461642057e-008 3.305065957611657e-008 3.276588352023564e-008
3.550815147630395e-008 3.557481099473852e-008 3.562013518254278e-008 3.564958799885142e-008 3.56632630926774e-008 3.566085566927888e-008 3.56480023130837e-008 3.562249836261729e-008 3.559128907705984e-008 3.554454211286119e-008 3.549522859895403e-008 3.54193022497021e-008 3.537555122742948e-008 3.542210322318435e-008 3.550357870256322e-008 3.555628366427494e-008 3.561248481971215e-008 3.564278348422163e-008 3.565149412310689e-008 3.565164933969806e-008 3.564832386126331e-008 3.562951312074471e-008 3.559861142755061e-008 3.555169486914277e-008 3.548722941339117e-008 3.540503118659217e-008 3.530766179281092e-008 3.519505129087478e-008 3.506549987447419e-008 3.491970303163716e-008 3.475767039136959e-008 3.458196569061246e-008 3.438953348513144e-008 3.418231617210746e-008 3.395926149132549e-008 3.372231396456404e-008 3.347239703763908e-008 3.320481043484816e-008 3.291842378443829e-008
