data/galIOV_gridfiles/galileo_iov_grids/galileo_iovZ_q50w17.grd
DSAA
361 181
-180 180
-90 90
-3.198021882913E-008 3.5558600759751E-008
[rows 51 to 67 of 181, columns 152 to 189 of 361]
2.334704557463381e-008 2.324754749640524e-008 2.31492711091268e-008 2.305047366836635e-008 2.295020068200523e-008 2.284804272500889e-008 2.274378996866598e-008 2.263948700844945e-008 2.253480717026022e-008 2.242757311504993e-008 2.231983912590067e-008 2.221061610589786e-008 2.209920353636227e-008 2.198605612965157e-008 2.18701179252986e-008 2.175441713501197e-008 2.163794056385797e-008 2.151967271866333e-008 2.140001706934027e-008 2.127535306921979e-008 2.11560225799753e-008 2.103643932777038e-008 2.091668363528813e-008 2.080996639896774e-008 2.070237732711327e-008 2.061024662749924e-008 2.052722504643127e-008 2.041905555554111e-008 2.039183498117569e-008 2.044452242293705e-008 2.05393647079479e-008 2.061401147485582e-008 2.071411797905866e-008 2.082182766941118e-008 2.093746936594509e-008 2.106731533985622e-008 2.119499287565823e-008 2.133224453905157e-008
2.278579045755148e-008 2.268753122107199e-008 2.258950351165762e-008 2.24906638564586e-008 2.239108582575288e-008 2.228894921761572e-008 2.218599010359518e-008 2.208255520835811e-008 2.197804993830313e-008 2.187245728846972e-008 2.17652182620652e-008 2.165647503664884e-008 2.154631290348236e-008 2.14336701660383e-008 2.131917926308733e-008 2.120429321278022e-008 2.108792201431276e-008 2.097075869249956e-008 2.085159820778594e-008 2.072902945053046e-008 2.061009451119958e-008 2.048986162544513e-008 2.037211039298874e-008 2.026464829039676e-008 2.015706999407029e-008 2.006643949320393e-008 1.998046013206803e-008 1.989473753214977e-008 1.987060932210966e-008 1.991991831175998e-008 1.999623329047052e-008 2.007413068102438e-008 2.017204914412874e-008 2.027896404133708e-008 2.039572264691985e-008 2.052255650477051e-008 2.065228767137738e-008 2.078983877843183e-008
2.221555541870009e-008 2.211794485834156e-008 2.202075300564352e-008 2.192159138950316e-008 2.18208122226937e-008 2.172083938684282e-008 2.161927026783535e-008 2.151660877446399e-008 2.141351819259155e-008 2.130918140150305e-008 2.120285064135709e-008 2.1094552350776e-008 2.098512230435929e-008 2.087409341532445e-008 2.076074972022773e-008 2.064687236043487e-008 2.053096575435807e-008 2.041438639651911e-008 2.029655814764124e-008 2.017580801006134e-008 2.005881818421522e-008 1.993657437999547e-008 1.982048381465748e-008 1.97134892148973e-008 1.960510898283547e-008 1.952005130355828e-008 1.942987323988706e-008 1.935814991512427e-008 1.934670888545722e-008 1.939289114966746e-008 1.945069982069106e-008 1.952696690147535e-008 1.962569463967466e-008 1.972736084779221e-008 1.984831725983643e-008 1.997222712331286e-008 2.010171600715472e-008 2.024205183190252e-008
2.163664830441561e-008 2.154101415717253e-008 2.144465245489156e-008 2.134627648582513e-008 2.12468009494529e-008 2.114693753814165e-008 2.104611506536566e-008 2.094466905787971e-008 2.084158468837969e-008 2.073872310082725e-008 2.063326943264466e-008 2.052605050519785e-008 2.041846797951214e-008 2.03085460888308e-008 2.019672251469121e-008 2.008330858577074e-008 1.996803827292852e-008 1.985305738624388e-008 1.973593292068522e-008 1.961735042362553e-008 1.94994107745779e-008 1.937922096190131e-008 1.926417971718742e-008 1.915406929320831e-008 1.905122746892475e-008 1.896378295311016e-008 1.888227525116943e-008 1.882010061161959e-008 1.880702644020877e-008 1.883940853151859e-008 1.890092257233379e-008 1.89781457857686e-008 1.907258604507254e-008 1.917571568985645e-008 1.929209576170704e-008 1.941859684525338e-008 1.954880006987885e-008 1.968420038310831e-008
2.104921380005811e-008 2.095634998638408e-008 2.086058870247544e-008 2.07636661309377e-008 2.066601246029086e-008 2.056559293649917e-008 2.046544502131273e-008 2.036472477679718e-008 2.02623670762192e-008 2.015976746885133e-008 2.005612129501422e-008 1.995044786027452e-008 1.984451044965605e-008 1.973709175712281e-008 1.962679340701379e-008 1.951258533533348e-008 1.939872911590213e-008 1.928487820696127e-008 1.916982675341628e-008 1.905427254254118e-008 1.893247207719348e-008 1.881694111503352e-008 1.870268774678876e-008 1.858767188322173e-008 1.849364552061297e-008 1.839850451842893e-008 1.833032122263304e-008 1.828180905886672e-008 1.825510466216383e-008 1.827455053642646e-008 1.834774497404984e-008 1.842595100000114e-008 1.851334335769262e-008 1.861899746696676e-008 1.872977170050835e-008 1.88608737269295e-008 1.899051804292743e-008 1.91202113853822e-008
2.045395987082855e-008 2.036269260594436e-008 2.026809493965045e-008 2.017343321152745e-008 2.007690429031866e-008 1.997799433074525e-008 1.98790136834449e-008 1.977894404697911e-008 1.96783703485993e-008 1.957671332592942e-008 1.94743919372154e-008 1.937060926525102e-008 1.926534965063123e-008 1.915894545347186e-008 1.904965717690282e-008 1.89371834441045e-008 1.882481939689374e-008 1.871161958017568e-008 1.859790655877171e-008 1.848320125379787e-008 1.836408670104463e-008 1.824969865187547e-008 1.813577615584861e-008 1.802327029362757e-008 1.792853597112929e-008 1.783636708216705e-008 1.777001778658375e-008 1.77246843791708e-008 1.77022025405665e-008 1.772181399126926e-008 1.778818321023787e-008 1.786431573886129e-008 1.795215526424099e-008 1.805607828928353e-008 1.816801460316408e-008 1.829724136679117e-008 1.842511440787094e-008 1.855382811127263e-008
1.985034381536761e-008 1.975858762547874e-008 1.96672089862455e-008 1.957503369020457e-008 1.948044223629583e-008 1.938346589664455e-008 1.928479681044638e-008 1.918684495661441e-008 1.908762388109968e-008 1.898721190033959e-008 1.888667219736169e-008 1.87848944967625e-008 1.868039452498998e-008 1.857378496466232e-008 1.846624233190342e-008 1.835582839306518e-008 1.824435554370887e-008 1.813304695428392e-008 1.801976605788192e-008 1.790723814458089e-008 1.779062047371263e-008 1.767874151768237e-008 1.756616611962094e-008 1.745248140499868e-008 1.736077266221748e-008 1.726772826189174e-008 1.7204790414116e-008 1.716104586951603e-008 1.714123729100854e-008 1.716078931318089e-008 1.722785925766485e-008 1.729914867640518e-008 1.738634122642049e-008 1.7488581658741e-008 1.759938804033176e-008 1.773186870244603e-008 1.785562022997757e-008 1.798267039340623e-008
1.924117702432175e-008 1.915218405050153e-008 1.906246782115952e-008 1.897163684501511e-008 1.887885673991965e-008 1.878318019361406e-008 1.86869840168392e-008 1.859045465040886e-008 1.849252822090593e-008 1.839329114428142e-008 1.829291745097616e-008 1.819321076293384e-008 1.80892482474775e-008 1.798510551272421e-008 1.787936106797514e-008 1.777065246290665e-008 1.766132903062209e-008 1.755055757543423e-008 1.743939852269767e-008 1.732760417763634e-008 1.721386442459073e-008 1.71026671504034e-008 1.699198110334522e-008 1.688153275078587e-008 1.67871072681895e-008 1.669855216502533e-008 1.663180049517661e-008 1.658869387398193e-008 1.657376562289237e-008 1.659338838843773e-008 1.665324477217405e-008 1.672792132368513e-008 1.681497876358718e-008 1.691939578706675e-008 1.703126555675985e-008 1.715797779446715e-008 1.728259524172256e-008 1.740731292595076e-008
1.862564274466782e-008 1.853924743213384e-008 1.845220750782188e-008 1.836270155691685e-008 1.82701959683125e-008 1.817705131112988e-008 1.808346964157926e-008 1.798933009793748e-008 1.789280958038957e-008 1.779272220934294e-008 1.769354922451715e-008 1.759425139155742e-008 1.749219022160215e-008 1.73906877534969e-008 1.728725595603244e-008 1.718157573186937e-008 1.707293593144761e-008 1.69641629040586e-008 1.68544778445145e-008 1.674317614778375e-008 1.663386650932939e-008 1.652133427585738e-008 1.641638012281159e-008 1.630700296838836e-008 1.621014773879097e-008 1.612728892511026e-008 1.60477098176252e-008 1.601020266825258e-008 1.599820891086927e-008 1.601703208568166e-008 1.607225376387478e-008 1.615369879624885e-008 1.623833239191184e-008 1.634853070161853e-008 1.64581601742468e-008 1.658142467667463e-008 1.670730147042674e-008 1.682822041357918e-008
1.800610396945196e-008 1.792114385442505e-008 1.78359126334154e-008 1.774828159224472e-008 1.765738513741813e-008 1.756684569371212e-008 1.747400798719608e-008 1.738230588923376e-008 1.728745282396928e-008 1.718998770072235e-008 1.709268261077919e-008 1.699410804497392e-008 1.689526708157664e-008 1.679536988732051e-008 1.669362768259483e-008 1.658921561272395e-008 1.648234245278615e-008 1.637600947928822e-008 1.626726886497462e-008 1.615887285655265e-008 1.60500504189544e-008 1.594062559562494e-008 1.583496517443657e-008 1.572920860353926e-008 1.563213482441934e-008 1.554623438225816e-008 1.54715120998125e-008 1.54255425219433e-008 1.54135902801557e-008 1.544207990680397e-008 1.549566997456852e-008 1.55752284386846e-008 1.566248912721306e-008 1.576898161132672e-008 1.58827706551869e-008 1.600191311343928e-008 1.612530538499043e-008 1.624451002299596e-008
1.737977249319013e-008 1.729743956562567e-008 1.721323853815319e-008 1.712718580070657e-008 1.703935266970727e-008 1.695037307865831e-008 1.685882854388921e-008 1.676850938701215e-008 1.667710555535705e-008 1.658348948081599e-008 1.648736134001555e-008 1.639086792662787e-008 1.629472964978365e-008 1.61980705456616e-008 1.609748575214531e-008 1.5992504088613e-008 1.58890150906217e-008 1.578399227091023e-008 1.567824166872187e-008 1.557190252770254e-008 1.546380792228722e-008 1.535916526939345e-008 1.52487229055597e-008 1.51512124753134e-008 1.505050065983451e-008 1.496570132058095e-008 1.489604299613463e-008 1.4827923506783e-008 1.48202521565853e-008 1.486713038991493e-008 1.491897742945711e-008 1.499440479262092e-008 1.508435271660772e-008 1.518503010126999e-008 1.530768531340168e-008 1.542041556583835e-008 1.554023797707391e-008 1.565833748625598e-008
1.675111956989393e-008 1.667078069701317e-008 1.658859049560912e-008 1.65042774863504e-008 1.64193045909389e-008 1.633191030302073e-008 1.6243530791724e-008 1.615472303654969e-008 1.606525536740978e-008 1.597374278245187e-008 1.587968048076136e-008 1.578625505411434e-008 1.569137117068312e-008 1.559684701909385e-008 1.549766766360723e-008 1.539639061520391e-008 1.529529298919471e-008 1.519234454303218e-008 1.508926252423546e-008 1.498433572818383e-008 1.487918352930781e-008 1.477473252086381e-008 1.466887685860252e-008 1.457003509763291e-008 1.447365661610369e-008 1.438841035387115e-008 1.43184228226395e-008 1.425919003996003e-008 1.42462752740564e-008 1.428359471225661e-008 1.434342178856233e-008 1.441692696615156e-008 1.450793441262378e-008 1.460752010200416e-008 1.472461814014442e-008 1.483848093768191e-008 1.495505038474751e-008 1.507231448029494e-008
1.61187424233881e-008 1.604000943700979e-008 1.595936398767688e-008 1.587786237297572e-008 1.579500174554389e-008 1.571057992537638e-008 1.562521548537469e-008 1.553820751315811e-008 1.545034157702743e-008 1.535960237759394e-008 1.526896550978304e-008 1.517828981940691e-008 1.508562152043765e-008 1.499172154062798e-008 1.489475242280975e-008 1.479813738614774e-008 1.469942470143237e-008 1.460014606296692e-008 1.449838537604922e-008 1.439669847488689e-008 1.429380617781743e-008 1.418989786288277e-008 1.409111510515735e-008 1.398644151740148e-008 1.390083771694985e-008 1.38104217229317e-008 1.374811496859342e-008 1.369548184595851e-008 1.366735804092189e-008 1.369834536007169e-008 1.377472774090721e-008 1.384107722071419e-008 1.393377282410897e-008 1.402845190744789e-008 1.414156064973152e-008 1.425700525545147e-008 1.43693798330465e-008 1.44850294256823e-008
1.548316640930467e-008 1.54062160020261e-008 1.532814972558759e-008 1.524946550557875e-008 1.516895032487361e-008 1.508770195502775e-008 1.500469420849856e-008 1.492009367284352e-008 1.483420832767853e-008 1.474674905575434e-008 1.465896652856133e-008 1.457025365588451e-008 1.448016588200866e-008 1.438813654670626e-008 1.429483185514901e-008 1.420069709659699e-008 1.410541421314642e-008 1.400901820730477e-008 1.391000633981748e-008 1.381061450749359e-008 1.371070867021967e-008 1.361029862428567e-008 1.351365019445545e-008 1.341350968617072e-008 1.33283384186827e-008 1.324479733201255e-008 1.318274752635839e-008 1.313677600173248e-008 1.311297615174005e-008 1.313990689550135e-008 1.320461473529108e-008 1.327234189887786e-008 1.336062040550016e-008 1.345504679555847e-008 1.356307682612488e-008 1.367556979818011e-008 1.378643613907098e-008 1.390018884885757e-008
1.484333999240662e-008 1.476783208218443e-008 1.469332017802725e-008 1.461742706053345e-008 1.454020081335039e-008 1.44623763373016e-008 1.43825108845601e-008 1.429908992745864e-008 1.421573038001952e-008 1.413250011321468e-008 1.404812438442834e-008 1.396167222674414e-008 1.387288646285438e-008 1.378429679158602e-008 1.369409305602175e-008 1.360296640002497e-008 1.35116578163826e-008 1.341910176360987e-008 1.332251934665246e-008 1.32247428750834e-008 1.312934037089293e-008 1.303266237892314e-008 1.294104780156444e-008 1.284177794716696e-008 1.27614172331197e-008 1.26826509172676e-008 1.262547520804212e-008 1.258555414622099e-008 1.256470862292213e-008 1.258426754906727e-008 1.264485127263422e-008 1.270598491638306e-008 1.279168875989496e-008 1.28827580274673e-008 1.298670370977213e-008 1.309627691744523e-008 1.320390019861033e-008 1.331647074537068e-008
1.420279758894758e-008 1.413053315440241e-008 1.405784228483795e-008 1.398472743670869e-008 1.391001979106265e-008 1.383456314182471e-008 1.375792927730098e-008 1.367797105708779e-008 1.35979916221296e-008 1.351716657110057e-008 1.343586469386717e-008 1.335250113194978e-008 1.326734976608836e-008 1.318146954395515e-008 1.309432188423056e-008 1.300595239187686e-008 1.291678460137943e-008 1.28272894529811e-008 1.27345837844222e-008 1.264069373926495e-008 1.254717960304806e-008 1.245417198063074e-008 1.236387464638951e-008 1.227231071109791e-008 1.219268636409253e-008 1.211969357766506e-008 1.206524130441774e-008 1.203060668445194e-008 1.201475657500923e-008 1.203518188470495e-008 1.208335212550413e-008 1.214176398675483e-008 1.221923170574999e-008 1.231035745323712e-008 1.241236760206557e-008 1.251715954902623e-008 1.262320462323918e-008 1.273153862980138e-008
1.356021906523422e-008 1.349131580059343e-008 1.342045198439438e-008 1.334908285701245e-008 1.327721951428064e-008 1.320356408656385e-008 1.313033899647147e-008 1.305567758247139e-008 1.297911077428902e-008 1.290059023985655e-008 1.282182051085075e-008 1.274294115112834e-008 1.266209475102995e-008 1.257870512635365e-008 1.249499183399165e-008 1.24088341378356e-008 1.232130422681404e-008 1.223449260248002e-008 1.21472157769848e-008 1.205853544086613e-008 1.196458038933899e-008 1.187673316973308e-008 1.178640870085657e-008 1.170383902170774e-008 1.1626084915619e-008 1.155576958866742e-008 1.150948704260994e-008 1.14762804333958e-008 1.146949739821008e-008 1.149057709397047e-008 1.152701545803791e-008 1.157913178412064e-008 1.164660277075944e-008 1.17378340950151e-008 1.184127954178599e-008 1.193880865989113e-008 1.204363012613632e-008 1.214665700052084e-008
