data/galIOV_gridfiles/galileo_iov_grids/galileo_iovY_q50w27.grd
DSAA
361 181
-180 180
-90 90
-3.597298042502E-008 3.6387678736424E-008
[rows 0 to 16 of 181, columns 0 to 38 of 361]
8.044619141713589e-014 8.044619141713589e-014 8.044619141713589e-014 8.044619141713589e-014 8.044619141713589e-014 8.044619141713589e-014 8.044619141713589e-014 8.044619141713589e-014 8.044619141713589e-014 8.044619141713589e-014 8.044619141713589e-014 8.044619141713589e-014 8.044619141713589e-014 8.044619141713589e-014 8.044619141713589e-014 8.044619141713589e-014 8.044619141713589e-014 8.044619141713589e-014 8.044619141713589e-014 8.044619141713589e-014 8.044619141713589e-014 8.044619141713589e-014 8.044619141713589e-014 8.044619141713589e-014 8.044619141713589e-014 8.044619141713589e-014 8.044619141713589e-014 8.044619141713589e-014 8.044619141713589e-014 8.044619141713589e-014 8.044619141713589e-014 8.044619141713589e-014 8.044619141713589e-014 8.044619141713589e-014 8.044619141713589e-014 8.044619141713589e-014 8.044619141713589e-014 8.044619141713589e-014 8.044619141713589e-014
-1.755307271605124e-010 -1.384433064973223e-010 -1.024127062950619e-010 -6.772197845681724e-011 -3.436913207281482e-011 -2.101510153877997e-012 2.9472412597389e-011 6.06426079977988e-011 9.122358441012708e-011 1.203091922369803e-010 1.464336534694984e-010 1.683371459959639e-010 1.859183261997479e-010 1.999992015213655e-010 2.114999869067458e-010 2.210420211356801e-010 2.290824978539372e-010 2.360379859967719e-010 2.423900774606921e-010 2.486707676749748e-010 2.55259166729977e-010 2.619593295232595e-010 2.679372174658259e-010 2.724157678251013e-010 2.752324100192347e-010 2.767267948831989e-010 2.773110076656014e-010 2.771921062249482e-010 2.763454841406427e-010 2.745574145187506e-010 2.716423278250311e-010 2.679326465560713e-010 2.644854287039811e-010 2.636268997968421e-010 2.689432349891377e-010 2.833700235969814e-010 3.058794140415009e-010 3.312792344754017e-010 3.543697425693743e-010
-1.688616303934194e-010 -1.224257489218915e-010 -7.708169059326904e-011 -3.320606931746973e-011 9.135235923177278e-012 5.0199654685665e-011 9.048503748571207e-011 1.304057560408706e-010 1.697564638284883e-010 2.075029257131943e-010 2.419301584047213e-010 2.719445728773259e-010 2.978611445223951e-010 3.208055945988025e-010 3.417166511560628e-010 3.61004781513353e-010 3.788532818867034e-010 3.955597168461662e-010 4.115815663134913e-010 4.27483022895927e-010 4.437355590347676e-010 4.601743311694449e-010 4.757885540835642e-010 4.897185030647968e-010 5.019904253491826e-010 5.130979894789439e-010 5.23485900578729e-010 5.333350971851772e-010 5.42540090812556e-010 5.50818535250048e-010 5.579669492188517e-010 5.641469302439551e-010 5.700094358284964e-010 5.77127575687134e-010 5.882660390492902e-010 6.06477687448334e-010 6.324497200913045e-010 6.627588597790597e-010 6.925150371137117e-010
-1.622623032432253e-010 -1.064677010210304e-010 -5.165941977085255e-011 1.59724743668837e-012 5.310020024678253e-011 1.031123206407227e-010 1.522638111163281e-010 2.011038393123664e-010 2.494374851692854e-010 2.9586261566428e-010 3.384327238384727e-010 3.763075074206898e-010 4.103534295866135e-010 4.421096274358266e-010 4.725488562908559e-010 5.017879777830363e-010 5.296497397224174e-010 5.562773729291573e-010 5.820918238718123e-010 6.076330328486128e-010 6.334365995005829e-010 6.594324769370426e-010 6.845801619482096e-010 7.080272092062974e-010 7.299115459304532e-010 7.507827437076525e-010 7.71087840835641e-010 7.90971733537388e-010 8.102389746976746e-010 8.285705731128545e-010 8.458224721488698e-010 8.620945538169528e-010 8.776808293060412e-010 8.934985719915526e-010 9.115888412700769e-010 9.347681992492481e-010 9.648632607069952e-010 1.000222392781223e-009 1.036581473488475e-009
-1.558005518847148e-010 -9.06839076752482e-011 -2.624405886045693e-011 3.665273484412161e-011 9.753905532096735e-011 1.566086919604943e-010 2.146940527683083e-010 2.726604356379446e-010 3.302193276639363e-010 3.854239027677199e-010 4.360582623044993e-010 4.816161609535386e-010 5.236069502738189e-010 5.640213756980254e-010 6.039441415934383e-010 6.432662156981811e-010 6.813291392857834e-010 7.180506610177383e-010 7.538070248480853e-010 7.890082147043849e-010 8.241797596405879e-010 8.595039511657646e-010 8.941921068280959e-010 9.273979207995073e-010 9.59177234395711e-010 9.900141034103882e-010 1.020342672940591e-009 1.050315371291943e-009 1.079664683264753e-009 1.108052513228463e-009 1.135402551413642e-009 1.16179107416936e-009 1.187353628623441e-009 1.212573001493421e-009 1.238676943489614e-009 1.267978941136071e-009 1.302891930528308e-009 1.343361131471311e-009 1.386120170061189e-009
-1.493489976626642e-010 -7.513856330441228e-011 -9.583212171206222e-013 7.187160308719832e-011 1.423794800864165e-010 2.105923118919249e-010 2.777033186335078e-010 3.451227421151128e-010 4.122786357397944e-010 4.763334799613698e-010 5.348595632449841e-010 5.879230303243808e-010 6.377859417240372e-010 6.867868818708052e-010 7.359959052587023e-010 7.852785160648375e-010 8.33630659179747e-010 8.805850219683849e-010 9.263595965492327e-010 9.711707336701965e-010 1.015558408838613e-009 1.060177125911008e-009 1.104661410476124e-009 1.147997411506907e-009 1.189964440696804e-009 1.230943946028922e-009 1.271349774224241e-009 1.311419038933315e-009 1.35087236660031e-009 1.389376923881211e-009 1.426917315086991e-009 1.463526391739464e-009 1.499239157906636e-009 1.534252067215051e-009 1.569228987510419e-009 1.60580900947565e-009 1.646379542143367e-009 1.692157374284101e-009 1.74117204462812e-009
-1.426642474642479e-010 -6.002180224342929e-011 2.37161217826755e-011 1.067336813607667e-010 1.87207701862316e-010 2.647757617205007e-010 3.41179114730817e-010 4.187189795509178e-010 4.960049131323706e-010 5.68871271561874e-010 6.349999108341009e-010 6.952204823366203e-010 7.528284166973818e-010 8.106052633787153e-010 8.692043951920249e-010 9.281532597071437e-010 9.865104786891367e-010 1.04357581917304e-009 1.099210061359227e-009 1.153484704442303e-009 1.207195176180528e-009 1.261409022624654e-009 1.316045877947617e-009 1.369865367917498e-009 1.422270265925075e-009 1.473525467307903e-009 1.523999120958895e-009 1.574163886587609e-009 1.623858958849546e-009 1.67266724112262e-009 1.720485319054988e-009 1.767337080206717e-009 1.81331369094657e-009 1.858439980178844e-009 1.902955740888956e-009 1.947853625017754e-009 1.995105803759159e-009 2.046583046802878e-009 2.101736926339743e-009
-1.352360372275642e-010 -4.548290475822853e-011 4.685586270014639e-011 1.39916976737326e-010 2.308628687595881e-010 3.18413481543239e-010 4.051459989650454e-010 4.942508846718932e-010 5.821185602246967e-010 6.63481438618822e-010 7.367988889272201e-010 8.036469189324514e-010 8.687428756893969e-010 9.356391650534493e-010 1.004240486034972e-009 1.07310913406414e-009 1.141022068714808e-009 1.20747258939491e-009 1.272355381504012e-009 1.335959344711871e-009 1.399363290400904e-009 1.46349883531986e-009 1.528334108284249e-009 1.592709631250242e-009 1.655705002202311e-009 1.717295608434472e-009 1.777931555015041e-009 1.838467702305142e-009 1.898739387641161e-009 1.958052343045763e-009 2.016131346422613e-009 2.07313175737205e-009 2.12950725262019e-009 2.185084447111955e-009 2.239667273420584e-009 2.293784280998045e-009 2.348860371650547e-009 2.40676512670736e-009 2.468084682793016e-009
-1.258506991978405e-010 -3.093140101915793e-011 6.7648507501559e-011 1.689673165888732e-010 2.702335965802425e-010 3.695046327562102e-010 4.697273876194695e-010 5.72545902724829e-010 6.708777369618259e-010 7.602681283306567e-010 8.405610203040151e-010 9.137631954130323e-010 9.861756970041337e-010 1.062296904657531e-009 1.141146519108054e-009 1.220096826325395e-009 1.297411993775431e-009 1.372707522792044e-009 1.446424458535591e-009 1.519526030074199e-009 1.593035423848046e-009 1.667235791312464e-009 1.741903511110569e-009 1.816292050687346e-009 1.889630281585153e-009 1.961693508963742e-009 2.033016262516393e-009 2.104408907335689e-009 2.175463869634883e-009 2.245369411381711e-009 2.313592313116018e-009 2.38070704948663e-009 2.447836463558671e-009 2.514077360166091e-009 2.578957200173381e-009 2.643004142773259e-009 2.707086947237316e-009 2.772515789689653e-009 2.840415742471192e-009
-1.130238698154884e-010 -1.461130455789515e-011 8.711736431044641e-011 1.929328876472837e-010 3.024918368850305e-010 4.156353334122637e-010 5.334211115575062e-010 6.515488756192335e-010 7.60068816360394e-010 8.574940967839039e-010 9.451481677445402e-010 1.025607910845449e-009 1.106148133441809e-009 1.191297575256014e-009 1.279656075241685e-009 1.36805920983792e-009 1.454572474399778e-009 1.538898644264825e-009 1.621888298358745e-009 1.705111411299109e-009 1.789166881148058e-009 1.873620258775774e-009 1.957923557210381e-009 2.041621303836751e-009 2.124693500137369e-009 2.207288804015392e-009 2.289614801417778e-009 2.371842635009991e-009 2.453518977081934e-009 2.533836195587746e-009 2.61216418835129e-009 2.690105783985404e-009 2.768479299379731e-009 2.845314210364481e-009 2.920443832459496e-009 2.99499846937e-009 3.069187744088772e-009 3.14337835188123e-009 3.218656783893686e-009
-9.617856636231781e-011 5.581360579683481e-012 1.085814471944501e-010 2.158262720141134e-010 3.30499107006995e-010 4.560286377366752e-010 5.921398764598406e-010 7.261446264451031e-010 8.449334998929299e-010 9.510167957505996e-010 1.046946586022637e-009 1.13675683139572e-009 1.227199785817489e-009 1.321699608953028e-009 1.418771534046693e-009 1.516091005644808e-009 1.612151656379608e-009 1.706223643500773e-009 1.799218750231006e-009 1.892931583300939e-009 1.987651694558418e-009 2.082457958414089e-009 2.176441424966078e-009 2.269432217067006e-009 2.362276949772459e-009 2.455367191880649e-009 2.548365152928951e-009 2.640935635773507e-009 2.732796010434252e-009 2.823367536403389e-009 2.912555127680293e-009 3.001863392249569e-009 3.091165329184149e-009 3.178207818996274e-009 3.263782064000323e-009 3.349612471546135e-009 3.434722598285305e-009 3.518790920447537e-009 3.602523089156172e-009
-7.586133017083365e-011 3.130684666088656e-011 1.352716953251181e-010 2.424119828432912e-010 3.602767414101514e-010 4.936959279608526e-010 6.434059271327513e-010 7.910648748350004e-010 9.209940759213158e-010 1.036695410616888e-009 1.142995132600139e-009 1.244970114917602e-009 1.346336427892914e-009 1.450262199156758e-009 1.556914073236907e-009 1.664498271580564e-009 1.770863805350509e-009 1.875179596577891e-009 1.978681826001203e-009 2.0827692113977e-009 2.187794076127604e-009 2.292750942583273e-009 2.396454008277538e-009 2.499339520623243e-009 2.602722930220362e-009 2.70660378911447e-009 2.810174602080198e-009 2.912878820978146e-009 3.014784068766369e-009 3.115755626862481e-009 3.215855884718898e-009 3.315712826575941e-009 3.415026390321415e-009 3.512252884342711e-009 3.609483294928475e-009 3.70702141773063e-009 3.803358419457768e-009 3.898002439698123e-009 3.991251392856127e-009
-5.469959314940691e-011 6.299136825689588e-011 1.708748039009979e-010 2.771327320258039e-010 3.993501146534007e-010 5.405375898416143e-010 6.978256543803155e-010 8.517443314709705e-010 9.899982692860127e-010 1.115908596697242e-009 1.23583673163456e-009 1.352271256973226e-009 1.465159967321596e-009 1.57884652581309e-009 1.695933510949538e-009 1.814164551117746e-009 1.930758254886861e-009 2.045457082036173e-009 2.160029597032502e-009 2.274725864482652e-009 2.3896152839976e-009 2.50433390634051e-009 2.618049354145553e-009 2.731464908520243e-009 2.845672782344529e-009 2.960515275209123e-009 3.075012554233081e-009 3.1883110134191e-009 3.300628200210691e-009 3.411957364562169e-009 3.522443735340731e-009 3.6324400454734e-009 3.741813557290135e-009 3.850113553239878e-009 3.958355351183948e-009 4.067398195278842e-009 4.1750941171935e-009 4.280464434526291e-009 4.383913223099826e-009
-3.847254639294801e-011 9.41659915317879e-011 2.153572640267266e-010 3.276211407006168e-010 4.561090896359526e-010 6.060771463697206e-010 7.674456587714843e-010 9.223129194639038e-010 1.065034409887583e-009 1.19936158644694e-009 1.331878389741592e-009 1.461491802686178e-009 1.585990719636979e-009 1.710044669919074e-009 1.836913920109947e-009 1.964875737304127e-009 2.091169404800197e-009 2.216371573152674e-009 2.342334766792359e-009 2.468250927086383e-009 2.593429997270491e-009 2.718091245703058e-009 2.842104489631498e-009 2.966125560118737e-009 3.091056348604921e-009 3.216933844566862e-009 3.342375702706789e-009 3.466534029545505e-009 3.589786602870981e-009 3.711871048100016e-009 3.832863768584582e-009 3.953243135529362e-009 4.073210806795054e-009 4.192563141610394e-009 4.312191851461952e-009 4.43285255187519e-009 4.55030086888092e-009 4.66575373893309e-009 4.779592869952977e-009
-3.159709576492329e-011 1.131072727393676e-010 2.505712889995291e-010 3.837323785680472e-010 5.298921241632294e-010 6.899676806637746e-010 8.499881971523822e-010 1.001423669333982e-009 1.146278268129465e-009 1.288602867143147e-009 1.431696170140604e-009 1.57188901963513e-009 1.707292011722002e-009 1.842815300002313e-009 1.979435371490758e-009 2.116299292720915e-009 2.252180246482705e-009 2.387986569289159e-009 2.524947817022752e-009 2.662053385134364e-009 2.798427037109978e-009 2.934112387202458e-009 3.06892063284477e-009 3.203551097835807e-009 3.339118702897299e-009 3.475457106723794e-009 3.611145576104359e-009 3.746209732732299e-009 3.881054204126517e-009 4.014537244814575e-009 4.146617150629966e-009 4.277822110717024e-009 4.408677480491972e-009 4.53941587567922e-009 4.670379615488072e-009 4.799960970306913e-009 4.927259864383626e-009 5.053134886376785e-009 5.177597424000369e-009
-3.197843423017948e-011 1.221937288805784e-010 2.731363191502054e-010 4.283275146294706e-010 5.985026922714803e-010 7.742241046866347e-010 9.351645619148559e-010 1.083609245611139e-009 1.230671498189269e-009 1.380515973089604e-009 1.532570746563643e-009 1.681340327528133e-009 1.826715208791508e-009 1.974150759454041e-009 2.12179681330413e-009 2.268388531131699e-009 2.414392621946519e-009 2.56076479130733e-009 2.708271803970483e-009 2.856341760410852e-009 3.004289637649837e-009 3.151468911378051e-009 3.297523183946317e-009 3.443022640562364e-009 3.588996684084805e-009 3.735504732776822e-009 3.881806049595514e-009 4.028515580439816e-009 4.174827486279366e-009 4.319249111552915e-009 4.462630105526042e-009 4.605203850645386e-009 4.7472490035861e-009 4.888758917535383e-009 5.029411820632429e-009 5.168843700872459e-009 5.306592493077385e-009 5.442700499204913e-009 5.577759994676726e-009
-3.597208980048813e-011 1.280876127342864e-010 2.921347924600475e-010 4.637214708677107e-010 6.512453337723642e-010 8.401540623320736e-010 1.008859259655584e-009 1.160814464431222e-009 1.315641640294071e-009 1.474500764294811e-009 1.633768612297951e-009 1.7902671369323e-009 1.945922234902147e-009 2.10466909858122e-009 2.263282811438202e-009 2.42059576050472e-009 2.577594821925258e-009 2.734715478740583e-009 2.892725764038058e-009 3.05147385071625e-009 3.210358369829521e-009 3.368741661956764e-009 3.526346754990308e-009 3.683402817468547e-009 3.840403671819329e-009 3.997800859183858e-009 4.155480040153186e-009 4.313059585101247e-009 4.469345126654611e-009 4.62504144116066e-009 4.780050694270166e-009 4.934395229565649e-009 5.087908704572556e-009 5.240229575687539e-009 5.391093158833728e-009 5.540682572905521e-009 5.68817728854113e-009 5.834324948840012e-009 5.979969088119216e-009
