data/galIOV_gridfiles/galileo_iov_grids/galileo_iovX_q23w15.grd
DSAA
361 181
-180 180
-90 90
-2.4253665320699E-008 2.4131186943776E-008
[rows 68 to 84 of 181, columns 195 to 233 of 361]
-2.284780539045315e-008 -2.297028509204172e-008 -2.308044571455716e-008 -2.317636687912716e-008 -2.325861432635306e-008 -2.332926129229918e-008 -2.338738818220728e-008 -2.343523594149267e-008 -2.347222684121945e-008 -2.349500541317307e-008 -2.35010577300444e-008 -2.349317744802349e-008 -2.347434350127765e-008 -2.344313364509404e-008 -2.339732540420887e-008 -2.333576106020678e-008 -2.326326071405865e-008 -2.317677367306909e-008 -2.307422201470502e-008 -2.295440947076086e-008 -2.282210505610029e-008 -2.26787307722513e-008 -2.251961026794659e-008 -2.234227262309424e-008 -2.214875030777909e-008 -2.194261042602614e-008 -2.172293304294505e-008 -2.149105485793824e-008 -2.124884487997476e-008 -2.099453809568617e-008 -2.072523080668111e-008 -2.044279904546033e-008 -2.015030435697866e-008 -1.984356958346016e-008 -1.952563592367524e-008 -1.91948646108701e-008 -1.885063638066999e-008 -1.849616055025215e-008 -1.813368011299387e-008
-2.281695149341352e-008 -2.294495526064959e-008 -2.306001064043157e-008 -2.31591086974079e-008 -2.324406021078568e-008 -2.331778745541905e-008 -2.337811570743605e-008 -2.342884733759407e-008 -2.347124460222645e-008 -2.349700200004407e-008 -2.350589969087483e-008 -2.350128555215992e-008 -2.348518855824499e-008 -2.345556879381206e-008 -2.341116207407069e-008 -2.335085485189094e-008 -2.328024160572297e-008 -2.319915892184097e-008 -2.309875040867234e-008 -2.297808052746823e-008 -2.284621132985655e-008 -2.27076075143837e-008 -2.2551763848608e-008 -2.237469384238342e-008 -2.218253351819032e-008 -2.197864859345914e-008 -2.176067525923634e-008 -2.153080461645459e-008 -2.128780621966163e-008 -2.103288789582396e-008 -2.076307707640113e-008 -2.048125613310142e-008 -2.019021693063269e-008 -1.988557570381603e-008 -1.95689028575562e-008 -1.92408127564735e-008 -1.889825817646108e-008 -1.854101459267646e-008 -1.817761417569791e-008
-2.277310244212563e-008 -2.290497118796336e-008 -2.302360712278178e-008 -2.312648461448902e-008 -2.321490435039623e-008 -2.329143640421444e-008 -2.335550118147411e-008 -2.340981772601814e-008 -2.345562193637556e-008 -2.348548854314383e-008 -2.349885027609659e-008 -2.349783870751713e-008 -2.348340707564451e-008 -2.345534379340683e-008 -2.341394418834929e-008 -2.335889391837133e-008 -2.329003408117058e-008 -2.320782903233714e-008 -2.310955809334874e-008 -2.29952035193378e-008 -2.2866210661375e-008 -2.272350055208906e-008 -2.256587846448194e-008 -2.239194072498e-008 -2.220294447853823e-008 -2.200141712788531e-008 -2.178640803914425e-008 -2.155753990461153e-008 -2.131533624594887e-008 -2.106135799481265e-008 -2.079548678661485e-008 -2.051562830100411e-008 -2.022233034227817e-008 -1.991768875364721e-008 -1.960117416692241e-008 -1.927256940145858e-008 -1.893223087291725e-008 -1.85794068274257e-008 -1.821492227057315e-008
-2.271567365699414e-008 -2.285115783135873e-008 -2.297368653259455e-008 -2.308093748879244e-008 -2.317199969984529e-008 -2.325317742316621e-008 -2.332014126829336e-008 -2.337741541880412e-008 -2.342882933544367e-008 -2.346136858357009e-008 -2.347824829750726e-008 -2.348106798469944e-008 -2.346849640994083e-008 -2.344223010312687e-008 -2.340462716888381e-008 -2.335427446682282e-008 -2.328706107423989e-008 -2.32045001738258e-008 -2.310827419586804e-008 -2.299940279077549e-008 -2.287316914211487e-008 -2.27274848314748e-008 -2.256883401911075e-008 -2.239770243012377e-008 -2.221087467494519e-008 -2.201179211951263e-008 -2.179921249594815e-008 -2.157145646419985e-008 -2.132969706995238e-008 -2.107755058173445e-008 -2.081521992696378e-008 -2.053771833622505e-008 -2.024282840144812e-008 -1.993902209139305e-008 -1.962345537477959e-008 -1.929494130318732e-008 -1.895662869464853e-008 -1.86059337962535e-008 -1.824180840988571e-008
-2.264545273968717e-008 -2.27854640686952e-008 -2.291311290494369e-008 -2.302453021142173e-008 -2.312036774540497e-008 -2.320571955109067e-008 -2.327969389103048e-008 -2.33412242579753e-008 -2.339104710157012e-008 -2.342532935262985e-008 -2.34436770039173e-008 -2.344830334559775e-008 -2.344010233198936e-008 -2.341852609644622e-008 -2.33835525312034e-008 -2.333485414907942e-008 -2.326975100992534e-008 -2.318903172638927e-008 -2.309520366297092e-008 -2.298861455683598e-008 -2.28641000971862e-008 -2.272126526585714e-008 -2.256459493273124e-008 -2.239503376417318e-008 -2.221087400467458e-008 -2.201101191980631e-008 -2.17975127751569e-008 -2.157068600769236e-008 -2.133050561309047e-008 -2.108026203558433e-008 -2.081855456954037e-008 -2.054248663734401e-008 -2.025132226173559e-008 -1.994979616209241e-008 -1.963862352024824e-008 -1.931279012975111e-008 -1.897194700902964e-008 -1.862023241849138e-008 -1.825823047447904e-008
-2.256219109061053e-008 -2.27064523787283e-008 -2.284085745908521e-008 -2.295612033759009e-008 -2.305556399093351e-008 -2.314523349079008e-008 -2.322713533179742e-008 -2.329227962900886e-008 -2.334052516332321e-008 -2.337650418851304e-008 -2.33954720367642e-008 -2.340208003784663e-008 -2.339876408672594e-008 -2.338164396047359e-008 -2.334865221885249e-008 -2.330245786813841e-008 -2.323949988156165e-008 -2.315992546369777e-008 -2.306785919149894e-008 -2.29645659052025e-008 -2.284214920859629e-008 -2.27008072592755e-008 -2.254671083969836e-008 -2.237956337331716e-008 -2.219742151053321e-008 -2.199646716734134e-008 -2.178292492214195e-008 -2.155718662643808e-008 -2.13182952177508e-008 -2.107005117815808e-008 -2.081024035125974e-008 -2.053590449534594e-008 -2.024698299063771e-008 -1.994795188693848e-008 -1.964120998201451e-008 -1.931791469995239e-008 -1.897518089149041e-008 -1.862329966072109e-008 -1.826314162957036e-008
-2.246775959387865e-008 -2.261509088386866e-008 -2.275060310792192e-008 -2.287080670752027e-008 -2.297590476985623e-008 -2.306903201100839e-008 -2.315033436488912e-008 -2.321958286541483e-008 -2.327282018757889e-008 -2.331171472990539e-008 -2.333399478014354e-008 -2.33450167906049e-008 -2.334484591609206e-008 -2.332970050655419e-008 -2.329809643998925e-008 -2.325312997634721e-008 -2.319472719984481e-008 -2.311962232195114e-008 -2.302767521286047e-008 -2.292168501479444e-008 -2.280250889544822e-008 -2.266558383859517e-008 -2.251373195212012e-008 -2.234690905375778e-008 -2.216529446338563e-008 -2.196598626061011e-008 -2.175483726149462e-008 -2.153088256995419e-008 -2.129530214268443e-008 -2.104902852783634e-008 -2.079026163201958e-008 -2.051740204491166e-008 -2.023156001598455e-008 -1.993412624488665e-008 -1.962524513521876e-008 -1.930443020161592e-008 -1.896717839262749e-008 -1.861601631577014e-008 -1.825270523523873e-008
-2.236210466957394e-008 -2.251221170436399e-008 -2.264843042335369e-008 -2.277230432071985e-008 -2.28834237542039e-008 -2.29781404050132e-008 -2.306001940314259e-008 -2.313158234852705e-008 -2.319201232124637e-008 -2.323413765700781e-008 -2.326012101985253e-008 -2.327522708117419e-008 -2.327959489747094e-008 -2.326607624731188e-008 -2.323461368788899e-008 -2.319067078571504e-008 -2.313771663572532e-008 -2.306681613298724e-008 -2.297425980368281e-008 -2.286722416202063e-008 -2.275050282888146e-008 -2.261737461439869e-008 -2.246672548043277e-008 -2.230127566084842e-008 -2.212086772733792e-008 -2.192271988853604e-008 -2.17135569514289e-008 -2.149217164704965e-008 -2.125942594208469e-008 -2.101558499439324e-008 -2.075896440033303e-008 -2.048767611935952e-008 -2.020446727121457e-008 -1.990797458382835e-008 -1.959984276668329e-008 -1.928048143587302e-008 -1.894783218753311e-008 -1.859800118987037e-008 -1.823388870217134e-008
-2.224894268683017e-008 -2.240057294078754e-008 -2.253810980889615e-008 -2.266127876921188e-008 -2.277690289695744e-008 -2.287375349255138e-008 -2.296095673264805e-008 -2.30329273915816e-008 -2.309721762922792e-008 -2.314243053008553e-008 -2.317602947482488e-008 -2.319591054871621e-008 -2.320149046036044e-008 -2.319027464031942e-008 -2.316229103292935e-008 -2.312014212292484e-008 -2.306617804655471e-008 -2.299773957021712e-008 -2.291030000331978e-008 -2.28080380541817e-008 -2.26914105844997e-008 -2.2555466864995e-008 -2.240508858074958e-008 -2.224479323779282e-008 -2.20676531363079e-008 -2.186903722443037e-008 -2.165786395958072e-008 -2.143888755479463e-008 -2.120782334964903e-008 -2.096765779748432e-008 -2.07147822321466e-008 -2.044667408354e-008 -2.016441353790212e-008 -1.987046237882012e-008 -1.95646193974996e-008 -1.924636524771648e-008 -1.891590718952834e-008 -1.856928426170549e-008 -1.820780487615175e-008
-2.213069865873813e-008 -2.228432448073988e-008 -2.241897497791087e-008 -2.254440763163037e-008 -2.266198138712846e-008 -2.276417031041639e-008 -2.285398914035483e-008 -2.292883270232654e-008 -2.299526941459807e-008 -2.304467678582381e-008 -2.30828343883619e-008 -2.310807240982884e-008 -2.311419019283976e-008 -2.31054979028846e-008 -2.308001958777251e-008 -2.303873285761629e-008 -2.298457333201344e-008 -2.291847500409286e-008 -2.283452616869212e-008 -2.273794365722181e-008 -2.262139774528276e-008 -2.248122528301773e-008 -2.233169834222404e-008 -2.217631967254403e-008 -2.200324752504584e-008 -2.180299799412195e-008 -2.159222274401573e-008 -2.137579430064236e-008 -2.114724199336943e-008 -2.090964594009661e-008 -2.066167837364001e-008 -2.03966104346415e-008 -2.011580374992167e-008 -1.982498052392589e-008 -1.952132078524618e-008 -1.920518469490711e-008 -1.887714120864496e-008 -1.853424595856514e-008 -1.817423133521512e-008
-2.201273180608984e-008 -2.216654188696576e-008 -2.230445600966217e-008 -2.243240372649372e-008 -2.255235111508776e-008 -2.265800013577211e-008 -2.275318867093657e-008 -2.283151749994774e-008 -2.290067062839075e-008 -2.295119258992806e-008 -2.298808110648984e-008 -2.301167502184247e-008 -2.301991472866394e-008 -2.301225986610889e-008 -2.298821928899041e-008 -2.294864083796395e-008 -2.28951862220511e-008 -2.282819480191937e-008 -2.274852971150853e-008 -2.265216275937237e-008 -2.253494172363452e-008 -2.239747758569976e-008 -2.225039759314719e-008 -2.209160984162597e-008 -2.191876911809416e-008 -2.172354423985348e-008 -2.151986493275672e-008 -2.130742841967639e-008 -2.108184144552676e-008 -2.084456897001184e-008 -2.059743946827858e-008 -2.033782735567497e-008 -2.006274155009246e-008 -1.977362201470576e-008 -1.947242383501919e-008 -1.915869752512078e-008 -1.883243621579202e-008 -1.849317422448157e-008 -1.814000000450292e-008
-2.189217239021946e-008 -2.204636320687122e-008 -2.218504351677099e-008 -2.231708294634809e-008 -2.243947138306685e-008 -2.254828914668104e-008 -2.264798849846736e-008 -2.2730590885648e-008 -2.280154935335403e-008 -2.285375781703645e-008 -2.288591982513783e-008 -2.290859742106571e-008 -2.291894047445608e-008 -2.291184965437794e-008 -2.288896031523373e-008 -2.285063111058819e-008 -2.279722965150071e-008 -2.272973405150337e-008 -2.265296086655197e-008 -2.255783150161726e-008 -2.243874164305521e-008 -2.230332724609112e-008 -2.21578614235617e-008 -2.199965915002945e-008 -2.182677280100139e-008 -2.163632921694699e-008 -2.143796100524774e-008 -2.123081125663474e-008 -2.10080163332574e-008 -2.07709681392671e-008 -2.052578407963113e-008 -2.027217113248369e-008 -2.000140959823778e-008 -1.971470819574658e-008 -1.941594287581019e-008 -1.910523992896395e-008 -1.878016863029651e-008 -1.844483214368421e-008 -1.809434931561388e-008
-2.176082957236022e-008 -2.191840924725152e-008 -2.206173173493547e-008 -2.219486269445512e-008 -2.231728605664665e-008 -2.242892050509999e-008 -2.252956351557767e-008 -2.26162890234489e-008 -2.26892595284041e-008 -2.274196185263302e-008 -2.277580069233882e-008 -2.280044331572964e-008 -2.281499099625957e-008 -2.280868400418442e-008 -2.278437931277916e-008 -2.274602789595967e-008 -2.269378884043664e-008 -2.262777571392325e-008 -2.2550376578728e-008 -2.245377653614691e-008 -2.233340877099244e-008 -2.219969383759207e-008 -2.20562809138153e-008 -2.190042047713901e-008 -2.173205589103907e-008 -2.154915421593364e-008 -2.135073579183208e-008 -2.114116054931934e-008 -2.092202071103013e-008 -2.069083619057901e-008 -2.044977250705742e-008 -2.019857180479008e-008 -1.993139901514677e-008 -1.965022482389505e-008 -1.935439149897461e-008 -1.904715122213619e-008 -1.872364780393125e-008 -1.838690835438082e-008 -1.803600639815782e-008
-2.162132742533984e-008 -2.178272075295433e-008 -2.193068061505913e-008 -2.206414191088464e-008 -2.218672221898341e-008 -2.230046266822553e-008 -2.240240367471189e-008 -2.249223372418006e-008 -2.256916574862439e-008 -2.262306689108648e-008 -2.265558546522708e-008 -2.268237612216854e-008 -2.270351659568525e-008 -2.269811813275985e-008 -2.267013294508022e-008 -2.263347997970581e-008 -2.25821766523802e-008 -2.251688443974987e-008 -2.244042956918504e-008 -2.234353480777344e-008 -2.222014997238038e-008 -2.208816759626672e-008 -2.19481569398374e-008 -2.179395506598472e-008 -2.163058901295855e-008 -2.145304085279539e-008 -2.125440117720544e-008 -2.104425513437344e-008 -2.082847970977393e-008 -2.060207413489169e-008 -2.036525513600026e-008 -2.011711732028617e-008 -1.985264781374991e-008 -1.957481985124917e-008 -1.928158822924928e-008 -1.897685212372638e-008 -1.865548289737927e-008 -1.831806656739375e-008 -1.796901078376166e-008
-2.147321215741348e-008 -2.16360302556176e-008 -2.178524075547849e-008 -2.192041674292278e-008 -2.204551767089057e-008 -2.216257644981393e-008 -2.226794474231162e-008 -2.236091547362931e-008 -2.243830454979198e-008 -2.249443039945384e-008 -2.253232614871138e-008 -2.255769782348526e-008 -2.257153318037191e-008 -2.256866062855411e-008 -2.254693835991932e-008 -2.251168206907038e-008 -2.246239340103678e-008 -2.23980685851941e-008 -2.231956005812167e-008 -2.222254414689085e-008 -2.210492526770479e-008 -2.197552584521406e-008 -2.183654365257185e-008 -2.168364709914611e-008 -2.151847306700053e-008 -2.134111560100907e-008 -2.114828481939672e-008 -2.094333143434177e-008 -2.072856286450195e-008 -2.050513047832949e-008 -2.02744982668674e-008 -2.002888176128514e-008 -1.976497562131387e-008 -1.948689425615862e-008 -1.919403654929271e-008 -1.888762713937183e-008 -1.856997917582506e-008 -1.823674818662169e-008 -1.789099569278434e-008
-2.131494283004288e-008 -2.147781154957078e-008 -2.162922256386502e-008 -2.176403098714538e-008 -2.189333788906939e-008 -2.201505325730976e-008 -2.212448124049264e-008 -2.222159154344597e-008 -2.229970419379411e-008 -2.235779805963385e-008 -2.239915592307843e-008 -2.24212335188663e-008 -2.243047611714932e-008 -2.242889918819245e-008 -2.241306627275571e-008 -2.238042144337404e-008 -2.233342961286264e-008 -2.227083564180089e-008 -2.219149614414603e-008 -2.209512649987677e-008 -2.198077100072736e-008 -2.185424694733311e-008 -2.171655512699209e-008 -2.156479905217046e-008 -2.139772823054932e-008 -2.122160075784178e-008 -2.103385514271928e-008 -2.083323386448513e-008 -2.061978065994725e-008 -2.039855324045564e-008 -2.017398366643558e-008 -1.993064903281281e-008 -1.96660734020212e-008 -1.938947556355852e-008 -1.909595898259103e-008 -1.879092316568996e-008 -1.847616513793427e-008 -1.814654249575417e-008 -1.780379440761623e-008
-2.114074627145868e-008 -2.130444868363851e-008 -2.14560955733416e-008 -2.159207333096465e-008 -2.172887240098064e-008 -2.185412074289936e-008 -2.197207108074865e-008 -2.207375032074934e-008 -2.215243237853379e-008 -2.220941786982553e-008 -2.225001455436313e-008 -2.226985735582564e-008 -2.228240500220548e-008 -2.228089970886269e-008 -2.226765036939288e-008 -2.223736414410546e-008 -2.219416088044274e-008 -2.213610334111926e-008 -2.20578953856818e-008 -2.196063236834294e-008 -2.184775846184221e-008 -2.172027953398521e-008 -2.158215663366881e-008 -2.143181072901382e-008 -2.126922230028693e-008 -2.109708766132978e-008 -2.091155652703355e-008 -2.071124344431568e-008 -2.050071183408486e-008 -2.028459046338919e-008 -2.005750873611206e-008 -1.98151583279065e-008 -1.955315962603027e-008 -1.927934937189787e-008 -1.898903124180281e-008 -1.868989810255594e-008 -1.837766846929925e-008 -1.804830632237941e-008 -1.770420263086156e-008
