data/galIOV_gridfiles/galileo_iov_grids/galileo_iovY_q50w27.grd
DSAA
361 181
-180 180
-90 90
-3.597298042502E-008 3.6387678736424E-008
[rows 119 to 135 of 181, columns 78 to 116 of 361]
3.426361181997373e-008 3.433851596040092e-008 3.439719952343399e-008 3.443705997968614e-008 3.44612739123933e-008 3.447716970804531e-008 3.448037807315568e-008 3.447498139065225e-008 3.445494547396059e-008 3.442915289096933e-008 3.439677343624652e-008 3.435573800798226e-008 3.43619948817611e-008 3.441316109578703e-008 3.447028858669869e-008 3.453561834668637e-008 3.460158987559632e-008 3.463956701314557e-008 3.466309484418295e-008 3.467429855100117e-008 3.467702813564452e-008 3.466234415944086e-008 3.462893933574695e-008 3.457804539366796e-008 3.451200056052242e-008 3.442980492159228e-008 3.433172472349836e-008 3.421514147648874e-008 3.408384248448005e-008 3.394170733435339e-008 3.378471770868068e-008 3.361258330597317e-008 3.342680066103234e-008 3.322411353324851e-008 3.300843743013472e-008 3.277776525067538e-008 3.252889241230154e-008 3.226154490574792e-008 3.198095613531159e-008
3.398956522215909e-008 3.406442536665714e-008 3.412549586126049e-008 3.416434901151065e-008 3.418920132617923e-008 3.420670829963347e-008 3.421168398528061e-008 3.420892166488495e-008 3.419002191156649e-008 3.416542275907107e-008 3.413609191850879e-008 3.408662191415402e-008 3.409214917790089e-008 3.414968337951818e-008 3.42082594144836e-008 3.426878013270663e-008 3.433649515309403e-008 3.437086849926078e-008 3.439104586267653e-008 3.440023607779835e-008 3.440045360632339e-008 3.438687391414824e-008 3.435071054357944e-008 3.4300685282868e-008 3.42348881555535e-008 3.41532456339451e-008 3.40561650335922e-008 3.393875578122392e-008 3.380813649295046e-008 3.366516156976833e-008 3.350956217766571e-008 3.333857393648849e-008 3.315303625285594e-008 3.295336123973181e-008 3.273752190939868e-008 3.251056260999801e-008 3.226208552446062e-008 3.19968408606104e-008 3.171970504520673e-008
3.369626497568309e-008 3.376997910346289e-008 3.382709412980438e-008 3.386916533859941e-008 3.38934400883393e-008 3.391175221501419e-008 3.392400521361228e-008 3.3924611101682e-008 3.39082926559587e-008 3.388263684326877e-008 3.385614706262064e-008 3.380346964116867e-008 3.379624365775542e-008 3.385346998374827e-008 3.392373481451855e-008 3.397874015375442e-008 3.404301630299007e-008 3.408022372530991e-008 3.409919439568297e-008 3.410443474383663e-008 3.410155122209517e-008 3.408409974543988e-008 3.40498183883058e-008 3.400337398968207e-008 3.393835922556144e-008 3.385658616721478e-008 3.375791074200528e-008 3.364408574868693e-008 3.351272825394012e-008 3.336922600370276e-008 3.321521676626369e-008 3.304504432710617e-008 3.286098748306829e-008 3.26608349759301e-008 3.244593063288458e-008 3.221927947144737e-008 3.197317115458696e-008 3.171394523055365e-008 3.143625970561168e-008
3.338856891989613e-008 3.346036649661266e-008 3.351814734895347e-008 3.355999248535553e-008 3.358365328434043e-008 3.36035879841491e-008 3.36186804734097e-008 3.36231523714908e-008 3.360716211994996e-008 3.358331658881564e-008 3.35609680472212e-008 3.349868484524378e-008 3.348815013467432e-008 3.354788666731776e-008 3.362369837868959e-008 3.367248877297365e-008 3.373706008629795e-008 3.377362940252826e-008 3.378875355455869e-008 3.379380599059962e-008 3.378835054677924e-008 3.377102044607264e-008 3.373689959053954e-008 3.368993534551366e-008 3.362664697231589e-008 3.354341023000465e-008 3.344621789363104e-008 3.333319590746684e-008 3.320228662276329e-008 3.306079201861272e-008 3.290706825782483e-008 3.273947170521724e-008 3.255614031476246e-008 3.235706471542342e-008 3.214428547194952e-008 3.191774306902275e-008 3.167604185053637e-008 3.141862017411128e-008 3.114511592194251e-008
3.306372781211582e-008 3.313509948503583e-008 3.31923538411468e-008 3.323388386533778e-008 3.326055869930492e-008 3.328221332804485e-008 3.32939776986219e-008 3.329522322576428e-008 3.328242285495056e-008 3.325937141331514e-008 3.323332070420898e-008 3.318410522836815e-008 3.318250017029996e-008 3.323467135787047e-008 3.329779201257465e-008 3.334924946334162e-008 3.340817272769501e-008 3.344153425872372e-008 3.345939634540623e-008 3.346152499792332e-008 3.345816513353355e-008 3.344317646351031e-008 3.34090867947346e-008 3.335903927856247e-008 3.329208280972278e-008 3.321197434303351e-008 3.311360947347323e-008 3.300193331044465e-008 3.287611833684794e-008 3.273523214632145e-008 3.258413553316985e-008 3.241914642269448e-008 3.223746049112085e-008 3.203968713618708e-008 3.182819444505922e-008 3.160338010806469e-008 3.136285371017188e-008 3.110948121476703e-008 3.084374927740839e-008
3.272510888172186e-008 3.279614447653293e-008 3.285364214437868e-008 3.289535942170567e-008 3.292195593224936e-008 3.294472885563049e-008 3.295631216728464e-008 3.295822384817348e-008 3.294610775038969e-008 3.292584103462643e-008 3.290237529318346e-008 3.285281151650642e-008 3.285058052423233e-008 3.290576974761579e-008 3.296504797560154e-008 3.30126916391874e-008 3.307028514306128e-008 3.31014961145849e-008 3.311769045395202e-008 3.311917120329686e-008 3.311586369613818e-008 3.310138760660965e-008 3.306669426504994e-008 3.301512510779057e-008 3.294847692522412e-008 3.286862643138204e-008 3.277127251082032e-008 3.266087483121004e-008 3.253698188401355e-008 3.239739841598673e-008 3.224833714171073e-008 3.208490848938582e-008 3.19046100434139e-008 3.170814780516454e-008 3.149886237458e-008 3.127654400659065e-008 3.103864503671065e-008 3.078800115179373e-008 3.0525260061432e-008
3.237311332171084e-008 3.24444914077737e-008 3.250092427847752e-008 3.2545568092496e-008 3.257429444660817e-008 3.259461008895915e-008 3.260650117557834e-008 3.260736604200364e-008 3.260079122802979e-008 3.257893840087711e-008 3.254778071198115e-008 3.253382274238452e-008 3.25312969882968e-008 3.256077520439606e-008 3.260861631875819e-008 3.267321101641419e-008 3.271599848318923e-008 3.274688812301845e-008 3.276455199030533e-008 3.276898453624183e-008 3.276473296141455e-008 3.274493379923867e-008 3.270871839265525e-008 3.265752825244823e-008 3.259235930741836e-008 3.251356416675443e-008 3.241976096826982e-008 3.230886397772191e-008 3.218619016370186e-008 3.204914060210283e-008 3.190094412697775e-008 3.173873848147862e-008 3.155723754927384e-008 3.136155402011844e-008 3.115544042188308e-008 3.093749945448463e-008 3.070512497486152e-008 3.04541993189315e-008 3.018910772893039e-008
3.200442053138413e-008 3.207583317409223e-008 3.21318481044818e-008 3.217734512602629e-008 3.220719300912653e-008 3.222622656107247e-008 3.223905220462329e-008 3.224077800737424e-008 3.223684390228913e-008 3.221727722589488e-008 3.218373629132053e-008 3.217815467634174e-008 3.218033202470649e-008 3.219825249748982e-008 3.224337961960317e-008 3.231198400868119e-008 3.234949576905028e-008 3.237880706798669e-008 3.239524279093917e-008 3.240001576473864e-008 3.239498115587359e-008 3.237337951413278e-008 3.233627778155631e-008 3.228482618450913e-008 3.222009546582644e-008 3.214224361641542e-008 3.204937771095827e-008 3.193969689771853e-008 3.181743332953022e-008 3.168176512370509e-008 3.153487345292814e-008 3.137415531374585e-008 3.119408815215237e-008 3.100069123249757e-008 3.079731547916153e-008 3.058240225445142e-008 3.0352537209087e-008 3.01045527177655e-008 2.984133376065442e-008
3.161959914857611e-008 3.168986532640712e-008 3.174449339356963e-008 3.17888721312453e-008 3.182004614768727e-008 3.183930558623778e-008 3.185298335371602e-008 3.185738018950991e-008 3.18545608117779e-008 3.1835253002804e-008 3.180712854321234e-008 3.180228409137991e-008 3.180858226587265e-008 3.183276736173019e-008 3.187042866833967e-008 3.193080418189816e-008 3.196931681861341e-008 3.199579075247586e-008 3.201310246222011e-008 3.201609581998271e-008 3.200839166912391e-008 3.198635935521831e-008 3.194855068224644e-008 3.189701109040433e-008 3.183224696235308e-008 3.175401867043925e-008 3.166165661020139e-008 3.155374674224602e-008 3.143040122507097e-008 3.129528367976752e-008 3.114963957825661e-008 3.098865640519758e-008 3.081394924595216e-008 3.062630907666467e-008 3.042608734234103e-008 3.021132884508819e-008 2.998267463871507e-008 2.974004772116348e-008 2.948145341100806e-008
3.121816801011266e-008 3.128729120806239e-008 3.134106178446996e-008 3.138591838818002e-008 3.141700695381928e-008 3.143624767151472e-008 3.145040484840063e-008 3.145633583770479e-008 3.145612947479724e-008 3.143695997290737e-008 3.14073467502748e-008 3.140393793510365e-008 3.141154222060691e-008 3.143728090334419e-008 3.147358516216506e-008 3.1533002572773e-008 3.157010964584324e-008 3.159461699338891e-008 3.161153198605344e-008 3.161358158514181e-008 3.160479647807841e-008 3.158250870260506e-008 3.154380231250863e-008 3.149260163024862e-008 3.142814660753777e-008 3.134979826676824e-008 3.125895264229974e-008 3.115153785895968e-008 3.102917649731679e-008 3.089569288174417e-008 3.075062792661811e-008 3.05919003346365e-008 3.041907440783745e-008 3.02340292116533e-008 3.003724828545992e-008 2.98249931766265e-008 2.959923192380513e-008 2.935996293744864e-008 2.910549312702937e-008
3.079550354831957e-008 3.086565308146859e-008 3.092210723911428e-008 3.096651812420599e-008 3.099897306757392e-008 3.101755513205636e-008 3.102963777549756e-008 3.103588555511343e-008 3.103239917431425e-008 3.102163079123746e-008 3.099048174758334e-008 3.097202500372485e-008 3.098458112662166e-008 3.102181342031942e-008 3.106085122335145e-008 3.110525658083041e-008 3.114907574424733e-008 3.117391093154207e-008 3.119047064739734e-008 3.119329560300651e-008 3.118274200704796e-008 3.115905629082506e-008 3.112065928855476e-008 3.107097944992431e-008 3.100641727245306e-008 3.092845966455279e-008 3.083800845445131e-008 3.073146939512808e-008 3.061333077910418e-008 3.048205779054272e-008 3.033744512800849e-008 3.017952664863849e-008 3.000664400095347e-008 2.982271180851051e-008 2.963064090258823e-008 2.94234708224628e-008 2.920082772299943e-008 2.896422007055928e-008 2.871559446121392e-008
3.035963390993577e-008 3.043003895511859e-008 3.048657739140253e-008 3.053192493663794e-008 3.056486788977117e-008 3.058257583638531e-008 3.059483080346856e-008 3.060069826595553e-008 3.059741651892433e-008 3.058978728740325e-008 3.055415287584305e-008 3.053279421342176e-008 3.054313571015674e-008 3.058432296120244e-008 3.062792483208737e-008 3.066666137873028e-008 3.071398932770968e-008 3.073845303006956e-008 3.075306941800481e-008 3.075725087913234e-008 3.074549671181547e-008 3.072106255312921e-008 3.068409891758581e-008 3.063458655641035e-008 3.057074298141218e-008 3.049362513276367e-008 3.040364510032408e-008 3.02988082571875e-008 3.018250715230593e-008 3.005322103458649e-008 2.990976277860846e-008 2.975306765094612e-008 2.958192166660534e-008 2.940024586361491e-008 2.921029326068273e-008 2.900643962680279e-008 2.878629957808742e-008 2.855207329588665e-008 2.830784224075147e-008
2.990813133612611e-008 2.997771909494868e-008 3.003507837015612e-008 3.00794363509255e-008 3.011241940013018e-008 3.013468514652238e-008 3.01464152805565e-008 3.015181108491219e-008 3.014285417260421e-008 3.011987731621757e-008 3.010493257490245e-008 3.008509802384416e-008 3.007479535607195e-008 3.01070650980551e-008 3.017096186247809e-008 3.021558882078997e-008 3.02536291045242e-008 3.02855304322616e-008 3.029842510031515e-008 3.030183532520438e-008 3.029068317005221e-008 3.02665447407104e-008 3.023219908741589e-008 3.0184382786319e-008 3.012132367035632e-008 3.004459009570869e-008 2.995570332950216e-008 2.985276128898079e-008 2.973814830047284e-008 2.961115048035146e-008 2.946784277140869e-008 2.931165171491629e-008 2.914452303149445e-008 2.896566919058783e-008 2.877638682930895e-008 2.857256218991751e-008 2.835386253157509e-008 2.81216888708464e-008 2.788035190681387e-008
2.944153961331344e-008 2.951162342696162e-008 2.956866941103407e-008 2.961208012577117e-008 2.964682082350348e-008 2.96698035829743e-008 2.968234520992935e-008 2.968971865502263e-008 2.96797368675349e-008 2.965272469549493e-008 2.964464290657696e-008 2.962658953497528e-008 2.96080620732758e-008 2.963943897931642e-008 2.97082094172659e-008 2.975380807692514e-008 2.978848188333854e-008 2.982059258439303e-008 2.983225259606314e-008 2.983308527332615e-008 2.982265618160218e-008 2.979864631924417e-008 2.976433014375436e-008 2.97178255555228e-008 2.965511015173448e-008 2.957870705696854e-008 2.949122097800465e-008 2.938894547696809e-008 2.927582623910706e-008 2.915119478310951e-008 2.900953935001186e-008 2.88553285728361e-008 2.86904146364643e-008 2.8513276167562e-008 2.832648277591683e-008 2.812478885465828e-008 2.790803481555211e-008 2.768035863099062e-008 2.744128118269403e-008
2.896009076192923e-008 2.90286401415042e-008 2.908500020020179e-008 2.912988128203692e-008 2.916201500911542e-008 2.918576152641813e-008 2.920324486147994e-008 2.921109453094681e-008 2.921017239800695e-008 2.918746339039517e-008 2.917255514734378e-008 2.916944734899849e-008 2.916744289927146e-008 2.920028497419327e-008 2.923452840436345e-008 2.928307392828731e-008 2.932403079669027e-008 2.934271223892721e-008 2.935228443132034e-008 2.935028510781475e-008 2.933875685810526e-008 2.931657676485204e-008 2.92807635417162e-008 2.92328087329895e-008 2.917078802654422e-008 2.909560278620274e-008 2.900820370395714e-008 2.890577682661874e-008 2.879336978542824e-008 2.867158117802091e-008 2.85346122789979e-008 2.838429696337271e-008 2.821985235054865e-008 2.804312316865498e-008 2.785771981521161e-008 2.76597942373783e-008 2.744807531629405e-008 2.722462172225541e-008 2.698811999151718e-008
2.84643321775741e-008 2.853176714507194e-008 2.858927971352977e-008 2.863362466640479e-008 2.866485819978114e-008 2.869071606217995e-008 2.87099614729487e-008 2.87206845928624e-008 2.872402134285707e-008 2.870453485010508e-008 2.86865005813801e-008 2.868808736944767e-008 2.869678010464857e-008 2.872214328081898e-008 2.874971742866441e-008 2.879744055870963e-008 2.883593874883375e-008 2.884988924684509e-008 2.885680332769853e-008 2.885388294974878e-008 2.884009792413599e-008 2.881851218435748e-008 2.878309242861502e-008 2.873354075429401e-008 2.867261058819666e-008 2.859872048934074e-008 2.851063073591133e-008 2.841042348181153e-008 2.829954157559536e-008 2.817820083471635e-008 2.804541986817342e-008 2.789727826495499e-008 2.773449808744043e-008 2.756102028779797e-008 2.73773585795002e-008 2.718203914865981e-008 2.697514894818596e-008 2.675412860097909e-008 2.652169435377575e-008
2.795254742521061e-008 2.802056293520702e-008 2.807743907574254e-008 2.812294963211584e-008 2.815614130087798e-008 2.818322775863224e-008 2.820295866204458e-008 2.821366716013716e-008 2.821800916398884e-008 2.820558798770266e-008 2.818364922027462e-008 2.818205577057347e-008 2.819894416963612e-008 2.822775345041875e-008 2.82547737277219e-008 2.828906697151376e-008 2.832282307165785e-008 2.833740398583931e-008 2.834485129511844e-008 2.834033256885234e-008 2.832468965613925e-008 2.830293080751613e-008 2.826806083440565e-008 2.821903576025576e-008 2.815825646431631e-008 2.808398126934786e-008 2.799806915583993e-008 2.790070349961995e-008 2.77908873887538e-008 2.766988346476267e-008 2.753828485680632e-008 2.739237564549484e-008 2.723465154167914e-008 2.706457911827663e-008 2.688288095709433e-008 2.669034187850834e-008 2.648552724532037e-008 2.626740427812267e-008 2.604047604129738e-008
