data/galIOV_gridfiles/galileo_iov_grids/galileo_iovX_q23w15.grd
DSAA
361 181
-180 180
-90 90
-2.4253665320699E-008 2.4131186943776E-008
[rows 136 to 152 of 181, columns 0 to 38 of 361]
1.887147396264901e-008 1.893575796644012e-008 1.900462269116641e-008 1.907815932606242e-008 1.915909575539506e-008 1.924753210400218e-008 1.932976819316527e-008 1.941131219749685e-008 1.949255075938661e-008 1.956601513992119e-008 1.963497646964282e-008 1.969779188846086e-008 1.975133408232096e-008 1.979811723957353e-008 1.983659207928613e-008 1.986620152954658e-008 1.988835677386274e-008 1.990240936325563e-008 1.990659787844565e-008 1.99006198357756e-008 1.988554833980607e-008 1.986342591976637e-008 1.983312074606899e-008 1.979629734032521e-008 1.975105968091642e-008 1.969753008252817e-008 1.963569059670349e-008 1.95632806172756e-008 1.947926220487001e-008 1.938548346063517e-008 1.9285089104123e-008 1.917702398329598e-008 1.905830029221229e-008 1.892963636901744e-008 1.879115342488348e-008 1.864197155381418e-008 1.848398734384109e-008 1.83164185933285e-008 1.813953239492013e-008
1.861468443334242e-008 1.867670193440119e-008 1.874136757823973e-008 1.880921195688494e-008 1.888611129169156e-008 1.896645894695423e-008 1.904390137014667e-008 1.912057081585875e-008 1.919500645671392e-008 1.926464133658886e-008 1.932919569124663e-008 1.938762246847634e-008 1.94381609081631e-008 1.94814497385828e-008 1.951679274288557e-008 1.954337954549226e-008 1.95617954611688e-008 1.957198241768065e-008 1.957375183662529e-008 1.956529358312699e-008 1.954822846347133e-008 1.952468663672982e-008 1.949322695140529e-008 1.945435334906925e-008 1.940760163935624e-008 1.93530930412469e-008 1.929002793059879e-008 1.921655760610554e-008 1.913238195879258e-008 1.903887355406727e-008 1.893813374558971e-008 1.882954961917e-008 1.871206071005585e-008 1.858416677221568e-008 1.844617898974379e-008 1.829845223619041e-008 1.814177995616285e-008 1.797639628663826e-008 1.780213660183847e-008
1.834976346638514e-008 1.84079760705682e-008 1.846895628106014e-008 1.853204122100277e-008 1.860340393451136e-008 1.867558618039415e-008 1.874648689171767e-008 1.881892795298349e-008 1.888665732345088e-008 1.895084898823906e-008 1.901285723699663e-008 1.906694090321371e-008 1.911323333132632e-008 1.91536473222523e-008 1.918587826670963e-008 1.920893120042534e-008 1.92234265325381e-008 1.923015628208331e-008 1.922912800524957e-008 1.921890290258283e-008 1.919984010067223e-008 1.917447732634007e-008 1.914197861017149e-008 1.910127506341836e-008 1.905276932762213e-008 1.899734524472692e-008 1.893352918639652e-008 1.885949274216725e-008 1.877493731144693e-008 1.868194685281697e-008 1.858181848958128e-008 1.847360010968136e-008 1.835683445137476e-008 1.823002763590244e-008 1.809280790123461e-008 1.794608668225029e-008 1.779138745683862e-008 1.762825369703958e-008 1.745634765892998e-008
1.807315919194826e-008 1.812614667369295e-008 1.818195920264128e-008 1.8241050187161e-008 1.830676383924439e-008 1.837393728161367e-008 1.843983013342452e-008 1.850634772602817e-008 1.856993595979175e-008 1.8629364215174e-008 1.868528260315849e-008 1.873559819437987e-008 1.87779081905161e-008 1.881380721905903e-008 1.884268048676225e-008 1.886185287289223e-008 1.88737129359239e-008 1.887889663230712e-008 1.887540228108395e-008 1.886350839012612e-008 1.884324453958304e-008 1.881596516064351e-008 1.878137358024847e-008 1.873941648518063e-008 1.868953012363954e-008 1.863175167592657e-008 1.856697914879229e-008 1.849225942670684e-008 1.840682814682361e-008 1.831558675273826e-008 1.821665831805381e-008 1.810921596024185e-008 1.799280762492501e-008 1.786689925791001e-008 1.773034363011754e-008 1.758581950941315e-008 1.743338835035712e-008 1.727243316897982e-008 1.710260806366207e-008
1.778569343288105e-008 1.783316206824797e-008 1.788402799772633e-008 1.793839914054631e-008 1.799811388006824e-008 1.806209529807805e-008 1.812263843769595e-008 1.818290576456848e-008 1.824308415860215e-008 1.8297459809336e-008 1.834677509630211e-008 1.839270141895042e-008 1.843185835237419e-008 1.846316679928037e-008 1.848726011692932e-008 1.85040142273411e-008 1.851368312851775e-008 1.851626756549707e-008 1.851163253445803e-008 1.849861054818277e-008 1.847681867946052e-008 1.844766783345795e-008 1.841159880988643e-008 1.836780548362179e-008 1.831644018948933e-008 1.825768598806528e-008 1.819090899072836e-008 1.81149695900161e-008 1.803086298491832e-008 1.794007829697515e-008 1.784245746875235e-008 1.773621092704234e-008 1.762025091701616e-008 1.749493432351694e-008 1.735990496773178e-008 1.721735587526048e-008 1.706692227349991e-008 1.690814501872665e-008 1.674049583996105e-008
1.748946542469465e-008 1.753158554814245e-008 1.757715145660037e-008 1.762582483240413e-008 1.767787076308781e-008 1.773603303427841e-008 1.779339179583825e-008 1.784847510021611e-008 1.790244199021791e-008 1.795312641224215e-008 1.799699976594426e-008 1.803713685770409e-008 1.807411420328531e-008 1.810170126758295e-008 1.812173615085591e-008 1.813681703617474e-008 1.814391816594484e-008 1.814305303127774e-008 1.813662017715363e-008 1.81227560068854e-008 1.809989327363598e-008 1.806973909672253e-008 1.803222825623931e-008 1.798669408988029e-008 1.79339069010219e-008 1.78745141379989e-008 1.780685675694078e-008 1.773097041779044e-008 1.764773493056877e-008 1.755715675814391e-008 1.745938140001386e-008 1.735319895558873e-008 1.723858509611528e-008 1.711506347038637e-008 1.698264252812035e-008 1.684154582510861e-008 1.669191763771301e-008 1.653401785174655e-008 1.636833353886527e-008
1.718443980979522e-008 1.722124081843368e-008 1.726011614575465e-008 1.73022764694938e-008 1.734835664241081e-008 1.739828571633085e-008 1.745300893031973e-008 1.750429361516298e-008 1.755126335630048e-008 1.759677756445737e-008 1.763709362051351e-008 1.76724611473504e-008 1.770472146294386e-008 1.773053047443652e-008 1.774797620916407e-008 1.775953281946639e-008 1.776427910851375e-008 1.77613248184769e-008 1.77518643805466e-008 1.773643453262306e-008 1.771332790854673e-008 1.768242118298312e-008 1.764333494558167e-008 1.759633875869494e-008 1.754278356737937e-008 1.748234172031429e-008 1.741451420452071e-008 1.733914762469185e-008 1.725614939855818e-008 1.716569064973869e-008 1.706798475959243e-008 1.696186844806788e-008 1.684802008829785e-008 1.672654480652563e-008 1.65965939310722e-008 1.645702928590811e-008 1.630813568371321e-008 1.615188909203705e-008 1.598849186244187e-008
1.686995462719025e-008 1.690109173839942e-008 1.693378214493846e-008 1.696991189740168e-008 1.70115179596724e-008 1.70565564277114e-008 1.71052415831033e-008 1.715065986091921e-008 1.719308154829943e-008 1.723299692240737e-008 1.726903939699642e-008 1.730114081654545e-008 1.732955669063068e-008 1.735273648597309e-008 1.736746424710561e-008 1.73755550064682e-008 1.737696165615718e-008 1.737179231345861e-008 1.736015384441157e-008 1.734188689821401e-008 1.731653874159951e-008 1.728445264298035e-008 1.724471588515647e-008 1.719738100239285e-008 1.714325906155492e-008 1.708215639207136e-008 1.701404705598087e-008 1.693865998334364e-008 1.685570031688306e-008 1.676554089246802e-008 1.666826611733275e-008 1.656280267350747e-008 1.644938785234509e-008 1.632836311588426e-008 1.619899722900611e-008 1.60608256784971e-008 1.591562279985489e-008 1.576276067588553e-008 1.560180535434629e-008
1.654730323812976e-008 1.657268670571096e-008 1.659898159805054e-008 1.662847449574805e-008 1.666518577401434e-008 1.670772828513661e-008 1.675007165141305e-008 1.678829347886481e-008 1.682583265936126e-008 1.686139866615155e-008 1.689267598511949e-008 1.692040244018143e-008 1.694639962536238e-008 1.696669200325523e-008 1.697851437050769e-008 1.698300431699025e-008 1.698114786450864e-008 1.697372119698599e-008 1.69597573961322e-008 1.693901139346702e-008 1.691131487003372e-008 1.687746252478575e-008 1.683754374260072e-008 1.679014119712623e-008 1.673539650128015e-008 1.667385745776806e-008 1.660548625065938e-008 1.652999197297765e-008 1.644704110589e-008 1.635684277125099e-008 1.62601757836035e-008 1.615569557472078e-008 1.604283933491082e-008 1.592191648420313e-008 1.579332969599691e-008 1.565786517526867e-008 1.55155691144745e-008 1.536597077915825e-008 1.520833449738383e-008
1.621697063905723e-008 1.623845870072175e-008 1.6261177462807e-008 1.628329949412541e-008 1.631405682156076e-008 1.635073807410849e-008 1.638542563035129e-008 1.641842040941578e-008 1.645093639820135e-008 1.648104148564658e-008 1.650794235306827e-008 1.653176175854671e-008 1.65536094306615e-008 1.65693936843059e-008 1.657850210137158e-008 1.658047311880316e-008 1.657612703764796e-008 1.656643123253323e-008 1.655055668438924e-008 1.652837458153313e-008 1.649987520792285e-008 1.646489072913373e-008 1.642351445417136e-008 1.637545333557263e-008 1.632027381968718e-008 1.625812946099825e-008 1.618899077786052e-008 1.611281687168884e-008 1.6029472409184e-008 1.593966872017379e-008 1.584364799671519e-008 1.573956948795756e-008 1.56272935186981e-008 1.550870771037776e-008 1.538297240230285e-008 1.524962356352466e-008 1.510913837405986e-008 1.496199608845022e-008 1.480708861163023e-008
1.587405411062012e-008 1.589175089074698e-008 1.591227434358978e-008 1.59324413842823e-008 1.595546054660463e-008 1.598392140630649e-008 1.601206228987364e-008 1.60403033624619e-008 1.606835854016821e-008 1.609248524555572e-008 1.611415963632245e-008 1.613442018005652e-008 1.615200073363292e-008 1.61633214534931e-008 1.616883015819446e-008 1.616867891114909e-008 1.616237314233626e-008 1.615054145075811e-008 1.613290297741804e-008 1.610953759308614e-008 1.608046601439667e-008 1.604453908890357e-008 1.600181199952189e-008 1.595297850478806e-008 1.589737072200684e-008 1.583486707300457e-008 1.576492186948837e-008 1.568773168996113e-008 1.560462606769556e-008 1.551546041698736e-008 1.541962452141973e-008 1.53159431848295e-008 1.520577065566967e-008 1.508932816785641e-008 1.496588094014742e-008 1.483489405539353e-008 1.469664888487714e-008 1.455131676653336e-008 1.439871186239321e-008
1.551666881667419e-008 1.553018618001135e-008 1.554631659305809e-008 1.55634433913017e-008 1.558342967911144e-008 1.56056378510824e-008 1.562864768147278e-008 1.565337598704566e-008 1.567833731963897e-008 1.569760932312682e-008 1.571394388073644e-008 1.572906199924415e-008 1.574127826439871e-008 1.574922179111806e-008 1.57517758705152e-008 1.574873004381729e-008 1.574026119876116e-008 1.572674509214534e-008 1.570721641866857e-008 1.568193813663304e-008 1.565105927488621e-008 1.561440315769644e-008 1.557147551880969e-008 1.552255625011111e-008 1.546669000960602e-008 1.540385442928118e-008 1.533357084251835e-008 1.525646980862713e-008 1.517381336747053e-008 1.508497240806818e-008 1.49898816027777e-008 1.488813350978117e-008 1.47797044631117e-008 1.466447191256099e-008 1.454251303922529e-008 1.441358549066419e-008 1.427746624377669e-008 1.413463786948208e-008 1.39847599226512e-008
1.514634802324093e-008 1.515537422154074e-008 1.516771033227661e-008 1.51818227340866e-008 1.519802624581762e-008 1.521608836476173e-008 1.523551057020326e-008 1.525680072522566e-008 1.527826749288836e-008 1.529458972313094e-008 1.530573924038844e-008 1.531472836946115e-008 1.532256165196823e-008 1.532639217899283e-008 1.532647618698568e-008 1.532136887649465e-008 1.531057975828472e-008 1.529466100633518e-008 1.527356831790016e-008 1.524663173791178e-008 1.521390062432381e-008 1.51759492649078e-008 1.513302037308586e-008 1.508416448495666e-008 1.502841936315827e-008 1.49654479303334e-008 1.48947614522699e-008 1.481788723059405e-008 1.47361664311895e-008 1.464809624268717e-008 1.455374770183037e-008 1.445372695651129e-008 1.434726764078509e-008 1.42332397263306e-008 1.411246389788889e-008 1.398561231980884e-008 1.385242716802252e-008 1.371212806428926e-008 1.356448890327211e-008
1.476435422520961e-008 1.476961970120188e-008 1.477729074298217e-008 1.478794557526861e-008 1.480053573664854e-008 1.481480357940848e-008 1.483060291260317e-008 1.48469777845719e-008 1.486443715793806e-008 1.487765331746422e-008 1.488482885983084e-008 1.489020272430647e-008 1.489544338414344e-008 1.489674692525097e-008 1.489428280842019e-008 1.488711219642424e-008 1.487421583095919e-008 1.485610958515734e-008 1.483285950597625e-008 1.480462499111851e-008 1.477091515921082e-008 1.473170345326872e-008 1.468733709794649e-008 1.463750204664842e-008 1.458179988803165e-008 1.451898938953138e-008 1.444817588709726e-008 1.437181714003857e-008 1.429103069479785e-008 1.420411118695882e-008 1.411058575978787e-008 1.401111395992092e-008 1.39059627857258e-008 1.379416504150697e-008 1.367539683440825e-008 1.355090854059529e-008 1.342030668178919e-008 1.328304924118789e-008 1.313843830966508e-008
1.436737953663276e-008 1.436892783419053e-008 1.437390798318274e-008 1.43819352905807e-008 1.439103727801497e-008 1.44020366509635e-008 1.441466606020118e-008 1.442695279165058e-008 1.443954757603663e-008 1.444965339803273e-008 1.445440928868403e-008 1.445763241289135e-008 1.445956497333267e-008 1.445884032140761e-008 1.445491739581962e-008 1.444565627571772e-008 1.443028691112627e-008 1.44094641013918e-008 1.438487507003703e-008 1.435585133505747e-008 1.432073463629513e-008 1.427961945096527e-008 1.423428771608873e-008 1.418434041220721e-008 1.412784223402307e-008 1.406482298492113e-008 1.399466809934616e-008 1.39195023187558e-008 1.383941103824567e-008 1.375365005958665e-008 1.366125444241709e-008 1.356291572077522e-008 1.345889019977819e-008 1.334880187645693e-008 1.32317874266402e-008 1.311051749347905e-008 1.298311837530415e-008 1.284871290627084e-008 1.270680465290121e-008
1.395251500496108e-008 1.395270732941752e-008 1.395699426892338e-008 1.396235174746463e-008 1.396852151229042e-008 1.397801584085536e-008 1.398889203057528e-008 1.399897518011774e-008 1.400858772764223e-008 1.401513651832277e-008 1.401790632241058e-008 1.401861605847279e-008 1.401757573360936e-008 1.401334624502362e-008 1.400680492765656e-008 1.399574914212368e-008 1.39776033389559e-008 1.395428844156044e-008 1.392869741975935e-008 1.389918131933224e-008 1.386251410916042e-008 1.381935091204515e-008 1.377338476077093e-008 1.372430815797628e-008 1.366796133448062e-008 1.3604197216733e-008 1.35352946366413e-008 1.346168080932037e-008 1.338268761968691e-008 1.329762246339172e-008 1.320686077720593e-008 1.311049684122777e-008 1.300807963292404e-008 1.289835848198591e-008 1.278239569648103e-008 1.266368803796038e-008 1.254058727636263e-008 1.240890131830377e-008 1.227024278882451e-008
1.351928420276661e-008 1.351934102286761e-008 1.352249045610914e-008 1.352739586295573e-008 1.353526131579772e-008 1.354354338969462e-008 1.355247735945667e-008 1.356153005881324e-008 1.356912558662076e-008 1.357279326658193e-008 1.357344988744658e-008 1.357191239148542e-008 1.356810382112535e-008 1.356101289413037e-008 1.355085577726173e-008 1.353687541314068e-008 1.35169707527715e-008 1.349326468366668e-008 1.34657046362914e-008 1.343411110598669e-008 1.339637685252572e-008 1.335370153124333e-008 1.330694012948979e-008 1.325613604843082e-008 1.320048475736699e-008 1.313837606280252e-008 1.307084599826572e-008 1.299693344439876e-008 1.291880826362598e-008 1.283636420717416e-008 1.274801828053036e-008 1.265314217535003e-008 1.255157076038682e-008 1.244348447088156e-008 1.233057596563672e-008 1.221385236771306e-008 1.209215139107379e-008 1.196443977738993e-008 1.183116626853744e-008
