data/galIOV_gridfiles/galileo_iov_grids/galileo_iovZ_q50w17.grd
DSAA
361 181
-180 180
-90 90
-3.198021882913E-008 3.5558600759751E-008
[rows 0 to 16 of 181, columns 0 to 37 of 361]
3.237409959687133e-008 3.237409959687133e-008 3.237409959687133e-008 3.237409959687133e-008 3.237409959687133e-008 3.237409959687133e-008 3.237409959687133e-008 3.237409959687133e-008 3.237409959687133e-008 3.237409959687133e-008 3.237409959687133e-008 3.237409959687133e-008 3.237409959687133e-008 3.237409959687133e-008 3.237409959687133e-008 3.237409959687133e-008 3.237409959687133e-008 3.237409959687133e-008 3.237409959687133e-008 3.237409959687133e-008 3.237409959687133e-008 3.237409959687133e-008 3.237409959687133e-008 3.237409959687133e-008 3.237409959687133e-008 3.237409959687133e-008 3.237409959687133e-008 3.237409959687133e-008 3.237409959687133e-008 3.237409959687133e-008 3.237409959687133e-008 3.237409959687133e-008 3.237409959687133e-008 3.237409959687133e-008 3.237409959687133e-008 3.237409959687133e-008 3.237409959687133e-008 3.237409959687133e-008
3.292560611311063e-008 3.293346331737438e-008 3.294066977189729e-008 3.294714833478457e-008 3.295288278427716e-008 3.295806367322787e-008 3.296260340168096e-008 3.296597982498999e-008 3.29669846367954e-008 3.29638119328778e-008 3.29553555174452e-008 3.294281644529042e-008 3.292908515457851e-008 3.291644168667254e-008 3.290594062948916e-008 3.289769021114622e-008 3.289142423960557e-008 3.28871670138901e-008 3.288592317953657e-008 3.289018411266744e-008 3.29033344489321e-008 3.292576833223939e-008 3.295124205175929e-008 3.297125380697085e-008 3.298241464852552e-008 3.298622397590404e-008 3.298495876856982e-008 3.29799059693103e-008 3.297167756995737e-008 3.2960590359655e-008 3.294698566190211e-008 3.293126465988428e-008 3.291443183293804e-008 3.289944264705078e-008 3.289313039895046e-008 3.29025509551513e-008 3.292084164837889e-008 3.293193019880465e-008
3.304688643002089e-008 3.305727761327206e-008 3.306682994452795e-008 3.307564739863138e-008 3.308396596345862e-008 3.309203117784602e-008 3.309988856036902e-008 3.310724880564892e-008 3.311295998906577e-008 3.311489111750828e-008 3.311121298150845e-008 3.310253731586412e-008 3.309168337556891e-008 3.308129923330041e-008 3.307277634009131e-008 3.306663371134461e-008 3.306274837418951e-008 3.306091108920503e-008 3.306184449496723e-008 3.306826420914875e-008 3.308423920618682e-008 3.310996936008943e-008 3.313673039275253e-008 3.31552292894938e-008 3.316427594068886e-008 3.316683733068962e-008 3.316544458396368e-008 3.316105464757797e-008 3.315383317654813e-008 3.314409356963982e-008 3.313236115731127e-008 3.311913578920427e-008 3.310533784780271e-008 3.309302799021078e-008 3.308704053165076e-008 3.309377626318399e-008 3.311063659217069e-008 3.312516180482363e-008
3.315180690122212e-008 3.316408681760637e-008 3.317553982488642e-008 3.318643774239045e-008 3.319713042819598e-008 3.320788616007016e-008 3.321894711911854e-008 3.323022039683278e-008 3.324062577044749e-008 3.324773991321391e-008 3.324909563731526e-008 3.324486260334058e-008 3.323761687942599e-008 3.322974453627047e-008 3.322288589054097e-008 3.321848986007314e-008 3.321704426593947e-008 3.321796349652234e-008 3.322145744922003e-008 3.323029323422926e-008 3.324907651765433e-008 3.327718146112467e-008 3.330346616529104e-008 3.331955760927134e-008 3.332695284778317e-008 3.332941379603771e-008 3.332890076280554e-008 3.332582410145448e-008 3.332021354214487e-008 3.331253637216443e-008 3.330337768533278e-008 3.329300438504694e-008 3.328204279865662e-008 3.327205371311401e-008 3.326674212361811e-008 3.327151163992613e-008 3.328735941929202e-008 3.330499090945045e-008
3.323976880110735e-008 3.325362817777683e-008 3.326675625670127e-008 3.327956825589454e-008 3.329245592819706e-008 3.330580172436452e-008 3.332007917113671e-008 3.333542602760605e-008 3.335062538307888e-008 3.336276558879097e-008 3.336908412027111e-008 3.336963367596529e-008 3.336688526333015e-008 3.336251948159591e-008 3.335749837933915e-008 3.335423870977185e-008 3.335497850716977e-008 3.335896820862943e-008 3.336554948652493e-008 3.337730272872077e-008 3.339832145890014e-008 3.342641334486885e-008 3.345020757851559e-008 3.346412388998755e-008 3.347128575216507e-008 3.347500150195878e-008 3.347625022322126e-008 3.347480894899063e-008 3.347103288662133e-008 3.346590848503548e-008 3.345979483230853e-008 3.345259308938205e-008 3.344464738485199e-008 3.34372656985377e-008 3.34331658882716e-008 3.343669505781419e-008 3.345104226974863e-008 3.347068855710744e-008
3.331100214172762e-008 3.332637537629372e-008 3.334104754169943e-008 3.33556091701647e-008 3.337057466615451e-008 3.338645800875364e-008 3.340405643061961e-008 3.342383155682434e-008 3.344401636766936e-008 3.346069501584524e-008 3.347099476773043e-008 3.347574973598642e-008 3.347799411724615e-008 3.347898647274081e-008 3.347791506660724e-008 3.347595869333348e-008 3.347795313604403e-008 3.348472200167728e-008 3.349482041135751e-008 3.350971423273462e-008 3.353120050399582e-008 3.355599432513322e-008 3.357643893318673e-008 3.3589710148586e-008 3.359837797106368e-008 3.360453889843093e-008 3.360803346326488e-008 3.360809896885302e-008 3.360638834561644e-008 3.360469181351687e-008 3.36024438689922e-008 3.359877997318001e-008 3.359404421003922e-008 3.358960336682022e-008 3.358741748694702e-008 3.359078064842446e-008 3.360358581967226e-008 3.362371516610789e-008
3.336605690977681e-008 3.338318746491771e-008 3.339942368344346e-008 3.341559742567281e-008 3.343256785085457e-008 3.345105275767685e-008 3.347234151886864e-008 3.349725410554897e-008 3.352224105352329e-008 3.354199755577051e-008 3.355468643718699e-008 3.356234352834778e-008 3.356886639921134e-008 3.357576623270683e-008 3.358151073479575e-008 3.358431583674896e-008 3.358776515401894e-008 3.35963445735876e-008 3.360938193407086e-008 3.362631466370101e-008 3.364580825747453e-008 3.366561286720887e-008 3.368349268035577e-008 3.369783715872149e-008 3.370923779351199e-008 3.371844715831893e-008 3.372407084789111e-008 3.372536731053626e-008 3.372685393260262e-008 3.372984704140474e-008 3.373194123818132e-008 3.373161362031429e-008 3.372995046320409e-008 3.372887467294631e-008 3.372951424507532e-008 3.373384062733454e-008 3.374534401906749e-008 3.376450833749672e-008
3.34052198358998e-008 3.342496097372066e-008 3.344333054619064e-008 3.346130084063937e-008 3.348029039452704e-008 3.350179298153351e-008 3.35277740312953e-008 3.355800348991993e-008 3.35856734909749e-008 3.360613236842885e-008 3.361984974743727e-008 3.362934341627601e-008 3.363891876309953e-008 3.365016225801105e-008 3.366159891621899e-008 3.36712193478471e-008 3.367953061452904e-008 3.3690787673918e-008 3.370626585331331e-008 3.372401361173315e-008 3.374124624920773e-008 3.375748004947018e-008 3.377382121458013e-008 3.378980650018364e-008 3.380423605026949e-008 3.38161556083921e-008 3.382346059769478e-008 3.382726201800183e-008 3.383372482239001e-008 3.38419372173174e-008 3.384816464259845e-008 3.385059464595328e-008 3.385244502708413e-008 3.385574859759625e-008 3.386010984500366e-008 3.386651345573243e-008 3.387762040249299e-008 3.389539665888511e-008
3.342754631782118e-008 3.345152602244465e-008 3.347379734425945e-008 3.349502196637458e-008 3.351699815479607e-008 3.35421953533206e-008 3.357240542366389e-008 3.36045697952303e-008 3.363128620303855e-008 3.365141964715005e-008 3.366634498663531e-008 3.367774862204488e-008 3.368992850455101e-008 3.37044274731056e-008 3.371970575065049e-008 3.373432522888937e-008 3.374803454932216e-008 3.37631720999373e-008 3.378131784149726e-008 3.380047368473088e-008 3.381814912727009e-008 3.383406126891918e-008 3.384957101756456e-008 3.386609753588416e-008 3.38825273925055e-008 3.389662383399512e-008 3.390695196888634e-008 3.391601282265516e-008 3.39277366156175e-008 3.394046611826876e-008 3.39500096984734e-008 3.395493002157639e-008 3.396198194753986e-008 3.397057697355142e-008 3.397887682282023e-008 3.398812218236467e-008 3.400039733644904e-008 3.40173331586843e-008
3.343053289564459e-008 3.345987855391704e-008 3.348798717488327e-008 3.351474292359589e-008 3.354073373429571e-008 3.35677800137886e-008 3.35978694964426e-008 3.362869870123058e-008 3.365498297630894e-008 3.36764742169768e-008 3.369372360079575e-008 3.370806410936883e-008 3.372364807560853e-008 3.37415384101979e-008 3.376023600309191e-008 3.377859721075836e-008 3.37960168529517e-008 3.38139515537242e-008 3.383459860717375e-008 3.385655942101806e-008 3.387722439499241e-008 3.389546483375936e-008 3.391107707609303e-008 3.392662308081259e-008 3.394358182712049e-008 3.396059355061138e-008 3.397639487295683e-008 3.399167572229287e-008 3.400785750161232e-008 3.402384711627396e-008 3.403577374772201e-008 3.404580679556638e-008 3.405979507564027e-008 3.407327237197618e-008 3.40850711705283e-008 3.409805738083537e-008 3.41133271315262e-008 3.413106881280787e-008
3.341188655494535e-008 3.344603684422251e-008 3.348000820744828e-008 3.351233458018693e-008 3.354165075084652e-008 3.356872715739179e-008 3.35975935680714e-008 3.362912150052382e-008 3.365769607945877e-008 3.368172561331884e-008 3.370111094613628e-008 3.371882950234761e-008 3.373897994245779e-008 3.376111087145555e-008 3.37833557907219e-008 3.380469993345884e-008 3.382462278217711e-008 3.384467713297442e-008 3.386840258815102e-008 3.389450532687277e-008 3.391902874705196e-008 3.394019391864182e-008 3.395588415962551e-008 3.397037069454726e-008 3.398888281523829e-008 3.40101505539178e-008 3.40317569193368e-008 3.405271432433768e-008 3.407309269623415e-008 3.409208166376634e-008 3.410847290476112e-008 3.412566289254073e-008 3.414496076193777e-008 3.416200662656904e-008 3.417757842375264e-008 3.419586476913393e-008 3.421565727941309e-008 3.423597698811812e-008
3.337214757028232e-008 3.340958337091384e-008 3.34488014847951e-008 3.348650557563429e-008 3.351902474053579e-008 3.35471217781871e-008 3.357549629431034e-008 3.360847505094652e-008 3.364021399375871e-008 3.3665812460173e-008 3.368616972671299e-008 3.370815248257921e-008 3.373417162388068e-008 3.376128761485994e-008 3.378759437029889e-008 3.38123274946111e-008 3.383424044782884e-008 3.385556100020211e-008 3.388231332104905e-008 3.391341862847609e-008 3.394212206952274e-008 3.396536599681974e-008 3.398151386859105e-008 3.399855583640364e-008 3.402198871470432e-008 3.404802916609011e-008 3.40739354948434e-008 3.409927029389809e-008 3.412421137263188e-008 3.414781923245737e-008 3.416989449830987e-008 3.419212704877579e-008 3.421480136257548e-008 3.423556581788142e-008 3.425736025895276e-008 3.428154036255188e-008 3.430640395344295e-008 3.433046295234656e-008
3.331416335283614e-008 3.33527186883374e-008 3.339599318643336e-008 3.344038541465736e-008 3.347693882286486e-008 3.350701620161464e-008 3.353465448415598e-008 3.356551824773524e-008 3.359587475834969e-008 3.362019703389382e-008 3.36446501516168e-008 3.367553349365859e-008 3.371063615448983e-008 3.374469421793706e-008 3.37756417540969e-008 3.380350078642559e-008 3.382548484960796e-008 3.384548722616509e-008 3.387293898403026e-008 3.39076173495e-008 3.394176439705968e-008 3.396959497983944e-008 3.399174243053389e-008 3.401567171222351e-008 3.404438144703604e-008 3.40745027708647e-008 3.410379027511621e-008 3.41330665016724e-008 3.416278766738191e-008 3.419165084187278e-008 3.421889007620838e-008 3.424551791134729e-008 3.427232564832342e-008 3.429857938824896e-008 3.43248534019231e-008 3.435476852464337e-008 3.438516993144413e-008 3.441290950062457e-008
3.324157343165903e-008 3.327997283507789e-008 3.332314920436497e-008 3.337216530906964e-008 3.341385835163394e-008 3.344617382731781e-008 3.347351974584547e-008 3.350193239557035e-008 3.352815128683051e-008 3.355279273052565e-008 3.358480651556635e-008 3.36243316733426e-008 3.366747804620199e-008 3.370896252454053e-008 3.374527026621219e-008 3.377528196654975e-008 3.379653083338261e-008 3.381717321784255e-008 3.384709932770485e-008 3.388405360358417e-008 3.392321721990415e-008 3.395868560986793e-008 3.399027138303751e-008 3.402122667334742e-008 3.405412158498379e-008 3.408781089165922e-008 3.412096121805458e-008 3.415479643245664e-008 3.418949537204372e-008 3.422363588480911e-008 3.425604165617763e-008 3.428758990552059e-008 3.431933988944303e-008 3.435061379698987e-008 3.438317631849774e-008 3.442013711904326e-008 3.44516659420066e-008 3.448142021198767e-008
3.315647964790539e-008 3.319644166307413e-008 3.323893925093403e-008 3.328447297306512e-008 3.332470810513206e-008 3.335668930108388e-008 3.338779004986678e-008 3.342215685133388e-008 3.345366703408991e-008 3.348431887160153e-008 3.352047031258736e-008 3.356230317404361e-008 3.360549634704721e-008 3.364767583505282e-008 3.368913461185877e-008 3.372431396539136e-008 3.375135159778354e-008 3.377915498744791e-008 3.381432247337361e-008 3.385451606379536e-008 3.389650857863573e-008 3.393665086971531e-008 3.397552976158602e-008 3.401297068461243e-008 3.405032304875768e-008 3.408804551938201e-008 3.412526496905509e-008 3.416336741431357e-008 3.420411987263976e-008 3.424356961149653e-008 3.428096062863873e-008 3.43176321918474e-008 3.435461234748381e-008 3.439209579295505e-008 3.443093433825888e-008 3.446731448682644e-008 3.450069519971132e-008 3.45337166925899e-008
3.305893710761515e-008 3.310113568957552e-008 3.31445836037861e-008 3.318546221064022e-008 3.321814760559537e-008 3.324753619276903e-008 3.328542442922227e-008 3.332985539503535e-008 3.33712336884482e-008 3.340861610042871e-008 3.344813467593073e-008 3.349063954889841e-008 3.353113497867835e-008 3.357147715778217e-008 3.361545103681616e-008 3.365831132277362e-008 3.369578325786504e-008 3.373191383317478e-008 3.377184126816673e-008 3.381602780812381e-008 3.386061464170512e-008 3.390398485244123e-008 3.394771846913172e-008 3.399087149488346e-008 3.40334060939605e-008 3.407579405700032e-008 3.411777616180316e-008 3.416262553562873e-008 3.420850468013345e-008 3.425044126111966e-008 3.429196908955044e-008 3.433396069530034e-008 3.437626177369649e-008 3.441798517174372e-008 3.445845154096449e-008 3.449723097206756e-008 3.453420701778012e-008 3.456974128108498e-008
3.295008553119761e-008 3.29931524768165e-008 3.303581308517431e-008 3.307451445263957e-008 3.310543724453083e-008 3.313734446855971e-008 3.31790247123862e-008 3.322891832401682e-008 3.32764542654346e-008 3.331975406452382e-008 3.336262329180506e-008 3.340566639203888e-008 3.344738887201452e-008 3.34906837224242e-008 3.353676165477946e-008 3.35829912236525e-008 3.36278856429409e-008 3.367159879767438e-008 3.371684899219528e-008 3.376447115371468e-008 3.381140839601131e-008 3.385868599817847e-008 3.390721554577825e-008 3.3955426794674e-008 3.400354951554202e-008 3.405175180486444e-008 3.410035274131908e-008 3.414938809724621e-008 3.419543084736043e-008 3.424125798012963e-008 3.428752347719155e-008 3.433486920269872e-008 3.438211140657618e-008 3.442727424130802e-008 3.447038017910058e-008 3.451198270025261e-008 3.455074734926325e-008 3.4588562390257e-008
