data/galIOV_gridfiles/galileo_iov_grids/galileo_iovY_q50w27.grd
DSAA
361 181
-180 180
-90 90
-3.597298042502E-008 3.6387678736424E-008
[rows 17 to 33 of 181, columns 195 to 233 of 361]
-2.489868150073995e-009 -2.652861446266996e-009 -2.816836175220839e-009 -2.981996988096611e-009 -3.147796064632516e-009 -3.312779127301179e-009 -3.477484686039212e-009 -3.642433873604671e-009 -3.807304534140673e-009 -3.971939765741316e-009 -4.136427597100847e-009 -4.300467949441051e-009 -4.463748441525746e-009 -4.626655260550475e-009 -4.78932385201242e-009 -4.951375786104078e-009 -5.112208238731617e-009 -5.271593828596231e-009 -5.430111506819843e-009 -5.586230816258287e-009 -5.740900912899733e-009 -5.89525926916523e-009 -6.048518386433454e-009 -6.199376123596056e-009 -6.347286373449574e-009 -6.493563534756013e-009 -6.63781190295335e-009 -6.7801202885596e-009 -6.92264030619005e-009 -7.064488605980263e-009 -7.202508306757277e-009 -7.336033456037574e-009 -7.467438593938383e-009 -7.596927672985959e-009 -7.722781644226608e-009 -7.847933085360409e-009 -7.97212701893572e-009 -8.092296888315994e-009 -8.20926536307403e-009
-2.637757962785726e-009 -2.810916746336227e-009 -2.985028406708132e-009 -3.160482552371508e-009 -3.336545264395876e-009 -3.51246523708914e-009 -3.688881700077767e-009 -3.865740345353347e-009 -4.042477284482185e-009 -4.218594762170948e-009 -4.394148258037153e-009 -4.568570517399706e-009 -4.742507950655797e-009 -4.916721698687114e-009 -5.090979185862322e-009 -5.264209679288946e-009 -5.435936597148707e-009 -5.605693657687915e-009 -5.772684387431778e-009 -5.939219123327419e-009 -6.105135000867258e-009 -6.270157552997932e-009 -6.433646503169232e-009 -6.594936894536072e-009 -6.752827169991986e-009 -6.907410477676671e-009 -7.061879104447596e-009 -7.215686564311813e-009 -7.368723511849791e-009 -7.519918499072517e-009 -7.666765895312351e-009 -7.808450248924257e-009 -7.946899654380904e-009 -8.084931573934434e-009 -8.221532929407135e-009 -8.357194595355584e-009 -8.490050829942838e-009 -8.617452644261049e-009 -8.740276733905777e-009
-2.784802844759996e-009 -2.967991671655656e-009 -3.152407182447223e-009 -3.338420452720754e-009 -3.525162666459127e-009 -3.712407565490106e-009 -3.900604926991373e-009 -4.089603275609017e-009 -4.278306968550092e-009 -4.465640000048315e-009 -4.652120206701354e-009 -4.837973445190722e-009 -5.022593319941127e-009 -5.207914347067427e-009 -5.393400715145873e-009 -5.576973575957629e-009 -5.758820645848784e-009 -5.939389631826442e-009 -6.11743895948403e-009 -6.294341237728143e-009 -6.471232731318289e-009 -6.646379116218192e-009 -6.819121665365766e-009 -6.98995856898036e-009 -7.158733200120609e-009 -7.32525122534139e-009 -7.4908700650785e-009 -7.654382944511244e-009 -7.815419172198233e-009 -7.974379785052015e-009 -8.130187489458259e-009 -8.282759805348828e-009 -8.432331112241325e-009 -8.578870320173354e-009 -8.723070504476758e-009 -8.865870873472389e-009 -9.005853879071495e-009 -9.142137834935926e-009 -9.275056279378993e-009
-2.930500111784257e-009 -3.124093729334753e-009 -3.319240724211056e-009 -3.516027411171079e-009 -3.714478951101348e-009 -3.913331086345547e-009 -4.11322618647832e-009 -4.314153860567637e-009 -4.514530502075983e-009 -4.713043777699976e-009 -4.909671256450126e-009 -5.105929511974656e-009 -5.302495681144499e-009 -5.499524823839534e-009 -5.69592577442666e-009 -5.889828210371832e-009 -6.081400318403502e-009 -6.271893039515317e-009 -6.461367361229795e-009 -6.650263210948356e-009 -6.838241542547299e-009 -7.023580180184587e-009 -7.206082104439199e-009 -7.386103326375143e-009 -7.565337908398246e-009 -7.74450094166502e-009 -7.92166617719219e-009 -8.094198551169777e-009 -8.263169938241566e-009 -8.429794326345548e-009 -8.594684780149999e-009 -8.75855291618102e-009 -8.919567124578116e-009 -9.075095486504313e-009 -9.226496578780043e-009 -9.37583708276021e-009 -9.52335821283561e-009 -9.66954545623677e-009 -9.812155083583918e-009
-3.074926588504405e-009 -3.279691042304722e-009 -3.486219742629295e-009 -3.693746706038826e-009 -3.903329050475666e-009 -4.115120751255436e-009 -4.327122354938635e-009 -4.538786973031964e-009 -4.74989589022796e-009 -4.959386156729839e-009 -5.167754016659209e-009 -5.375779450876591e-009 -5.583411554749643e-009 -5.790661275929661e-009 -5.997115714707955e-009 -6.201687219558472e-009 -6.404396731057485e-009 -6.605777139227138e-009 -6.806331399703807e-009 -7.006227119103475e-009 -7.204189471408941e-009 -7.399985009496825e-009 -7.594603442650884e-009 -7.785810470107839e-009 -7.975212885474307e-009 -8.163955976011448e-009 -8.349733327446516e-009 -8.532260456927993e-009 -8.712027241687397e-009 -8.888283270707783e-009 -9.062548717273563e-009 -9.235183262070674e-009 -9.404344991215015e-009 -9.569460480047911e-009 -9.730729771627341e-009 -9.888994368255084e-009 -1.004526101300297e-008 -1.019884078459808e-008 -1.034799400486306e-008
-3.218564325193153e-009 -3.435133652002858e-009 -3.653691193434665e-009 -3.872910555757723e-009 -4.094216345500245e-009 -4.318733178393795e-009 -4.541720451514083e-009 -4.763014832378293e-009 -4.984320346876045e-009 -5.204833458915385e-009 -5.42548486702735e-009 -5.646067629461142e-009 -5.864318016520068e-009 -6.081276436903319e-009 -6.297600997247e-009 -6.512903285079185e-009 -6.727053629894275e-009 -6.93980992883973e-009 -7.151604682850601e-009 -7.362362734717191e-009 -7.570960101207398e-009 -7.778630389214289e-009 -7.984862932403055e-009 -8.186392856773714e-009 -8.38564784651164e-009 -8.583331432890643e-009 -8.778582072493711e-009 -8.972175067451233e-009 -9.161796006327896e-009 -9.347932005111646e-009 -9.531462377462991e-009 -9.712128294293118e-009 -9.889850744182779e-009 -1.006436216123004e-008 -1.023548042516785e-008 -1.040371264463537e-008 -1.056881069741192e-008 -1.073057177909566e-008 -1.088782632975473e-008
-3.3627522492119e-009 -3.590666081105486e-009 -3.820892101440455e-009 -4.052668100057071e-009 -4.286464937995256e-009 -4.521587545517802e-009 -4.754346484920275e-009 -4.986482870759268e-009 -5.218887591129533e-009 -5.450991468854684e-009 -5.683117359455284e-009 -5.914252555463772e-009 -6.14341312568012e-009 -6.371518157664649e-009 -6.598840733042139e-009 -6.82505629084568e-009 -7.049370632759816e-009 -7.272950893162153e-009 -7.496633288915164e-009 -7.719244543568015e-009 -7.939668847848298e-009 -8.157950566370888e-009 -8.373162120533394e-009 -8.585323737809419e-009 -8.795638872345171e-009 -9.003819180877736e-009 -9.209057618068262e-009 -9.411562479516217e-009 -9.61076407766296e-009 -9.807469227315466e-009 -1.000125411854296e-008 -1.019055399999315e-008 -1.03762072944514e-008 -1.055964864757081e-008 -1.074083385049077e-008 -1.091936231472024e-008 -1.109286895949699e-008 -1.126214894795905e-008 -1.142770911609371e-008
-3.507614901310678e-009 -3.746830003575209e-009 -3.988033650602419e-009 -4.231335096742645e-009 -4.476966317290983e-009 -4.722393196125007e-009 -4.966359723737867e-009 -5.209933505739306e-009 -5.453151546740763e-009 -5.696313249892055e-009 -5.938903611908887e-009 -6.180421138284928e-009 -6.421002841806345e-009 -6.661018719795248e-009 -6.900167555548128e-009 -7.137947739567265e-009 -7.373886999400633e-009 -7.60796219344052e-009 -7.842503360564537e-009 -8.076324944275205e-009 -8.30773590415327e-009 -8.535711179390504e-009 -8.760249399208496e-009 -8.983470376308311e-009 -9.205035372913051e-009 -9.424067355791533e-009 -9.639269505238407e-009 -9.850176751257094e-009 -1.00594921026644e-008 -1.02670311155993e-008 -1.047144378371262e-008 -1.067078980647659e-008 -1.086403515680399e-008 -1.105601306922448e-008 -1.124732069299785e-008 -1.143534601059716e-008 -1.161725901381793e-008 -1.179327841673615e-008 -1.196622560135142e-008
-3.651341478249409e-009 -3.90230238946316e-009 -4.154026399970684e-009 -4.408887815762536e-009 -4.666246228346463e-009 -4.922736859868803e-009 -5.178385623095819e-009 -5.432354384833197e-009 -5.686297169877847e-009 -5.940357500642406e-009 -6.193553622896325e-009 -6.4457988094838e-009 -6.69779064710622e-009 -6.950067651686664e-009 -7.200828299905857e-009 -7.449705385905304e-009 -7.697233908480632e-009 -7.943081680432053e-009 -8.188922651100843e-009 -8.432643069132318e-009 -8.673675482591992e-009 -8.912082275274789e-009 -9.147945417238453e-009 -9.381985765946718e-009 -9.613440474328704e-009 -9.842060522236302e-009 -1.00673953383583e-008 -1.028982548412951e-008 -1.050939250514322e-008 -1.072603169024683e-008 -1.093918134935369e-008 -1.114821334194536e-008 -1.135318122986974e-008 -1.155457745665144e-008 -1.175373410886612e-008 -1.194881226913831e-008 -1.213907785246983e-008 -1.232573934677739e-008 -1.250759442914486e-008
-3.792298336649581e-009 -4.055234904695605e-009 -4.319075874203473e-009 -4.586552484761228e-009 -4.854966321774881e-009 -5.120927359366478e-009 -5.38677365133037e-009 -5.652243014979512e-009 -5.917987582497628e-009 -6.183110306349417e-009 -6.447154700809888e-009 -6.710488683419013e-009 -6.974471100458239e-009 -7.239016108959778e-009 -7.500438879089182e-009 -7.759626935622859e-009 -8.017902434129469e-009 -8.276870685101066e-009 -8.534951934586926e-009 -8.787872699571906e-009 -9.037998656416417e-009 -9.286756239953802e-009 -9.534859101114643e-009 -9.779698518090632e-009 -1.002066542436551e-008 -1.025890790543251e-008 -1.049481017450599e-008 -1.072920162620551e-008 -1.095861367302213e-008 -1.118421518600676e-008 -1.14062010491137e-008 -1.162526688826976e-008 -1.184123423621346e-008 -1.205207449128496e-008 -1.225949165825259e-008 -1.246285836634712e-008 -1.266325026558276e-008 -1.285860249837654e-008 -1.304885420929588e-008
-3.93245830026588e-009 -4.206430431336675e-009 -4.483473252477537e-009 -4.763020700975634e-009 -5.041510927571975e-009 -5.317451296453819e-009 -5.593777193892091e-009 -5.870855968851984e-009 -6.1478316216872e-009 -6.423735465522078e-009 -6.699192138498353e-009 -6.97479094617354e-009 -7.25062339121342e-009 -7.525234113234774e-009 -7.79721310564523e-009 -8.068036162770849e-009 -8.338545391719689e-009 -8.608872935348484e-009 -8.876675095208612e-009 -9.140135160388535e-009 -9.401508588107672e-009 -9.661533520695565e-009 -9.919449385465861e-009 -1.017405545510127e-008 -1.042600988098174e-008 -1.067564339607735e-008 -1.092223144495636e-008 -1.116541036058316e-008 -1.140474740496865e-008 -1.164162331061676e-008 -1.18742238560182e-008 -1.210174819863713e-008 -1.232582862789395e-008 -1.254703957692251e-008 -1.276495758289105e-008 -1.29771490647475e-008 -1.31850541233231e-008 -1.338835229258899e-008 -1.358866534154653e-008
-4.075583301014913e-009 -4.359623298803126e-009 -4.646572845670513e-009 -4.936179133352894e-009 -5.224468228233234e-009 -5.511485021192591e-009 -5.799075566749601e-009 -6.0876044842132e-009 -6.375727807273821e-009 -6.662775992015119e-009 -6.949653150690092e-009 -7.237049551139445e-009 -7.523996136036069e-009 -7.808782223356491e-009 -8.091763017638607e-009 -8.374218889907498e-009 -8.65615161175697e-009 -8.935999684516876e-009 -9.213632227893431e-009 -9.489030004449086e-009 -9.762669677251104e-009 -1.00339296478086e-008 -1.030164101455915e-008 -1.056638200216954e-008 -1.082968823476604e-008 -1.10906534141504e-008 -1.134719190001942e-008 -1.159928333229463e-008 -1.184936899511835e-008 -1.209816016522041e-008 -1.234173518062495e-008 -1.257750850228694e-008 -1.280950197741757e-008 -1.30412935580903e-008 -1.326912747989302e-008 -1.348956188259373e-008 -1.37041038011466e-008 -1.391681421756665e-008 -1.412755132427555e-008
-4.218186197140242e-009 -4.511480315523248e-009 -4.808305697766958e-009 -5.107564168573605e-009 -5.406199750592609e-009 -5.703837968525722e-009 -6.002490431193412e-009 -6.302338564456705e-009 -6.601908803798212e-009 -6.899939359076856e-009 -7.198412785287906e-009 -7.497189525427046e-009 -7.794860722416803e-009 -8.090342990747932e-009 -8.384552346405754e-009 -8.678282103123071e-009 -8.970783766143503e-009 -9.260566362803276e-009 -9.548804859373033e-009 -9.836315795262187e-009 -1.012139713015829e-008 -1.040297874182304e-008 -1.068134239304354e-008 -1.095772638297672e-008 -1.123167615393669e-008 -1.15022828662244e-008 -1.176841356429762e-008 -1.2032014856799e-008 -1.229307600626466e-008 -1.25513433991817e-008 -1.280372647827837e-008 -1.30506032672015e-008 -1.329324777270709e-008 -1.35335159072546e-008 -1.376803324944639e-008 -1.399752445389805e-008 -1.422269838590328e-008 -1.444439094695899e-008 -1.466120913554651e-008
-4.356359800405281e-009 -4.661514438025888e-009 -4.969303176390397e-009 -5.277142241528732e-009 -5.586070031365599e-009 -5.894794987394237e-009 -6.204163085011897e-009 -6.514641490475276e-009 -6.825916500944992e-009 -7.135892579203935e-009 -7.446601012174393e-009 -7.755255942275351e-009 -8.063004070821482e-009 -8.369600202074744e-009 -8.675812868433161e-009 -8.980027002211109e-009 -9.282994050268452e-009 -9.584288380239899e-009 -9.884614869377982e-009 -1.018228795265107e-008 -1.04777631460373e-008 -1.077033649673988e-008 -1.106045492914132e-008 -1.134720341465748e-008 -1.163109607411122e-008 -1.19120681318844e-008 -1.218945452268848e-008 -1.246297681616211e-008 -1.273368549433029e-008 -1.300109574735046e-008 -1.326313065287119e-008 -1.3519941302044e-008 -1.37730583111511e-008 -1.40228411689631e-008 -1.426701323858735e-008 -1.450438230245214e-008 -1.473797799237254e-008 -1.49679306480005e-008 -1.519201746942052e-008
-4.493066581914018e-009 -4.810457745459173e-009 -5.127826655813906e-009 -5.444907973434208e-009 -5.764049535077087e-009 -6.083873486414292e-009 -6.403512489094231e-009 -6.724752420687789e-009 -7.048367593186425e-009 -7.370753190390956e-009 -7.691528458070912e-009 -8.01020836844505e-009 -8.328770722059776e-009 -8.646975200964479e-009 -8.963826904661037e-009 -9.278326043942887e-009 -9.592375338456493e-009 -9.905924243587733e-009 -1.021699766212262e-008 -1.052483172581735e-008 -1.083149016611398e-008 -1.113542136093923e-008 -1.143612964964827e-008 -1.173280486364474e-008 -1.202725300909111e-008 -1.231896247505314e-008 -1.260669593926256e-008 -1.288998049830637e-008 -1.317064053138243e-008 -1.344739942769989e-008 -1.371886957630586e-008 -1.39855528491434e-008 -1.424856255739795e-008 -1.450740215880822e-008 -1.476072693090432e-008 -1.500734984931107e-008 -1.524920143921653e-008 -1.548654180282663e-008 -1.571792268847259e-008
-4.629004181178184e-009 -4.955158349344256e-009 -5.282554982647096e-009 -5.610627709194932e-009 -5.940076548510662e-009 -6.270412509654152e-009 -6.601635539643341e-009 -6.934996850916639e-009 -7.269588091764887e-009 -7.601150259029292e-009 -7.931854405307392e-009 -8.261928079803793e-009 -8.591290679818385e-009 -8.919750195760103e-009 -9.247178335237574e-009 -9.573082253891901e-009 -9.897789179362095e-009 -1.022208329528721e-008 -1.054437556368675e-008 -1.086483307449267e-008 -1.118209726722369e-008 -1.149571139535412e-008 -1.180639911070632e-008 -1.211466434308375e-008 -1.241940487676598e-008 -1.272095895313438e-008 -1.30187749979352e-008 -1.331372567303002e-008 -1.360367840043241e-008 -1.388937168244294e-008 -1.417058924288456e-008 -1.444808230331242e-008 -1.47195778355163e-008 -1.498643472119786e-008 -1.524826120705755e-008 -1.55049102718846e-008 -1.575562976683939e-008 -1.600099610648932e-008 -1.624098182353459e-008
-4.762915322937362e-009 -5.097828186915268e-009 -5.435008975602032e-009 -5.774320165751716e-009 -6.113745913005036e-009 -6.45416376530174e-009 -6.79783412628963e-009 -7.143095802930563e-009 -7.487170872738828e-009 -7.828448388685458e-009 -8.169689032123943e-009 -8.510514481338511e-009 -8.850107253715513e-009 -9.189221932490233e-009 -9.527825644386801e-009 -9.864478795108481e-009 -1.019925498355831e-008 -1.053476537902103e-008 -1.086935299466594e-008 -1.120078272000979e-008 -1.152771948762712e-008 -1.185253380346805e-008 -1.217412944049686e-008 -1.249180496222825e-008 -1.280650255976054e-008 -1.311944883059279e-008 -1.3428005940979e-008 -1.37318842350858e-008 -1.403143132637845e-008 -1.432764098240321e-008 -1.461870307377583e-008 -1.490453099547799e-008 -1.518510037438924e-008 -1.54611861703829e-008 -1.573188498573669e-008 -1.599666807329357e-008 -1.625699303394618e-008 -1.651122435069195e-008 -1.675902980234796e-008
